label_id	anchor_x	anchor_y	anchor_z	bb_min_x	bb_min_y	bb_min_z	bb_max_x	bb_max_y	bb_max_z	n_pixels
0.0	135.8016354989483	128.30594060398195	143.87740758584442	0.0	0.0	0.0	274.45000000000005	258.5	284.90000000000003	114993501.0
1.0	186.57539308176135	166.9431603773586	19.25605345911949	180.95000000000002	161.70000000000002	17.6	192.50000000000003	171.05	22.0	636.0
2.0	196.36000000000007	193.0449999999999	28.506666666666668	177.10000000000002	157.3	23.1	233.20000000000002	212.85000000000002	34.1	660.0
3.0	122.89995353159851	80.35724907063201	236.10130111524165	66.55000000000001	48.400000000000006	229.35000000000002	149.05	142.45000000000002	248.05	1076.0
4.0	130.07840390879485	114.37527687296415	170.52938110749184	86.35000000000001	66.55000000000001	163.9	171.60000000000002	173.25	176.55	1535.0
5.0	208.31821086261994	188.8977635782747	37.505431309904154	183.15	160.60000000000002	29.700000000000003	235.4	215.60000000000002	44.0	626.0
6.0	234.7933823529412	164.8786764705882	37.41964285714286	231.55	161.70000000000002	32.45	237.60000000000002	168.3	42.900000000000006	476.0
7.0	113.65295275590556	110.40780839895014	178.9463254593176	97.35000000000001	86.9	172.15	132.0	127.60000000000001	184.8	762.0
8.0	151.50948225712608	146.74025596276874	50.747178592204776	133.65	118.80000000000001	43.45	176.0	171.60000000000002	57.75000000000001	1719.0
9.0	144.39052419354837	79.80322580645165	152.49193548387098	141.35000000000002	77.0	150.15	147.4	83.05000000000001	155.65	248.0
10.0	139.76664110429462	116.02947341513297	168.83228527607363	76.45	53.900000000000006	160.05	192.50000000000003	188.10000000000002	178.20000000000002	1956.0
11.0	155.76300546448098	90.69950819672121	162.3575956284153	76.45	48.400000000000006	157.3	189.75000000000003	189.20000000000002	169.95000000000002	915.0
12.0	111.6817307692307	89.08545673076917	254.3736778846154	105.05000000000001	84.15	249.15000000000003	118.25000000000001	95.15	260.70000000000005	1248.0
13.0	114.13169677926159	92.17749410840528	256.3565985860173	107.80000000000001	88.0	249.15000000000003	120.45	100.65	262.35	1273.0
14.0	165.0654320987655	175.13086419753103	19.03765432098764	144.10000000000002	124.30000000000001	15.400000000000002	206.25000000000003	195.25000000000003	22.55	891.0
15.0	213.5995502248876	141.92226386806607	99.22428785607198	211.75000000000003	135.3	95.15	215.60000000000002	149.05	103.95	667.0
16.0	108.07133333333336	90.49479999999991	238.33333333333334	104.50000000000001	85.80000000000001	233.75000000000003	111.65	95.7	240.9	375.0
17.0	111.9331892411143	89.78366954851101	250.2780019212296	103.4	84.15	246.95000000000002	118.80000000000001	97.9	254.10000000000002	1041.0
18.0	179.37448979591838	167.05612244897978	68.32244897959184	155.65	134.20000000000002	64.35000000000001	206.25000000000003	195.25000000000003	72.60000000000001	539.0
19.0	114.3174392935981	150.17064017660041	158.03636865342165	79.2	63.25000000000001	153.45000000000002	186.45000000000002	193.60000000000002	161.70000000000002	906.0
20.0	148.8401919866443	72.8984140233723	198.67992487479134	63.800000000000004	44.550000000000004	150.70000000000002	188.65	144.10000000000002	238.70000000000002	1198.0
21.0	178.66999085086943	182.3780878316562	182.75196706312903	174.9	178.75000000000003	165.0	184.25000000000003	188.10000000000002	194.70000000000002	1093.0
22.0	155.70257809559646	147.02450131727502	249.28082423786228	148.5	131.45000000000002	238.70000000000002	161.15	156.75	260.15000000000003	2657.0
23.0	93.237982832618	145.95418454935609	156.79839055793994	91.30000000000001	139.70000000000002	153.45000000000002	95.7	151.8	160.60000000000002	466.0
24.0	138.00514780835877	121.06279306829755	163.2353465851172	70.95	50.050000000000004	155.65	193.60000000000002	200.20000000000002	169.95000000000002	1962.0
25.0	120.35905511811026	119.4568241469817	252.76614173228347	83.60000000000001	66.55000000000001	235.95000000000002	171.60000000000002	150.70000000000002	267.3	1905.0
26.0	108.50700800915337	84.90640732265443	235.34839816933635	88.0	67.10000000000001	229.35000000000002	122.10000000000001	105.60000000000001	240.35000000000002	1748.0
27.0	116.2123720136519	87.78788395904436	231.69735494880547	112.75000000000001	84.7	226.60000000000002	120.45	90.2	236.50000000000003	586.0
28.0	150.57906432748553	139.6890643274854	60.90333333333333	146.85000000000002	136.4	57.2	157.3	145.20000000000002	64.35000000000001	855.0
29.0	170.95576606260298	151.56350906095548	35.11935749588138	167.20000000000002	141.35000000000002	31.900000000000002	175.45000000000002	158.95000000000002	39.050000000000004	607.0
30.0	152.32205542725163	140.77396073902992	59.481928406466515	149.05	136.95000000000002	55.550000000000004	156.20000000000002	145.20000000000002	64.35000000000001	866.0
31.0	167.9434436274511	152.9680759803922	34.90343137254902	160.60000000000002	143.55	32.45	173.8	160.05	37.95	816.0
32.0	105.78043478260875	94.50144927536222	235.0210144927537	97.9	83.05000000000001	229.35000000000002	117.15	102.85000000000001	239.25000000000003	759.0
33.0	108.3923076923077	89.67688301282057	247.08661858974364	100.10000000000001	81.4	243.10000000000002	117.15	96.80000000000001	251.35000000000002	1248.0
34.0	107.35583783783787	86.25248648648656	247.34540540540542	102.30000000000001	82.5	243.65	112.75000000000001	90.75000000000001	250.8	925.0
35.0	108.38371116708643	88.92682619647358	248.71406381192276	100.10000000000001	81.4	244.20000000000002	118.80000000000001	97.35000000000001	253.00000000000003	1191.0
36.0	109.50660377358484	136.33207547169812	171.95660377358496	83.60000000000001	63.800000000000004	164.45000000000002	171.60000000000002	173.25	176.55	1166.0
37.0	117.28863905325446	145.9420118343195	155.08502958579885	77.55000000000001	57.75000000000001	147.4	185.9	192.50000000000003	160.05	845.0
38.0	146.68666666666667	48.097777777777765	226.48222222222225	144.65	41.800000000000004	223.3	148.5	56.1	229.35000000000002	495.0
39.0	157.42100000000002	124.92911538461534	183.65346153846156	136.4	75.35000000000001	172.15	180.95000000000002	185.9	191.95000000000002	1300.0
40.0	204.91205673758836	151.14890661938563	145.1232860520095	200.20000000000002	145.75	137.5	208.45000000000002	158.4	151.8	1692.0
41.0	199.4306922196793	169.01566075514862	148.85397597254004	179.3	151.25	143.0	210.10000000000002	187.55	155.10000000000002	3496.0
42.0	133.58672566371686	138.64988938053102	108.14435840707965	115.50000000000001	98.45	103.95	163.35000000000002	160.60000000000002	112.75000000000001	452.0
43.0	88.17790432801826	117.12870159453304	206.98041002277904	84.15	114.4	200.75000000000003	92.95	119.35000000000001	214.50000000000003	439.0
44.0	122.45694842406873	114.51149713467038	165.05042979942698	117.7	110.00000000000001	156.20000000000002	129.8	123.20000000000002	175.45000000000002	1396.0
45.0	119.52588832487315	113.73972081218277	172.0983502538071	117.15	108.9	163.9	122.10000000000001	121.00000000000001	179.3	394.0
46.0	123.17274774774778	117.23485360360358	164.62280405405403	117.7	110.55000000000001	158.4	130.35000000000002	124.85000000000001	175.45000000000002	888.0
47.0	124.4836872586873	84.38146718146714	203.23137065637067	115.50000000000001	78.65	165.0	135.3	88.55000000000001	228.25000000000003	518.0
48.0	166.67784810126577	149.05107108081785	33.51304771178189	155.10000000000002	139.15	30.250000000000004	172.15	157.85000000000002	36.300000000000004	1027.0
49.0	186.82505851755525	163.80401820546166	185.53237971391417	169.95000000000002	132.55	144.65	210.10000000000002	189.75000000000003	239.25000000000003	3845.0
50.0	138.41288150807918	120.80745062836624	169.2306552962298	79.2	58.85	161.70000000000002	186.45000000000002	191.95000000000002	176.0	1114.0
51.0	126.98231424148618	128.50928792569658	172.4386222910217	87.45	64.35000000000001	166.10000000000002	178.75000000000003	184.8	177.65	1292.0
52.0	141.0067853170187	114.46301446051164	171.4011679644049	84.7	61.050000000000004	162.8	181.50000000000003	186.45000000000002	178.75000000000003	899.0
53.0	182.27355152587376	163.05055285272022	200.3736842105263	173.8	144.10000000000002	188.10000000000002	189.20000000000002	183.70000000000002	216.15	2261.0
54.0	184.90931499740535	150.64006227296292	177.99021795537104	145.20000000000002	133.10000000000002	81.95	195.8	163.35000000000002	204.60000000000002	1927.0
55.0	202.58238341968905	181.6778238341968	106.93139896373057	189.75000000000003	158.95000000000002	101.2	218.35000000000002	201.85000000000002	112.2	965.0
56.0	103.21761954261946	93.01632016632016	237.9058731808732	84.15	71.5	234.3	123.20000000000002	108.35000000000001	242.00000000000003	962.0
57.0	150.01042296072538	145.12107250755298	108.79697885196376	113.85000000000001	91.85000000000001	105.60000000000001	195.8	189.75000000000003	112.2	662.0
58.0	135.7393292682927	132.99939024390244	128.96158536585367	133.65	130.35000000000002	125.4	138.05	135.85000000000002	132.0	164.0
59.0	110.10476190476187	93.82795031055905	232.7536231884058	104.50000000000001	90.2	227.70000000000002	115.50000000000001	100.10000000000001	237.60000000000002	483.0
60.0	107.37588028169019	90.85199530516421	236.95575117370896	100.65	84.15	232.65	113.85000000000001	98.45	240.35000000000002	1704.0
61.0	174.83290203327167	120.03724584103513	72.59186691312385	172.15	116.60000000000001	67.10000000000001	177.65	123.75000000000001	75.9	541.0
62.0	108.39365079365066	118.25557760141095	217.71682098765433	66.0	46.75000000000001	166.65	156.20000000000002	205.70000000000002	252.45000000000002	2268.0
63.0	155.069669117647	128.6514705882353	258.667830882353	141.9	115.50000000000001	249.15000000000003	174.35000000000002	146.3	264.0	544.0
64.0	193.92864197530858	173.45370370370355	166.00629629629628	189.75000000000003	167.75	159.5	198.55	181.50000000000003	174.9	405.0
65.0	214.89306282722512	176.05759162303653	113.10346858638745	211.20000000000002	168.85000000000002	106.7	219.45000000000002	182.05	118.80000000000001	764.0
66.0	149.97347161572065	146.40687772925753	35.003056768558956	128.70000000000002	110.55000000000001	30.800000000000004	182.60000000000002	176.55	38.5	916.0
67.0	103.93569687119061	91.63500609508363	232.5652986590817	90.75000000000001	74.25	226.60000000000002	119.9	106.15	239.8	2461.0
68.0	132.53390489254687	124.78536808413352	134.47261088248743	116.60000000000001	108.35000000000001	100.65	146.3	133.10000000000002	188.10000000000002	2187.0
69.0	132.47574041811848	122.25043554006972	128.44368466898956	108.9	96.25000000000001	104.50000000000001	143.55	131.45000000000002	171.05	1148.0
70.0	133.08247687564233	125.01279547790341	126.98273381294965	116.60000000000001	109.45	112.2	157.85000000000002	145.20000000000002	177.10000000000002	973.0
71.0	105.0984	139.38173333333336	145.9289333333334	86.9	119.35000000000001	88.55000000000001	121.55000000000001	158.95000000000002	206.25000000000003	750.0
72.0	126.17827459231991	131.94213571804315	163.65668069437135	73.15	46.2	154.55	188.65	195.8	173.8	1901.0
73.0	96.65029585798816	104.16587771203156	237.57559171597634	62.150000000000006	43.45	228.25000000000003	147.4	140.8	244.75000000000003	1014.0
74.0	104.36795016987553	95.50254813137022	237.07553793884492	59.95	45.1	226.05	148.5	141.9	245.85000000000002	883.0
75.0	204.26999999999995	129.8257142857143	21.744285714285695	201.3	125.95000000000002	18.150000000000002	208.45000000000002	134.20000000000002	24.200000000000003	385.0
76.0	175.7549999999998	149.38839285714317	219.55160714285714	165.55	129.8	151.25	204.60000000000002	181.50000000000003	248.05	3080.0
77.0	146.15323581560298	140.20709219858173	257.37269503546105	140.25	129.8	250.25000000000003	150.70000000000002	152.35000000000002	261.25	1128.0
78.0	211.75962099125366	176.68309037900872	115.48556851311955	209.00000000000003	173.8	111.65	214.50000000000003	179.85000000000002	118.25000000000001	343.0
79.0	96.35230202578262	109.3304788213628	230.4145488029466	93.50000000000001	102.85000000000001	225.50000000000003	99.00000000000001	114.95	233.75000000000003	543.0
80.0	146.60252572497677	145.26328344246951	38.01276894293733	135.3	125.95000000000002	33.0	166.65	162.8	42.900000000000006	1069.0
81.0	124.31157525510206	108.0202806122449	176.29464285714286	87.45	68.75	170.5	163.35000000000002	165.55	184.25000000000003	1568.0
82.0	110.34668032786885	127.26864754098357	164.66323770491803	94.05000000000001	80.30000000000001	91.85000000000001	136.95000000000002	167.20000000000002	190.85000000000002	1220.0
83.0	122.88866231647633	116.48784665579119	168.95048939641111	119.9	113.30000000000001	160.60000000000002	126.50000000000001	122.65	178.20000000000002	613.0
84.0	138.64539682539683	167.54920634920646	70.44539682539683	134.20000000000002	162.8	61.60000000000001	144.65	171.60000000000002	78.65	1260.0
85.0	199.0329949238579	187.6328257191203	94.88756345177666	194.70000000000002	184.25000000000003	90.75000000000001	202.95000000000002	190.85000000000002	99.00000000000001	591.0
86.0	192.30982587064673	163.64461028192372	80.52620232172471	167.75	144.10000000000002	74.80000000000001	209.00000000000003	194.15	89.10000000000001	1206.0
87.0	130.85263548626585	110.68719376391974	212.55070527097254	75.35000000000001	59.400000000000006	200.75000000000003	187.00000000000003	146.3	229.35000000000002	1347.0
88.0	144.43396584440242	130.0071631878558	109.35241935483872	135.3	122.65	82.5	150.70000000000002	139.70000000000002	123.75000000000001	1054.0
89.0	112.00650095602295	83.01214149139577	202.29588910133847	81.4	69.30000000000001	196.9	122.65	116.60000000000001	207.35000000000002	523.0
90.0	125.62627013630714	139.70340768277572	154.73537794299878	79.75	54.45	149.05	189.75000000000003	195.25000000000003	160.60000000000002	807.0
91.0	152.30101319509893	69.84688972667294	189.89281338360038	84.15	42.900000000000006	142.45000000000002	193.60000000000002	152.9	224.4	2122.0
92.0	153.006324582339	72.89140811455853	198.67863961813845	148.5	68.75	194.70000000000002	156.75	76.45	202.4	419.0
93.0	148.42628865979393	142.49512457044702	38.25642182130584	137.5	126.50000000000001	31.900000000000002	165.0	158.4	46.2	2328.0
94.0	103.33269230769204	103.46692307692317	221.78769230769234	61.050000000000004	45.1	208.45000000000002	152.9	151.25	232.10000000000002	1430.0
95.0	144.98153928955875	142.94967707212083	38.381001076426266	134.20000000000002	132.55	31.900000000000002	154.55	157.85000000000002	42.900000000000006	929.0
96.0	196.4546517064049	154.95189340813454	166.59934548854605	167.20000000000002	130.9	138.05	213.4	200.75000000000003	226.05	2139.0
97.0	162.96705882352947	186.34470588235288	194.57117647058826	149.05	157.3	163.35000000000002	179.85000000000002	207.35000000000002	248.60000000000002	935.0
98.0	113.43531026908285	136.86331685886876	189.28607907743	74.25	63.800000000000004	140.25	185.9	191.95000000000002	231.00000000000003	1821.0
99.0	110.38040345821324	120.73561959654177	191.68974063400577	82.5	70.95	129.25	127.60000000000001	162.25	231.00000000000003	1735.0
100.0	146.48644067796624	146.3475423728815	37.293728813559326	135.85000000000002	123.75000000000001	34.1	166.65	163.35000000000002	42.900000000000006	590.0
101.0	129.79091743119267	102.74302752293573	170.4021100917431	126.50000000000001	98.45	168.3	133.10000000000002	107.25000000000001	173.8	545.0
102.0	110.31707193515709	94.83515704154016	234.36742654508615	94.60000000000001	83.05000000000001	227.70000000000002	125.4	110.00000000000001	240.35000000000002	987.0
103.0	106.31255841121498	96.69526869158885	238.84521028037386	96.80000000000001	78.65	233.75000000000003	123.20000000000002	107.25000000000001	242.55	856.0
104.0	123.22364864864865	114.21283783783785	174.18310810810814	114.95	105.60000000000001	160.60000000000002	130.9	121.55000000000001	195.25000000000003	814.0
105.0	121.13558823529408	112.16323529411765	181.85911764705884	117.15	106.7	169.95000000000002	124.85000000000001	118.25000000000001	193.05	1870.0
106.0	211.45000000000002	161.45526315789462	124.33105263157898	208.45000000000002	151.8	119.35000000000001	214.50000000000003	168.85000000000002	130.35000000000002	1045.0
107.0	204.72098408104213	175.31906657018828	126.1454052098409	189.20000000000002	162.8	120.45	212.3	196.35000000000002	135.85000000000002	1382.0
108.0	151.29095744680836	151.90336879432638	41.476241134751774	128.70000000000002	110.55000000000001	37.400000000000006	185.9	180.95000000000002	46.75000000000001	282.0
109.0	164.49260563380284	178.1286217303823	208.37198189134813	158.95000000000002	171.60000000000002	203.50000000000003	170.5	184.25000000000003	213.95000000000002	994.0
110.0	106.31430940535421	114.63441127694857	218.12523098791758	75.9	59.95	162.8	179.3	186.45000000000002	249.15000000000003	4221.0
111.0	169.38306159420296	97.98037439613532	153.29323671497585	72.05000000000001	44.550000000000004	146.3	212.3	215.60000000000002	161.70000000000002	1656.0
112.0	161.99969387755067	36.44198979591841	235.65704081632654	156.75	32.45	229.35000000000002	167.20000000000002	41.25	242.00000000000003	980.0
113.0	68.78490566037733	155.89622641509433	245.16509433962264	63.800000000000004	152.35000000000002	240.35000000000002	74.25	158.95000000000002	248.60000000000002	583.0
114.0	147.83518687329075	90.19573837739284	193.9883090246126	68.75	45.1	139.70000000000002	202.4	155.65	237.05	2194.0
115.0	164.23109452736318	50.1751865671642	217.83694029850747	157.85000000000002	42.35	213.95000000000002	167.75	57.75000000000001	222.75000000000003	804.0
116.0	150.20389884088544	135.28609062170707	35.24723393045311	135.3	119.35000000000001	30.250000000000004	167.75	159.5	41.800000000000004	1898.0
117.0	208.5146303501946	172.7693385214008	139.96922178988328	187.00000000000003	156.20000000000002	130.9	220.00000000000003	202.4	151.8	1285.0
118.0	207.88472222222208	151.73768274853785	145.64868421052637	204.05	144.65	139.15	212.3	162.8	151.25	1368.0
119.0	204.46422764227646	139.81138211382114	148.31016260162602	201.85000000000002	133.65	141.35000000000002	207.9	145.75	155.65	1353.0
120.0	209.1307983193278	139.6953781512605	135.3249579831933	205.15	132.0	127.05000000000001	212.85000000000002	145.20000000000002	142.45000000000002	1190.0
121.0	192.9235025148605	183.92935528120682	134.02043895747602	166.65	152.9	128.15	217.8	203.50000000000003	139.15	2187.0
122.0	190.3331325301206	195.06313253012058	144.93626506024097	184.25000000000003	187.55	140.8	196.9	200.20000000000002	147.95000000000002	830.0
123.0	182.86894273127763	180.3376966645691	164.50226557583386	161.15	138.05	157.85000000000002	210.10000000000002	206.8	171.05	1589.0
124.0	118.50256983240227	104.52212290502794	235.52659217877098	67.65	45.1	222.20000000000002	169.95000000000002	161.70000000000002	249.70000000000002	895.0
125.0	153.31933701657476	103.70386740331485	108.19806629834255	149.05	101.75000000000001	105.05000000000001	157.85000000000002	106.7	111.10000000000001	362.0
126.0	110.5233208955224	90.39393656716416	215.54151119402988	85.80000000000001	73.15	207.9	125.4	118.80000000000001	221.65	1072.0
127.0	93.9958424507659	146.59726477024049	160.43752735229762	92.4	141.35000000000002	154.0	96.25000000000001	151.8	164.45000000000002	457.0
128.0	90.45333333333339	112.08222222222223	217.92777777777778	85.25	109.45	215.05	95.15	116.05000000000001	222.20000000000002	495.0
129.0	136.09941107184923	123.44066548881038	120.54425795053007	113.30000000000001	93.50000000000001	114.4	157.3	152.9	134.20000000000002	1698.0
130.0	143.8359561752989	133.76503984063746	94.88376494023905	140.8	131.45000000000002	89.10000000000001	146.85000000000002	136.4	100.10000000000001	502.0
131.0	154.50707317073181	141.42243902439034	102.91506097560976	145.75	130.9	95.7	167.20000000000002	153.45000000000002	110.55000000000001	820.0
132.0	144.6225761772853	125.88296398891967	109.63130193905818	140.25	121.55000000000001	103.95	147.95000000000002	130.35000000000002	114.4	361.0
133.0	193.82742214532882	182.14230103806264	148.11937716262977	189.75000000000003	179.85000000000002	141.9	198.00000000000003	186.45000000000002	156.75	578.0
134.0	194.04504337050798	151.4421933085501	192.246468401487	189.75000000000003	141.9	179.85000000000002	198.55	163.35000000000002	198.55	807.0
135.0	179.41119402985078	199.49253731343276	117.2223880597015	172.15	195.8	113.30000000000001	185.9	203.50000000000003	122.65	737.0
136.0	149.91631165919284	139.1130044843049	56.84669282511213	144.10000000000002	134.75	53.35	156.20000000000002	145.75	60.50000000000001	892.0
137.0	150.05795918367355	148.20142857142886	45.01020408163265	133.10000000000002	118.25000000000001	40.7	178.20000000000002	170.5	48.95	735.0
138.0	125.27578328981724	113.25548302872065	193.89007832898176	87.45	61.60000000000001	174.35000000000002	162.25	170.5	212.3	766.0
139.0	135.37970491803293	124.54506557377054	174.69677049180328	78.65	59.95	139.70000000000002	189.20000000000002	194.70000000000002	229.35000000000002	3050.0
140.0	174.35479651162788	120.61707848837214	64.95116279069768	170.5	117.15	50.6	179.3	124.85000000000001	79.2	688.0
141.0	114.66227573182249	111.80217186024551	180.74225684608123	97.35000000000001	84.7	172.15	134.75	129.8	186.45000000000002	1059.0
142.0	151.34884583676848	137.48004946413852	42.904080791426225	143.0	127.60000000000001	35.75	159.5	145.20000000000002	48.400000000000006	1213.0
143.0	130.0031407035176	98.39886934673368	181.39082914572867	127.05000000000001	95.15	177.10000000000002	134.20000000000002	102.85000000000001	186.45000000000002	398.0
144.0	147.47782470960922	123.26272439281944	131.73109820485746	119.9	100.65	126.50000000000001	163.9	159.5	135.85000000000002	947.0
145.0	121.80229905865316	113.8444243301955	176.1841962346126	112.75000000000001	105.60000000000001	165.0	133.10000000000002	125.95000000000002	193.05	2762.0
146.0	201.65619047619057	169.80857142857144	145.00386243386245	191.95000000000002	138.05	120.45	209.00000000000003	199.65	168.3	945.0
147.0	136.88517495395925	78.82421731123377	219.33182934315533	63.800000000000004	42.35	211.20000000000002	168.3	159.5	234.3	1629.0
148.0	212.48333333333332	171.40106382978732	123.81387411347518	209.00000000000003	164.45000000000002	118.80000000000001	216.15	176.55	129.8	1128.0
149.0	149.25351681957193	67.28501529051988	204.19969418960247	145.75	63.25000000000001	200.75000000000003	152.35000000000002	70.4	206.8	327.0
150.0	122.5322363203805	88.36361353423203	236.54390695215434	57.75000000000001	35.2	217.8	168.3	160.60000000000002	257.95000000000005	3783.0
151.0	123.16761729530818	82.10482980680773	224.9864305427783	70.4	51.150000000000006	197.45000000000002	155.65	130.9	246.40000000000003	1087.0
152.0	146.08498583569417	67.24334277620397	200.4103399433428	142.45000000000002	64.35000000000001	198.00000000000003	150.15	69.85000000000001	202.4	353.0
153.0	201.67729468599032	179.83178053830218	142.36080055210493	179.85000000000002	158.4	136.95000000000002	218.35000000000002	201.85000000000002	150.15	1449.0
154.0	191.51249421564097	176.39856547894516	159.708954187876	164.45000000000002	141.9	150.15	212.3	205.70000000000002	169.4	2161.0
155.0	174.82589201877937	176.5807276995305	190.14377934272304	154.0	159.5	144.10000000000002	196.35000000000002	195.8	242.00000000000003	2130.0
156.0	170.63328883304544	165.0638369718863	213.01473221297317	155.65	138.60000000000002	143.55	197.45000000000002	193.05	240.35000000000002	6367.0
157.0	181.8379955947137	188.58427863436134	159.83345264317185	169.95000000000002	162.25	153.45000000000002	198.00000000000003	200.20000000000002	172.70000000000002	1816.0
158.0	193.81066140177717	176.74708785784787	161.3210266535045	179.3	158.4	155.10000000000002	206.25000000000003	193.60000000000002	168.3	1013.0
159.0	141.33946360153251	129.59137931034485	106.79904214559387	139.15	127.60000000000001	103.4	144.10000000000002	131.45000000000002	111.65	261.0
160.0	207.2298850574712	138.57945402298867	137.94173850574714	194.70000000000002	130.35000000000002	92.95	216.15	149.05	196.35000000000002	696.0
161.0	141.28369158878513	122.03471962616824	98.33383177570093	109.45	96.80000000000001	94.05000000000001	159.5	156.75	102.30000000000001	1070.0
162.0	104.27580225498696	155.1002385082396	183.9225281873374	70.95	65.45	143.55	191.95000000000002	199.65	233.20000000000002	2306.0
163.0	144.02021459227467	170.1629184549356	144.07309012875535	119.9	103.4	116.05000000000001	160.05	211.20000000000002	170.5	1165.0
164.0	192.5225475841875	198.90915080527077	111.0259150805271	188.65	194.15	106.7	196.9	203.50000000000003	114.95	683.0
165.0	132.9405325443787	167.91434911242612	51.4030325443787	130.35000000000002	161.15	46.2	135.85000000000002	178.20000000000002	56.1	676.0
166.0	114.32513611615249	89.12295825771324	227.7828493647913	108.9	86.35000000000001	223.3	121.55000000000001	91.85000000000001	232.65	551.0
167.0	152.91069692058355	140.10737439222044	81.02382495948137	129.25	115.50000000000001	75.35000000000001	172.70000000000002	166.65	88.0	617.0
168.0	107.00845181674569	95.62701421800956	238.19083728278042	83.05000000000001	67.10000000000001	230.45000000000002	134.75	118.80000000000001	246.40000000000003	633.0
169.0	123.7100196463654	111.5062868369352	156.8407662082515	96.25000000000001	81.4	149.60000000000002	147.4	147.4	165.0	509.0
170.0	98.08958333333334	143.6041666666668	165.15	95.7	141.35000000000002	162.25	100.65	146.3	168.3	264.0
171.0	81.90296052631581	152.6563596491228	225.26721491228074	77.55000000000001	149.60000000000002	220.55	86.9	155.65	229.9	912.0
172.0	148.4869491525429	135.18129943502825	49.534802259887	145.20000000000002	130.9	45.1	152.35000000000002	139.70000000000002	53.900000000000006	885.0
173.0	144.50925401322033	150.4252596789424	50.4982058545798	127.60000000000001	113.30000000000001	42.900000000000006	178.75000000000003	173.8	56.1	1059.0
174.0	140.37959183673465	86.41734693877558	132.5704081632653	134.75	81.95	125.4	144.65	90.2	139.15	539.0
175.0	77.609375	210.22499999999985	156.384375	73.15	205.15	149.60000000000002	83.60000000000001	215.60000000000002	163.35000000000002	704.0
176.0	85.61138088012142	145.59170460293373	226.861507334345	55.550000000000004	45.650000000000006	155.65	212.85000000000002	215.60000000000002	255.20000000000002	1977.0
177.0	162.58501984126983	126.99652777777777	33.75625	130.35000000000002	110.00000000000001	30.250000000000004	183.15	168.3	36.300000000000004	504.0
178.0	216.45196078431366	158.9520739064857	133.223604826546	213.4	142.45000000000002	126.50000000000001	218.9	171.60000000000002	145.75	1326.0
179.0	201.9161259541985	186.99895038167938	140.4074427480916	189.20000000000002	169.95000000000002	135.85000000000002	217.25000000000003	200.20000000000002	144.65	524.0
180.0	182.99411903637218	184.53656117146897	150.3682333490789	168.3	155.10000000000002	143.0	203.50000000000003	199.10000000000002	157.3	2117.0
181.0	185.97791775612063	181.85311385785604	148.54091989541243	169.4	152.35000000000002	141.35000000000002	205.70000000000002	196.9	155.65	4207.0
182.0	206.38852575488468	168.54813499111938	134.73202486678508	166.65	139.70000000000002	126.50000000000001	219.45000000000002	202.4	144.65	2815.0
183.0	191.14211618257266	181.38817427385882	161.21390041493777	188.10000000000002	179.85000000000002	156.20000000000002	194.15	183.15	167.20000000000002	241.0
184.0	153.15416221985052	141.24610458911414	34.384685165421566	133.65	121.55000000000001	31.900000000000002	173.25	165.55	38.5	937.0
185.0	145.14054054054066	135.77880512091045	174.40085348506403	122.65	105.05000000000001	116.05000000000001	162.25	171.60000000000002	246.40000000000003	703.0
186.0	183.48529834651347	160.33152408339333	161.6153846153846	141.35000000000002	113.85000000000001	156.20000000000002	215.60000000000002	209.55	166.10000000000002	1391.0
187.0	140.027659574468	92.62936170212774	135.3468085106383	135.3	89.65	132.0	144.10000000000002	94.60000000000001	138.60000000000002	235.0
188.0	140.96365142478496	145.54370444002666	83.44072233267063	124.30000000000001	112.2	75.35000000000001	167.75	162.8	89.65	1509.0
189.0	118.8810240963855	114.04879518072298	155.9370481927711	92.95	81.95	132.55	156.20000000000002	149.05	175.45000000000002	1826.0
190.0	134.37621359223283	104.02342233009706	141.39004854368935	100.10000000000001	86.9	133.65	151.8	147.95000000000002	155.10000000000002	824.0
191.0	215.9985759493671	156.95276898734178	105.33283227848102	207.9	151.8	100.65	220.00000000000003	162.8	109.45	632.0
192.0	196.80131991051454	164.00532438478754	157.88002237136467	176.0	143.0	102.85000000000001	220.00000000000003	205.15	204.60000000000002	2235.0
193.0	99.07421441774493	139.04121996303144	158.53724584103514	97.35000000000001	135.3	152.35000000000002	100.65	143.55	163.35000000000002	541.0
194.0	164.71176148796494	137.8851203501096	59.676203501094086	134.20000000000002	116.05000000000001	56.1	185.35000000000002	175.45000000000002	64.9	914.0
195.0	124.35388513513514	108.47263513513509	176.00929054054055	119.9	105.05000000000001	162.8	130.9	112.2	192.50000000000003	592.0
196.0	170.54000000000002	119.22190476190475	65.38809523809526	164.45000000000002	115.50000000000001	41.800000000000004	178.75000000000003	122.65	87.45	1155.0
197.0	150.11347656250004	144.32630208333367	78.21100260416668	134.20000000000002	116.60000000000001	73.7	173.8	162.8	82.5	768.0
198.0	135.31545667447307	106.27794691647152	177.4606557377049	89.10000000000001	73.7	172.15	165.0	165.55	182.60000000000002	1281.0
199.0	145.69258801729436	94.96519456454577	171.23276714021	90.2	68.75	165.55	167.75	167.20000000000002	177.10000000000002	1619.0
200.0	109.38867761452033	119.84913569576494	175.89779602420055	91.30000000000001	77.55000000000001	169.95000000000002	143.55	147.4	183.70000000000002	1157.0
201.0	188.75851602023627	195.9335581787521	123.63591905564925	184.8	191.95000000000002	117.15	193.05	198.55	129.8	593.0
202.0	146.78575819672128	89.83145491803278	135.46342213114755	143.0	88.0	127.60000000000001	151.25	92.4	144.10000000000002	488.0
203.0	154.75423640167364	139.98190376569022	253.01035564853558	138.60000000000002	116.60000000000001	238.15	182.60000000000002	159.5	262.90000000000003	956.0
204.0	199.73513931888556	181.85673374613015	134.66486068111456	183.15	156.20000000000002	131.45000000000002	216.15	201.3	138.60000000000002	646.0
205.0	172.32558685446008	180.36600156494524	198.29393583724573	167.20000000000002	172.70000000000002	188.65	175.45000000000002	185.9	205.70000000000002	1278.0
206.0	176.95229781771494	159.75854942233647	205.76241335044932	146.85000000000002	129.8	145.75	208.45000000000002	198.55	260.70000000000005	3895.0
207.0	175.85044576523035	129.2091381872214	242.36448736998514	169.95000000000002	122.10000000000001	232.10000000000002	179.3	135.85000000000002	250.8	673.0
208.0	195.27353154459766	171.70369833212462	166.7816171138506	182.05	161.15	160.05	202.95000000000002	189.20000000000002	173.8	1379.0
209.0	198.4235294117648	172.83941176470594	158.61352941176474	183.15	161.70000000000002	153.45000000000002	207.35000000000002	190.3	164.45000000000002	935.0
210.0	146.9186949559647	138.59075260208166	92.64923939151322	139.70000000000002	127.05000000000001	85.80000000000001	158.95000000000002	150.70000000000002	100.65	1249.0
211.0	211.66654719235373	157.72777777777776	126.86666666666667	206.8	151.25	121.00000000000001	213.95000000000002	167.20000000000002	134.75	837.0
212.0	163.59799999999987	121.342	60.86	160.60000000000002	118.25000000000001	58.300000000000004	166.65	124.85000000000001	64.35000000000001	275.0
213.0	162.92515657620038	123.67421711899792	64.94248434237997	160.05	116.60000000000001	59.95	165.55	128.70000000000002	68.75	479.0
214.0	90.38222891566267	122.2408132530121	193.42605421686747	87.45	119.9	189.75000000000003	93.50000000000001	124.30000000000001	198.00000000000003	332.0
215.0	120.54344387755104	111.23497448979596	173.4034948979592	108.9	98.45	165.55	129.8	125.4	182.60000000000002	1960.0
216.0	123.6676524953789	109.64214417744918	178.21219963031427	105.60000000000001	91.85000000000001	103.4	145.75	132.0	233.20000000000002	541.0
217.0	113.39867647058824	141.90606617647063	167.78801470588238	108.35000000000001	118.25000000000001	138.60000000000002	118.25000000000001	180.95000000000002	191.4	1360.0
218.0	120.9560606060606	107.15151515151516	176.50151515151518	89.10000000000001	77.55000000000001	173.25	142.45000000000002	154.0	179.85000000000002	363.0
219.0	108.99892336922099	94.0395503483218	233.92067764407852	84.15	68.2	223.85000000000002	129.8	115.50000000000001	242.55	1579.0
220.0	126.32169479606193	114.55896624472571	175.7443389592124	89.10000000000001	72.05000000000001	170.5	161.15	163.9	180.95000000000002	1422.0
221.0	160.20176022835392	91.57473834443385	151.44467174119887	76.45	51.7	145.75	191.4	194.15	157.85000000000002	1051.0
222.0	68.41033591731266	154.6153746770022	252.49074074074076	61.60000000000001	149.05	248.05	75.35000000000001	160.05	256.3	1161.0
223.0	165.42527244421382	40.214789828749225	233.65010378827196	160.60000000000002	33.550000000000004	223.85000000000002	169.4	47.85	242.00000000000003	1927.0
224.0	77.10760869565216	213.9440217391304	163.9677536231884	74.25	211.20000000000002	160.60000000000002	81.95	216.70000000000002	168.3	276.0
225.0	112.03983516483528	127.04206730769224	180.43985233516486	63.800000000000004	47.85	138.05	189.75000000000003	191.95000000000002	233.75000000000003	2912.0
226.0	195.30344129554658	163.55040485829966	168.61396761133605	191.95000000000002	161.70000000000002	162.8	197.45000000000002	165.0	176.0	247.0
227.0	154.59241466498116	128.87591656131477	82.30044247787612	127.60000000000001	114.4	73.15	167.20000000000002	160.60000000000002	89.65	791.0
228.0	131.03158675234803	121.16693030153236	144.19406821552153	114.4	107.80000000000001	112.2	144.10000000000002	132.55	190.3	2023.0
229.0	116.25410312273058	102.98380537400142	209.39502541757446	105.05000000000001	90.2	178.20000000000002	123.75000000000001	114.4	234.85000000000002	1377.0
230.0	123.45832531280081	109.86395572666028	177.49966313763235	108.9	97.35000000000001	167.75	132.55	127.60000000000001	187.55	2078.0
231.0	145.18925081433252	145.48127035830618	58.011563517915306	141.9	141.9	55.00000000000001	147.4	149.05	61.60000000000001	307.0
232.0	145.27321981424134	143.8990712074302	59.53962848297214	143.0	138.05	56.650000000000006	147.4	149.05	63.800000000000004	323.0
233.0	110.1942729766804	98.16745541838144	223.36601508916326	80.85000000000001	73.15	174.9	133.10000000000002	126.50000000000001	245.3	1458.0
234.0	126.28197773972603	72.97106164383553	235.36892123287677	122.10000000000001	66.0	231.55	130.9	81.4	239.8	1168.0
235.0	167.9513227513226	100.06084656084651	148.17222222222225	87.45	62.150000000000006	139.70000000000002	200.20000000000002	196.9	157.85000000000002	2079.0
236.0	158.7556564245811	43.563687150838	239.72395251396648	154.0	36.300000000000004	236.50000000000003	162.8	50.050000000000004	243.65	716.0
237.0	79.42837370242218	213.54273356401384	167.16384083044986	75.9	211.20000000000002	163.35000000000002	83.05000000000001	215.60000000000002	171.60000000000002	289.0
238.0	124.05159671532844	116.5091697080292	207.66514598540147	56.650000000000006	37.95	156.20000000000002	212.3	216.70000000000002	254.10000000000002	1096.0
239.0	102.52088948787072	144.25862533692714	122.22452830188679	99.55000000000001	138.60000000000002	116.05000000000001	105.60000000000001	148.5	127.05000000000001	371.0
240.0	99.87688679245285	142.28915094339612	131.073820754717	97.9	137.5	124.85000000000001	102.30000000000001	146.85000000000002	135.3	424.0
241.0	115.80872641509434	107.79481132075475	141.1683962264151	92.95	80.85000000000001	138.60000000000002	137.5	137.5	144.10000000000002	212.0
242.0	161.0215163934427	95.90963114754102	94.80737704918033	158.4	92.4	92.4	164.45000000000002	99.00000000000001	97.35000000000001	244.0
243.0	147.06715867158672	119.74372693726939	136.36651291512916	116.05000000000001	99.00000000000001	131.45000000000002	163.35000000000002	152.9	140.25	542.0
244.0	218.0509708737864	147.61466019417495	102.81902912621361	215.60000000000002	141.35000000000002	100.65	221.10000000000002	152.9	105.05000000000001	515.0
245.0	104.65785070785073	125.58404118404118	203.0292792792793	88.0	75.35000000000001	193.05	146.3	146.85000000000002	210.65	777.0
246.0	91.16167664670662	190.10239520958095	151.81976047904192	88.0	187.55	147.95000000000002	94.60000000000001	192.50000000000003	155.10000000000002	334.0
247.0	127.60428015564206	88.43978599221796	189.1309824902724	90.2	77.0	176.55	140.25	130.35000000000002	196.35000000000002	1028.0
248.0	129.41826484018267	180.60091324200903	93.301598173516	126.50000000000001	178.20000000000002	90.75000000000001	132.0	183.15	96.80000000000001	219.0
249.0	138.43057354301587	128.37717391304346	105.9940564292322	83.60000000000001	90.75000000000001	75.9	168.85000000000002	166.10000000000002	197.45000000000002	2162.0
250.0	125.07784669915823	112.61012405848467	207.9750553832521	58.85	35.2	156.20000000000002	209.00000000000003	214.50000000000003	259.6	2257.0
251.0	138.88298490127764	86.06957026713118	131.14849012775844	130.35000000000002	81.4	122.10000000000001	145.75	89.65	142.45000000000002	861.0
252.0	183.25812437311944	179.33751253761287	153.586258776329	162.8	150.15	149.60000000000002	205.15	199.10000000000002	158.4	997.0
253.0	139.00016025641028	129.7647435897436	103.89535256410257	135.3	125.4	100.10000000000001	145.75	133.65	111.10000000000001	312.0
254.0	140.96821705426342	129.20736434108528	105.70813953488374	134.75	123.20000000000002	99.00000000000001	147.4	134.75	114.95	1419.0
255.0	185.2948118586088	139.55763968072975	213.0456670467503	179.85000000000002	132.55	201.3	190.85000000000002	146.85000000000002	228.25000000000003	1754.0
256.0	192.82195121951236	178.27525282569906	138.14913741820345	173.8	150.15	128.70000000000002	210.65	199.10000000000002	149.05	1681.0
257.0	164.08917785234908	179.00054530201314	205.84995805369127	159.5	171.05	201.3	168.85000000000002	185.9	213.95000000000002	1192.0
258.0	92.07934640522869	132.65281045751635	188.53137254901964	86.35000000000001	127.60000000000001	184.25000000000003	97.9	137.5	191.95000000000002	765.0
259.0	107.99614695340507	180.68978494623656	143.48297491039426	102.85000000000001	176.55	140.8	111.65	184.8	146.3	558.0
260.0	117.26509831460675	120.11011235955058	146.73528792134834	84.15	77.55000000000001	80.85000000000001	162.25	166.65	198.55	1424.0
261.0	120.83628762541807	87.45981047937568	214.17441471571908	88.55000000000001	68.2	183.70000000000002	136.95000000000002	115.50000000000001	245.3	897.0
262.0	143.17349726775973	118.26338797814208	166.23688524590165	66.0	62.150000000000006	137.5	202.4	200.75000000000003	235.95000000000002	2013.0
263.0	98.09761904761903	139.80238095238096	137.22619047619048	95.7	135.3	133.65	100.10000000000001	145.75	141.35000000000002	231.0
264.0	96.93566666666668	135.46133333333333	139.106	94.60000000000001	133.10000000000002	135.3	99.55000000000001	138.05	143.0	150.0
265.0	145.1259339704606	136.31828844483059	92.35986099044311	138.05	127.60000000000001	79.75	157.3	147.4	103.4	1151.0
266.0	156.85550070521862	142.47404795486594	64.99153737658676	136.95000000000002	115.50000000000001	56.650000000000006	176.0	172.15	73.15	709.0
267.0	90.8700211864407	137.28093220338982	185.84989406779664	88.0	133.65	182.60000000000002	92.95	143.0	190.85000000000002	472.0
268.0	96.48253509496281	132.98464079273327	180.57894302229562	88.0	126.50000000000001	167.75	101.2	143.0	193.60000000000002	1211.0
269.0	194.23521126760565	156.10084507042254	179.907323943662	191.4	148.5	171.05	198.00000000000003	161.70000000000002	188.65	710.0
270.0	189.88102636534856	62.153625235404895	148.00800376647834	184.25000000000003	55.550000000000004	143.55	196.9	69.30000000000001	151.8	1062.0
271.0	116.94237983587344	122.35339976553342	142.71951934349354	85.25	114.4	56.1	171.05	127.60000000000001	191.4	853.0
272.0	140.7022404779687	130.2177371172517	115.30735623599702	132.0	122.10000000000001	80.30000000000001	147.95000000000002	138.05	132.0	1339.0
273.0	150.80671641791037	131.81776119402986	69.56597014925374	147.95000000000002	130.35000000000002	65.45	154.55	134.20000000000002	73.15	335.0
274.0	121.296484375	158.61269531249994	101.50292968750001	118.80000000000001	156.75	97.35000000000001	123.75000000000001	160.60000000000002	105.05000000000001	256.0
275.0	160.56089258698944	120.7021180030257	91.27586989409986	124.85000000000001	112.75000000000001	64.35000000000001	181.50000000000003	143.0	133.65	1322.0
276.0	151.2513110846247	88.60768772348037	126.98051251489872	146.3	85.25	121.55000000000001	156.20000000000002	92.95	132.55	839.0
277.0	120.19044943820225	115.0252808988764	186.1623595505618	80.30000000000001	49.50000000000001	144.65	156.20000000000002	192.50000000000003	219.45000000000002	979.0
278.0	111.08768656716427	149.17039800995013	116.86542288557214	107.80000000000001	144.10000000000002	113.30000000000001	115.50000000000001	155.10000000000002	120.45	402.0
279.0	151.82855191256826	103.11147540983612	116.90054644808744	146.3	100.10000000000001	113.30000000000001	157.85000000000002	109.45	120.45	366.0
280.0	151.14969604863222	129.43890577507602	112.45493920972645	111.10000000000001	90.2	108.9	182.05	182.05	114.95	658.0
281.0	101.61485714285718	143.8391428571431	125.82742857142858	99.55000000000001	139.15	121.55000000000001	104.50000000000001	147.95000000000002	129.8	350.0
282.0	144.11744574290495	144.9934056761269	256.5084307178631	140.8	136.95000000000002	250.25000000000003	147.4	154.0	260.15000000000003	599.0
283.0	144.97604790419157	86.33682634730545	145.7368263473054	143.0	84.7	143.55	146.85000000000002	88.0	147.95000000000002	167.0
284.0	168.4192196531793	114.15679190751443	85.75867052023122	166.65	111.10000000000001	81.4	169.95000000000002	118.25000000000001	89.10000000000001	346.0
285.0	82.81029850746273	151.10880597014926	220.6665671641791	79.2	145.75	215.60000000000002	86.9	157.3	224.95000000000002	335.0
286.0	126.06455273698268	122.66248331108154	127.28865153538052	103.4	90.2	119.9	157.3	152.9	135.85000000000002	749.0
287.0	126.12319711538464	81.80721153846157	185.34471153846158	122.10000000000001	79.2	182.05	130.35000000000002	84.15	188.65	416.0
288.0	141.73838862559242	149.43621642969995	63.886887835703	132.0	118.25000000000001	58.300000000000004	166.65	158.4	72.05000000000001	1266.0
289.0	155.05064102564123	131.3238603988604	70.9695868945869	140.8	121.00000000000001	62.150000000000006	166.10000000000002	147.95000000000002	78.65	702.0
290.0	101.18113900796071	125.1315676668708	158.27369871402328	86.35000000000001	80.30000000000001	145.75	136.95000000000002	142.45000000000002	164.45000000000002	1633.0
291.0	191.94062500000013	74.96249999999998	138.396875	188.65	70.95	135.85000000000002	195.8	78.10000000000001	143.0	352.0
292.0	92.54006211180128	108.07756211180123	228.5164596273292	86.9	103.95	223.85000000000002	96.25000000000001	112.2	234.85000000000002	644.0
293.0	106.40901803607217	94.91523046092185	226.89208416833668	92.4	71.5	222.75000000000003	124.85000000000001	116.60000000000001	230.45000000000002	499.0
294.0	155.21193467336678	133.03228643216082	61.75753768844222	148.5	130.35000000000002	58.85	161.70000000000002	135.3	66.0	398.0
295.0	176.0646473779386	113.5745027124774	43.99104882459313	172.70000000000002	110.00000000000001	39.6	180.4	116.60000000000001	48.95	553.0
296.0	165.4565052231719	133.92839506172845	246.7698005698006	144.65	114.4	235.95000000000002	182.05	167.75	254.10000000000002	1053.0
297.0	169.24073741007194	80.88165467625907	137.54451438848923	132.55	69.30000000000001	130.9	191.4	89.65	142.45000000000002	556.0
298.0	159.1261154855643	108.93825459317587	145.94704724409448	84.7	66.55000000000001	136.95000000000002	197.45000000000002	196.35000000000002	154.0	762.0
299.0	148.79101941747564	99.90643203883492	116.17949029126214	145.20000000000002	97.9	111.65	153.45000000000002	102.85000000000001	123.20000000000002	412.0
300.0	131.43284600389862	125.0159113060429	133.12546296296298	122.65	100.10000000000001	113.30000000000001	157.85000000000002	149.05	178.75000000000003	2052.0
301.0	144.05826558265576	89.92425474254746	134.96612466124662	140.8	86.35000000000001	129.8	147.4	94.05000000000001	140.8	369.0
302.0	146.0242028985507	143.3331884057972	58.31275362318843	130.9	114.4	54.45	171.05	162.25	62.150000000000006	345.0
303.0	174.01521739130428	193.13148148148176	160.1598228663446	169.4	188.65	155.10000000000002	180.95000000000002	198.00000000000003	163.9	621.0
304.0	144.28247663551403	119.28403426791286	98.76098130841123	111.10000000000001	95.7	94.05000000000001	160.05	157.85000000000002	103.95	642.0
305.0	117.43550955414014	158.00764331210172	92.20557324840766	113.30000000000001	156.20000000000002	88.0	120.45	160.05	97.9	314.0
306.0	133.4902075226978	124.5354085603113	108.23015564202336	111.65	99.00000000000001	102.30000000000001	158.95000000000002	154.55	113.30000000000001	771.0
307.0	147.39659090909078	91.27727272727267	129.19545454545454	141.9	88.0	124.85000000000001	154.55	95.7	134.75	484.0
308.0	101.41636363636373	150.84090909090915	131.48545454545456	99.00000000000001	146.85000000000002	126.50000000000001	103.4	155.10000000000002	135.85000000000002	605.0
309.0	98.30433789954338	140.4132420091324	139.79794520547946	96.80000000000001	134.75	135.85000000000002	100.10000000000001	145.75	143.0	219.0
310.0	182.88904255319156	167.85648936170196	76.02053191489364	148.5	124.85000000000001	72.05000000000001	217.25000000000003	208.45000000000002	79.75	470.0
311.0	181.54787339268037	167.34090009891202	76.3950544015826	144.10000000000002	116.05000000000001	71.5	221.65	212.85000000000002	79.75	1011.0
312.0	186.3032191069575	163.80062305295945	74.011266874351	146.85000000000002	119.35000000000001	69.30000000000001	221.10000000000002	212.85000000000002	79.2	963.0
313.0	146.21916932907357	193.94704472843455	80.25431309904154	143.0	187.55	77.55000000000001	149.60000000000002	200.20000000000002	82.5	626.0
314.0	210.71557692307712	127.8446794871795	81.36967948717948	206.25000000000003	119.35000000000001	78.10000000000001	215.05	133.10000000000002	84.7	780.0
315.0	212.87185430463575	124.11423841059602	77.93062913907285	209.55	119.9	75.9	215.60000000000002	128.15	80.85000000000001	302.0
316.0	166.3886780104709	167.9918848167539	64.5976439790576	146.85000000000002	128.15	58.300000000000004	199.10000000000002	191.95000000000002	69.85000000000001	1528.0
317.0	173.33694050991497	159.30586402266297	75.12532577903683	146.3	128.70000000000002	58.85	200.75000000000003	194.70000000000002	84.15	1765.0
318.0	173.23838028169044	163.8741784037558	68.01085680751174	150.15	131.45000000000002	61.050000000000004	201.85000000000002	195.25000000000003	73.15	852.0
319.0	144.4142073778663	186.9621635094718	76.93584247258227	139.70000000000002	180.95000000000002	73.7	148.5	192.50000000000003	80.85000000000001	1003.0
320.0	182.77078109932492	139.22425265188045	76.61547733847637	140.8	121.55000000000001	73.15	201.3	193.05	79.75	1037.0
321.0	160.46243956043992	169.82549450549467	73.44784615384616	144.10000000000002	128.70000000000002	65.45	196.9	188.65	80.85000000000001	2275.0
322.0	174.53292501855938	175.50103934669616	78.81945063103193	151.8	127.05000000000001	72.60000000000001	214.50000000000003	203.50000000000003	84.7	1347.0
323.0	177.9523002421308	161.1759685230023	67.67197336561743	136.95000000000002	108.9	63.25000000000001	220.00000000000003	212.3	72.60000000000001	826.0
324.0	157.3612190812721	174.10560954063607	70.22703180212015	132.0	106.15	62.7	209.55	213.4	76.45	1132.0
325.0	180.8941269841271	149.8930423280424	68.66968253968255	133.65	105.60000000000001	61.050000000000004	220.00000000000003	212.3	74.80000000000001	1890.0
326.0	165.8471476510067	184.01283557046978	73.75536912751679	154.0	135.85000000000002	63.25000000000001	209.55	198.55	80.85000000000001	1192.0
327.0	194.32903645833326	111.25182291666667	78.34635416666667	189.75000000000003	107.80000000000001	75.35000000000001	197.45000000000002	116.05000000000001	80.85000000000001	384.0
328.0	158.26058608058617	159.18087912087884	76.3319413919414	130.35000000000002	110.55000000000001	72.60000000000001	197.45000000000002	191.95000000000002	80.85000000000001	1365.0
329.0	154.03179687500017	161.13710937499985	72.88789062500001	138.60000000000002	121.00000000000001	69.30000000000001	181.50000000000003	180.95000000000002	77.0	640.0
330.0	158.9803558460421	169.47349310094424	73.67563543936093	140.25	128.70000000000002	66.55000000000001	190.85000000000002	188.65	80.85000000000001	1377.0
331.0	169.38975552968577	168.19392704695397	78.14588668994956	149.05	129.8	70.4	205.15	196.9	84.15	2577.0
332.0	169.6512393767707	147.86898016997173	69.7304178470255	138.60000000000002	116.60000000000001	63.800000000000004	191.95000000000002	185.35000000000002	74.25	1412.0
333.0	180.58103756708383	153.9262075134166	76.86225402504473	147.4	130.9	68.2	204.60000000000002	191.4	81.4	1118.0
334.0	183.15511288180628	158.08227091633464	71.8535192563081	152.9	133.65	64.35000000000001	204.60000000000002	194.70000000000002	78.10000000000001	753.0
335.0	164.34275000000002	183.17337499999996	71.35837500000001	140.8	116.05000000000001	67.10000000000001	216.15	210.65	78.10000000000001	400.0
336.0	172.42002412545224	147.22020506634487	65.0413148371532	140.8	114.4	59.95	198.55	189.20000000000002	69.30000000000001	1658.0
337.0	191.64884318766065	128.5798200514139	70.14974293059126	186.45000000000002	125.95000000000002	64.9	198.00000000000003	130.9	75.9	389.0
338.0	170.8308717579252	155.8893371757923	65.23245677233429	140.25	116.60000000000001	58.300000000000004	200.75000000000003	193.05	70.95	1388.0
339.0	165.86125760649077	154.5198782961459	75.56977687626775	133.65	111.10000000000001	70.95	199.10000000000002	193.60000000000002	78.65	493.0
340.0	173.00949152542373	177.25785310734466	76.32881355932204	148.5	127.60000000000001	72.05000000000001	213.95000000000002	205.15	80.30000000000001	885.0
341.0	195.56618357487923	112.77125603864735	73.18985507246377	193.05	109.45	71.5	197.45000000000002	116.05000000000001	74.80000000000001	207.0
342.0	213.55854092526695	133.68914590747332	77.53629893238435	211.20000000000002	130.9	75.9	216.15	136.95000000000002	79.75	281.0
343.0	163.9626909518212	149.3686251468861	62.65669800235018	135.85000000000002	118.25000000000001	59.95	190.85000000000002	185.35000000000002	66.55000000000001	851.0
344.0	174.822798390702	148.0552302190434	79.19532856504247	140.25	121.55000000000001	74.80000000000001	199.65	192.50000000000003	83.05000000000001	2237.0
345.0	175.31930693069322	144.590099009901	68.01893564356436	140.25	118.25000000000001	63.800000000000004	196.35000000000002	190.3	72.60000000000001	404.0
346.0	142.6341591591593	183.26313813813815	68.50803303303304	139.70000000000002	179.3	64.35000000000001	146.3	186.45000000000002	71.5	666.0
347.0	176.22313037723373	143.24606221045656	69.08924553275978	141.9	121.00000000000001	62.7	195.25000000000003	187.55	74.25	1511.0
348.0	166.53910285455416	175.67029904848206	78.56402356139556	145.75	127.05000000000001	73.15	210.10000000000002	201.3	83.05000000000001	2207.0
349.0	150.0095015576328	167.74828660436145	74.15967957276371	135.85000000000002	121.55000000000001	68.75	191.4	185.9	80.85000000000001	2247.0
350.0	153.50075576770104	173.4788385043753	59.83492442322994	133.10000000000002	110.55000000000001	52.800000000000004	202.4	199.10000000000002	70.4	1257.0
351.0	138.42061994609165	191.4770889487871	57.155525606468984	135.3	188.10000000000002	51.7	141.9	197.45000000000002	61.050000000000004	371.0
352.0	169.50988247863256	163.1596153846154	64.3758547008547	140.8	117.15	59.400000000000006	205.15	196.35000000000002	68.75	936.0
353.0	189.07174887892378	143.37488789237682	77.19854260089687	139.70000000000002	112.2	72.05000000000001	212.85000000000002	205.70000000000002	79.75	446.0
354.0	159.71072621035034	165.50914023372283	63.13568447412355	132.0	107.25000000000001	52.800000000000004	206.8	201.85000000000002	72.05000000000001	1198.0
355.0	153.6028957528958	194.62567567567567	72.16891891891893	150.15	190.85000000000002	65.45	156.20000000000002	198.00000000000003	77.55000000000001	777.0
356.0	216.03421052631583	121.65572082379863	72.70446224256294	213.4	116.60000000000001	71.5	218.35000000000002	127.05000000000001	75.9	437.0
357.0	164.67165413533826	138.17219924812036	71.9311090225564	129.8	110.00000000000001	64.35000000000001	187.55	182.60000000000002	78.10000000000001	2660.0
358.0	165.61691919191927	151.5239898989902	71.31843434343435	137.5	122.10000000000001	66.55000000000001	191.4	184.8	78.10000000000001	2178.0
359.0	170.8167020148463	167.87948038176032	70.00222693531283	149.60000000000002	128.70000000000002	64.35000000000001	204.05	193.60000000000002	77.0	943.0
360.0	183.77121794871792	151.67284188034145	76.78399572649573	146.85000000000002	119.35000000000001	68.75	210.10000000000002	192.50000000000003	81.95	2340.0
361.0	180.62972424979722	144.42206001622057	74.67331711273319	140.25	119.35000000000001	69.85000000000001	200.75000000000003	193.60000000000002	77.55000000000001	1233.0
362.0	144.6487584650114	185.7944695259595	71.45468397291197	140.8	180.4	68.2	147.4	191.95000000000002	74.80000000000001	886.0
363.0	183.01250000000002	135.20178571428573	74.16357142857144	132.0	108.9	70.4	207.35000000000002	195.25000000000003	77.55000000000001	560.0
364.0	202.15344827586222	112.735775862069	77.05689655172414	197.45000000000002	109.45	74.25	207.9	116.05000000000001	79.2	348.0
365.0	161.0310344827586	165.7801724137932	76.92500000000001	135.3	114.4	73.7	205.15	198.00000000000003	79.75	638.0
366.0	135.38194842406878	196.16246418338113	66.73438395415474	133.65	192.50000000000003	60.50000000000001	137.5	200.20000000000002	73.7	349.0
367.0	191.9786403085824	133.65742526518815	75.24180327868852	135.3	110.00000000000001	72.05000000000001	214.50000000000003	201.3	78.10000000000001	1037.0
368.0	214.37307692307695	128.13413461538462	73.98028846153846	211.75000000000003	123.75000000000001	72.60000000000001	216.70000000000002	131.45000000000002	75.35000000000001	208.0
369.0	193.49822834645667	108.11614173228348	72.86850393700789	190.85000000000002	105.05000000000001	70.95	195.8	112.2	74.80000000000001	254.0
370.0	155.17935235652507	151.10487335684516	69.46240782302021	132.55	118.25000000000001	61.050000000000004	180.95000000000002	174.35000000000002	77.0	3119.0
371.0	156.7225361366622	155.74756898817324	67.17733245729306	137.5	124.30000000000001	59.95	182.05	173.8	72.60000000000001	761.0
372.0	172.39936182019972	156.94655937846875	74.18712541620422	145.20000000000002	127.05000000000001	67.65	201.3	192.50000000000003	78.65	1802.0
373.0	169.76796078431374	166.73152941176463	77.11474509803921	142.45000000000002	120.45	72.60000000000001	209.00000000000003	200.75000000000003	81.4	1275.0
374.0	190.81688311688308	142.4025974025973	76.42922077922078	145.75	125.95000000000002	73.15	205.15	193.60000000000002	79.2	847.0
375.0	188.64759475218656	146.77383381924196	68.4036443148688	139.70000000000002	111.65	60.50000000000001	216.70000000000002	208.45000000000002	73.15	686.0
376.0	145.96240090600227	184.9993204983013	65.92338618346547	134.20000000000002	111.10000000000001	58.85	202.4	199.10000000000002	73.15	883.0
377.0	140.70241935483875	202.07916666666674	72.94005376344087	136.95000000000002	198.55	69.85000000000001	144.65	205.15	76.45	372.0
378.0	207.26012195121947	111.93841463414635	72.92463414634148	202.95000000000002	108.35000000000001	69.85000000000001	211.75000000000003	114.95	76.45	410.0
379.0	214.04316939890708	122.62595628415302	70.22568306010929	211.75000000000003	119.35000000000001	68.75	216.15	126.50000000000001	70.95	183.0
380.0	172.776215098242	174.62471561530506	69.61396070320579	147.4	125.4	64.9	215.60000000000002	206.8	74.25	967.0
381.0	182.6902236951118	162.41449875724913	72.44096934548467	146.3	117.7	67.10000000000001	216.15	206.25000000000003	75.9	1207.0
382.0	145.72468839884957	157.4534515819748	74.71140939597315	122.65	106.7	68.2	188.10000000000002	188.65	80.85000000000001	1043.0
383.0	165.5345614035088	154.44964912280687	72.27192982456141	133.65	110.55000000000001	67.10000000000001	199.65	193.60000000000002	75.35000000000001	285.0
384.0	194.3048850574713	134.94255268199205	69.2757662835249	134.75	107.25000000000001	63.25000000000001	217.8	207.9	74.25	2088.0
385.0	159.91930693069293	170.18143564356436	72.94579207920792	135.85000000000002	112.75000000000001	68.75	206.25000000000003	200.20000000000002	77.0	606.0
386.0	186.67236328124997	138.40771484375	72.13056640625001	138.05	113.85000000000001	67.65	206.8	199.65	75.9	512.0
387.0	179.58167115902967	151.46051212938005	74.43382749326148	139.15	114.4	71.5	210.10000000000002	201.3	77.55000000000001	371.0
388.0	155.75892156862753	178.2269607843135	65.04774509803923	136.4	113.30000000000001	59.400000000000006	209.55	204.60000000000002	71.5	510.0
389.0	184.73102893890675	139.70176848874604	69.33006430868167	135.85000000000002	111.10000000000001	65.45	209.00000000000003	201.85000000000002	72.05000000000001	311.0
390.0	165.29574353448277	167.20474137931052	70.62936422413793	136.4	112.2	64.9	209.55	205.15	75.35000000000001	928.0
391.0	173.94347826086948	171.70760869565223	74.82125603864735	149.60000000000002	130.35000000000002	71.5	210.10000000000002	200.20000000000002	79.75	414.0
392.0	174.79462184873958	164.37605042016807	67.24235294117648	146.3	129.25	61.60000000000001	205.15	200.20000000000002	74.25	595.0
393.0	186.7298874407582	151.98441943128014	73.25100710900476	148.5	128.15	66.55000000000001	210.65	198.00000000000003	79.2	1688.0
394.0	197.61019978969512	143.281072555205	69.25488958990537	150.70000000000002	128.15	61.60000000000001	215.05	200.20000000000002	74.80000000000001	951.0
395.0	174.12759216589868	173.75437788018442	70.77828341013824	145.20000000000002	124.85000000000001	67.10000000000001	214.50000000000003	208.45000000000002	76.45	868.0
396.0	193.06918175721023	144.24164989939626	66.70197853789404	147.4	122.10000000000001	59.400000000000006	213.95000000000002	200.20000000000002	70.4	1491.0
397.0	147.98443738657016	158.86215970961865	59.76333938294012	128.70000000000002	111.65	53.900000000000006	187.55	182.05	64.35000000000001	1102.0
398.0	158.18648648648647	142.5081081081083	59.836486486486486	127.60000000000001	108.9	56.650000000000006	185.9	181.50000000000003	63.25000000000001	407.0
399.0	170.9384722222223	148.61611111111108	69.28625	136.4	113.30000000000001	63.800000000000004	197.45000000000002	192.50000000000003	73.7	360.0
400.0	156.74310776942357	169.56817042606517	70.7625313283208	138.05	118.25000000000001	66.55000000000001	198.55	191.95000000000002	74.80000000000001	399.0
401.0	203.64844527363195	121.06430348258708	72.73407960199005	199.65	118.80000000000001	68.75	208.45000000000002	123.75000000000001	75.9	804.0
402.0	142.94920382165614	197.33964968152873	70.1267515923567	141.35000000000002	194.15	67.10000000000001	145.20000000000002	199.65	73.15	314.0
403.0	140.72530864197532	196.9407407407408	60.41172839506171	137.5	193.05	55.550000000000004	143.0	199.10000000000002	64.9	405.0
404.0	197.19806007509385	126.3877972465582	67.66307884856072	139.15	113.85000000000001	60.50000000000001	210.65	200.20000000000002	72.05000000000001	799.0
405.0	167.6992442322992	165.98798727128087	68.61173428798728	138.60000000000002	115.50000000000001	59.95	211.75000000000003	203.50000000000003	75.9	1257.0
406.0	189.96823056300278	143.71367292225202	71.5457104557641	142.45000000000002	117.7	63.800000000000004	211.20000000000002	201.85000000000002	77.55000000000001	746.0
407.0	155.38195402298848	179.07241379310338	60.28252873563219	140.25	121.00000000000001	53.900000000000006	200.75000000000003	196.35000000000002	65.45	435.0
408.0	156.79880281690112	180.75401408450705	62.411056338028175	142.45000000000002	121.55000000000001	58.300000000000004	207.35000000000002	200.20000000000002	66.55000000000001	710.0
409.0	162.44741721854282	177.95231788079474	75.80092715231788	139.70000000000002	116.05000000000001	71.5	210.65	207.35000000000002	79.75	755.0
410.0	178.45081018518528	150.77384259259233	64.26087962962963	134.75	110.55000000000001	56.1	213.4	206.25000000000003	68.2	432.0
411.0	156.13240963855418	174.39373493975904	64.76614457831327	134.75	110.55000000000001	59.400000000000006	205.70000000000002	203.50000000000003	70.95	415.0
412.0	173.69223768736617	156.486188436831	64.27874732334048	136.4	111.10000000000001	56.1	211.20000000000002	205.70000000000002	69.30000000000001	934.0
413.0	211.28791821561336	119.31115241635689	69.14358736059481	202.4	114.4	64.9	215.60000000000002	123.20000000000002	74.25	538.0
414.0	177.30737704918016	161.094398907104	66.49590163934428	144.10000000000002	121.00000000000001	62.150000000000006	211.75000000000003	201.3	70.4	366.0
415.0	156.16982995063069	137.94259462424577	62.55095995611626	129.8	111.10000000000001	56.1	183.15	172.15	70.95	1823.0
416.0	151.22992700729927	165.45422314911374	75.16303441084463	133.65	114.4	72.05000000000001	190.85000000000002	187.55	78.10000000000001	959.0
417.0	174.48599156118152	150.83181434599146	69.5209282700422	139.70000000000002	118.25000000000001	63.25000000000001	200.20000000000002	194.70000000000002	73.7	1185.0
418.0	174.43851562500006	155.13179687500005	76.057265625	139.15	117.15	71.5	206.25000000000003	198.00000000000003	79.2	640.0
419.0	174.88662613981765	159.53343465045594	74.62279635258359	141.9	117.7	70.95	209.00000000000003	201.85000000000002	78.10000000000001	329.0
420.0	165.47598343685308	168.63478260869533	63.36614906832299	135.3	116.05000000000001	54.45	212.85000000000002	204.05	71.5	966.0
421.0	143.12073170731716	203.2263414634145	67.71707317073171	140.25	200.75000000000003	64.9	145.75	206.25000000000003	70.95	410.0
422.0	198.99713216957608	116.03628428927686	68.57306733167083	195.8	112.75000000000001	64.35000000000001	201.3	119.35000000000001	70.95	401.0
423.0	166.3449294532629	180.2782627865962	75.33011463844798	145.20000000000002	123.20000000000002	71.5	213.4	205.70000000000002	79.2	1134.0
424.0	149.96713917525784	200.61250000000027	72.42139175257732	146.85000000000002	196.9	70.4	152.9	204.60000000000002	74.80000000000001	388.0
425.0	209.34054794520577	128.03698630136986	78.49931506849316	205.70000000000002	124.30000000000001	77.0	212.85000000000002	131.45000000000002	80.30000000000001	365.0
426.0	179.64540923399792	144.9076862539343	79.76413955928645	135.85000000000002	113.30000000000001	75.9	206.25000000000003	198.00000000000003	83.05000000000001	1906.0
427.0	169.58578740157463	156.33122047244072	66.87177165354332	140.8	120.45	61.60000000000001	200.20000000000002	192.50000000000003	70.4	1270.0
428.0	173.8796296296297	156.0685185185185	66.07777777777778	141.9	119.35000000000001	62.7	204.05	195.8	69.30000000000001	297.0
429.0	141.84210526315786	193.34912280701764	58.683208020050124	139.15	189.20000000000002	54.45	144.65	197.45000000000002	62.150000000000006	399.0
430.0	170.5840095465392	157.74958233890183	63.618198090692125	139.15	117.15	56.1	203.50000000000003	197.45000000000002	68.75	838.0
431.0	211.73220064724916	122.56100323624597	72.2831715210356	207.9	117.7	70.4	214.50000000000003	126.50000000000001	74.25	309.0
432.0	209.3368945868946	121.47478632478634	70.16339031339031	204.60000000000002	117.15	68.2	213.4	124.85000000000001	72.05000000000001	351.0
433.0	167.93309305373526	175.6057011795544	70.24141546526869	143.55	116.05000000000001	63.25000000000001	214.50000000000003	206.25000000000003	75.9	763.0
434.0	210.843085106383	122.42531914893618	76.33882978723405	207.35000000000002	116.05000000000001	74.25	214.50000000000003	128.15	77.55000000000001	470.0
435.0	154.58699999999996	171.20700000000002	69.882	133.65	112.75000000000001	64.35000000000001	200.20000000000002	195.8	74.25	550.0
436.0	160.49901639344262	166.6680327868853	70.71467213114754	134.75	111.10000000000001	64.9	201.85000000000002	198.00000000000003	75.9	610.0
437.0	168.16293929712472	158.1873801916935	72.75023961661343	137.5	116.60000000000001	68.2	202.4	194.70000000000002	76.45	626.0
438.0	186.899152542373	141.44830508474575	68.87118644067797	146.3	125.4	63.800000000000004	202.4	192.50000000000003	72.60000000000001	649.0
439.0	189.04645191409887	143.18744164332406	71.03319327731094	146.85000000000002	125.95000000000002	64.35000000000001	205.15	194.70000000000002	75.9	1071.0
440.0	163.85971039182294	176.49752981260636	73.86303236797274	144.10000000000002	125.95000000000002	69.85000000000001	207.35000000000002	199.65	79.2	587.0
441.0	204.66365740740733	124.31273148148149	72.0894675925926	201.3	121.55000000000001	68.75	207.9	126.50000000000001	75.9	432.0
442.0	171.83571428571432	169.23500000000004	70.45761904761906	144.65	122.10000000000001	64.9	210.65	202.4	75.9	420.0
443.0	190.00502136752132	145.43269230769235	71.06399572649573	146.85000000000002	124.85000000000001	66.0	207.9	198.00000000000003	75.9	468.0
444.0	148.8873475609757	198.15426829268281	69.75106707317073	146.3	195.25000000000003	66.55000000000001	151.25	201.3	72.60000000000001	328.0
445.0	208.07277486910994	126.63246073298431	72.80349040139618	204.05	123.75000000000001	69.30000000000001	212.3	129.8	76.45	573.0
446.0	178.9766404199474	153.47165354330716	75.15656167979003	143.0	121.00000000000001	69.85000000000001	207.35000000000002	197.45000000000002	78.65	762.0
447.0	149.75338028168997	160.03812206572775	66.65690140845072	133.10000000000002	118.80000000000001	59.95	184.8	179.85000000000002	70.95	1065.0
448.0	167.91411290322574	114.17600806451613	63.74012096774193	165.55	111.65	61.050000000000004	170.5	116.05000000000001	66.55000000000001	248.0
449.0	145.8156033287101	191.71504854368928	68.41664355062414	142.45000000000002	185.35000000000002	64.9	149.05	196.9	72.05000000000001	721.0
450.0	146.27123430962348	195.4559623430962	70.25271966527197	143.55	192.50000000000003	67.10000000000001	149.05	198.55	73.15	478.0
451.0	199.74406896551716	124.62317241379311	71.88689655172413	195.8	121.00000000000001	67.10000000000001	203.50000000000003	127.60000000000001	75.9	725.0
452.0	158.08263305322134	136.60682773109244	61.79411764705881	128.15	112.2	54.45	183.15	177.10000000000002	68.2	1428.0
453.0	148.27647699004973	149.9386194029853	62.617055348258695	127.60000000000001	111.10000000000001	53.900000000000006	184.8	179.3	68.2	3216.0
454.0	168.33287476280825	148.01053130929782	73.99013282732449	130.35000000000002	104.50000000000001	69.30000000000001	203.50000000000003	196.9	77.55000000000001	1054.0
455.0	161.1976443768995	136.5042743161095	70.4658244680851	128.70000000000002	111.10000000000001	61.050000000000004	187.55	178.75000000000003	80.30000000000001	2632.0
456.0	147.38972835314087	137.05271646859086	63.48344651952463	144.10000000000002	133.65	59.95	151.25	141.35000000000002	68.2	589.0
457.0	125.55693717277488	160.22997382198955	60.544633507853405	122.10000000000001	157.85000000000002	57.75000000000001	129.25	163.9	63.800000000000004	382.0
458.0	157.90605707629558	126.94877693651719	61.41997670355271	123.20000000000002	109.45	53.35	173.8	177.65	69.85000000000001	1717.0
459.0	183.08510638297875	111.28936170212764	70.38404255319149	175.45000000000002	107.25000000000001	66.55000000000001	190.3	115.50000000000001	75.9	517.0
460.0	147.8886511024642	160.12918287937734	70.44387159533073	124.85000000000001	108.9	64.9	191.95000000000002	187.55	76.45	1542.0
461.0	148.0514917127075	144.95022099447527	60.85917127071821	121.00000000000001	105.05000000000001	55.550000000000004	183.70000000000002	185.35000000000002	68.75	1810.0
462.0	178.82662538699685	105.59829721362233	64.05541795665637	169.95000000000002	103.95	58.85	186.45000000000002	106.7	70.4	323.0
463.0	154.93658792650936	147.41183727034112	71.91603674540683	123.20000000000002	104.50000000000001	62.7	193.60000000000002	189.75000000000003	77.55000000000001	1905.0
464.0	191.6720744680851	110.90691489361704	72.90132978723405	189.75000000000003	107.25000000000001	70.95	193.60000000000002	114.95	74.80000000000001	188.0
465.0	168.77945891783563	151.04939879759513	61.657314629258515	136.4	115.50000000000001	56.650000000000006	196.9	190.3	64.9	499.0
466.0	176.29956076134704	132.3245241581259	68.71054172767205	133.65	112.2	66.0	193.60000000000002	188.10000000000002	71.5	683.0
467.0	162.18874610591908	164.55280373831792	65.90790498442368	148.5	123.20000000000002	61.60000000000001	194.15	184.8	69.85000000000001	1284.0
468.0	156.45035842293922	116.71827956989253	66.46129032258065	153.45000000000002	113.30000000000001	62.7	158.95000000000002	121.55000000000001	69.30000000000001	279.0
469.0	150.5764830508475	145.2361228813561	66.06991525423729	122.10000000000001	105.05000000000001	62.150000000000006	188.65	178.75000000000003	68.75	472.0
470.0	150.87701149425288	155.12844827586207	69.82431752873563	124.30000000000001	105.60000000000001	66.0	191.4	187.55	73.7	1392.0
471.0	136.1664989939637	172.57218309859164	72.51866197183098	123.75000000000001	107.80000000000001	68.2	191.4	187.00000000000003	76.45	994.0
472.0	151.20010799136085	162.36463282937362	68.61279697624191	132.0	113.30000000000001	63.800000000000004	189.20000000000002	189.75000000000003	72.60000000000001	926.0
473.0	171.61522943037983	157.3100079113924	67.3428006329114	133.65	110.55000000000001	59.95	202.95000000000002	204.05	74.25	1264.0
474.0	136.54937050359715	180.37032374100733	65.22643884892086	134.75	176.0	61.050000000000004	138.60000000000002	184.25000000000003	68.2	556.0
475.0	147.43309455587382	185.3200573065903	62.50458452722065	144.10000000000002	180.95000000000002	59.95	151.25	189.75000000000003	66.0	349.0
476.0	138.66958841463415	186.43658536585366	66.9080030487805	135.3	182.60000000000002	63.25000000000001	141.35000000000002	189.75000000000003	70.95	656.0
477.0	182.55410292072312	134.2221835883171	72.64513212795549	136.95000000000002	118.25000000000001	68.75	196.35000000000002	190.3	75.9	719.0
478.0	153.25895255147725	166.41709937332135	72.36611459265892	136.95000000000002	118.25000000000001	67.65	191.95000000000002	188.10000000000002	76.45	1117.0
479.0	163.2011904761907	173.42142857142866	61.14880952380953	144.65	124.30000000000001	58.300000000000004	199.10000000000002	195.8	63.800000000000004	462.0
480.0	185.44139139139133	163.51571571571586	72.34124124124125	152.9	127.05000000000001	64.35000000000001	216.15	207.35000000000002	76.45	999.0
481.0	170.04587155963299	186.63020969855845	75.85674967234601	150.70000000000002	128.15	72.60000000000001	217.8	208.45000000000002	78.65	763.0
482.0	186.69470240607848	122.15037990713384	72.76623047699452	179.85000000000002	116.05000000000001	59.95	196.35000000000002	132.0	81.95	2369.0
483.0	138.23383894098185	139.2373690016548	67.80319911748484	128.70000000000002	118.80000000000001	61.050000000000004	155.65	150.70000000000002	73.15	1813.0
484.0	164.49707724425863	150.92390396659715	62.338308977035496	132.0	115.50000000000001	58.85	193.60000000000002	189.20000000000002	64.9	479.0
485.0	121.88876811594206	169.00144927536232	64.92889492753623	119.9	162.25	62.150000000000006	124.85000000000001	174.35000000000002	68.2	552.0
486.0	154.1550369685769	167.1867837338265	68.86792975970425	139.70000000000002	124.85000000000001	65.45	188.10000000000002	183.70000000000002	72.60000000000001	1082.0
487.0	174.66677215189878	111.21487341772152	56.159177215189864	163.35000000000002	107.80000000000001	52.25000000000001	186.45000000000002	113.85000000000001	60.50000000000001	632.0
488.0	137.7597989949749	153.70288944723586	62.9131595477387	122.10000000000001	106.7	58.300000000000004	180.95000000000002	178.75000000000003	67.10000000000001	1592.0
489.0	164.67482788296044	139.43541308089505	65.18825301204818	125.4	106.15	59.95	194.15	187.55	70.4	1162.0
490.0	157.22185520362	149.9917194570134	66.94321266968326	126.50000000000001	107.25000000000001	64.35000000000001	191.95000000000002	188.65	70.4	1105.0
491.0	155.80141975308652	152.1911111111111	63.44487654320989	127.05000000000001	108.9	59.95	188.65	188.10000000000002	66.55000000000001	810.0
492.0	147.59393063583803	160.1415606936417	65.68971098265897	127.05000000000001	110.00000000000001	61.60000000000001	191.4	183.70000000000002	68.75	865.0
493.0	147.6087729357798	169.64787844036684	64.90441513761469	126.50000000000001	111.65	61.050000000000004	193.60000000000002	190.3	70.4	872.0
494.0	190.12917647058825	113.73870588235296	64.89870588235294	186.45000000000002	110.55000000000001	62.7	193.05	117.15	67.65	425.0
495.0	141.8112903225806	146.163440860215	64.55913978494624	124.30000000000001	108.9	60.50000000000001	178.20000000000002	170.5	67.10000000000001	1023.0
496.0	144.8236842105262	151.94618421052604	64.58230263157895	124.85000000000001	107.80000000000001	60.50000000000001	183.70000000000002	178.75000000000003	67.65	760.0
497.0	151.65149835181282	139.5376535810608	61.875741684147435	124.85000000000001	108.35000000000001	57.75000000000001	182.60000000000002	175.45000000000002	66.0	3337.0
498.0	158.52289377289387	156.74597069597056	64.60418192918193	136.95000000000002	118.25000000000001	59.95	191.95000000000002	184.8	69.85000000000001	1638.0
499.0	152.94707818930033	165.0217283950618	65.47987654320991	138.60000000000002	121.00000000000001	61.050000000000004	188.65	183.15	69.30000000000001	1215.0
500.0	166.83677852348998	145.02281879194638	69.07926174496644	138.05	120.45	65.45	187.00000000000003	182.60000000000002	73.7	745.0
501.0	182.89583680266452	143.23721898417986	71.6213572023314	122.10000000000001	81.4	53.900000000000006	239.8	210.65	85.80000000000001	1201.0
502.0	128.81400000000002	150.94099999999972	67.60300000000001	121.55000000000001	125.95000000000002	62.7	140.8	173.25	71.5	550.0
503.0	141.52189258312026	141.63442455242966	70.06971867007672	128.15	118.80000000000001	65.45	155.65	212.3	78.10000000000001	1955.0
504.0	120.23057894736843	224.99110526315792	74.49836842105265	110.00000000000001	218.35000000000002	70.95	127.60000000000001	231.55	77.0	950.0
505.0	177.84130434782605	106.83152173913044	59.02934782608698	172.70000000000002	105.05000000000001	55.00000000000001	184.25000000000003	109.45	63.800000000000004	230.0
506.0	186.4623502994011	129.11991017964073	64.5863023952096	182.60000000000002	125.4	60.50000000000001	192.50000000000003	133.10000000000002	69.85000000000001	668.0
507.0	154.67797579018165	172.5398453261601	63.35393409549431	144.10000000000002	128.70000000000002	59.95	191.95000000000002	185.9	69.85000000000001	1487.0
508.0	166.9636871508378	158.99273743016778	62.75977653631283	145.75	125.95000000000002	57.75000000000001	196.35000000000002	188.10000000000002	69.30000000000001	1969.0
509.0	185.0315051020408	147.5073341836735	69.47187500000001	102.85000000000001	84.7	62.7	241.45000000000002	239.25000000000003	74.80000000000001	784.0
510.0	179.971186440678	106.92372881355932	70.0177966101695	173.8	105.05000000000001	66.55000000000001	185.9	108.9	73.7	177.0
511.0	167.38424317617867	168.50915012406952	71.56039081885856	105.05000000000001	81.95	66.0	240.9	239.25000000000003	76.45	1612.0
512.0	159.3369868637112	192.61921182266002	78.27339901477833	142.45000000000002	116.60000000000001	70.95	217.25000000000003	213.4	83.05000000000001	1218.0
513.0	139.29492063492077	125.91857142857144	63.478730158730144	134.75	122.10000000000001	58.85	146.85000000000002	128.70000000000002	67.65	315.0
514.0	159.3214150347442	134.25350600126345	72.95960202147822	120.45	105.05000000000001	64.9	203.50000000000003	198.00000000000003	83.05000000000001	1583.0
515.0	142.91885245901673	134.448131147541	75.75177049180328	123.75000000000001	110.00000000000001	70.4	164.45000000000002	161.15	80.30000000000001	1525.0
516.0	186.6820826536161	147.0859706362153	70.94132680804786	133.65	104.50000000000001	63.25000000000001	222.75000000000003	216.70000000000002	79.2	1839.0
517.0	144.7082949308756	137.70825652841785	60.796966205837144	119.9	104.50000000000001	55.550000000000004	178.20000000000002	174.35000000000002	69.30000000000001	1302.0
518.0	147.87972673559818	137.29974150664685	61.328655834564266	122.10000000000001	105.05000000000001	57.2	179.3	174.9	67.65	1354.0
519.0	189.57799625468164	142.73838951310856	78.87968164794009	140.25	114.4	75.35000000000001	214.50000000000003	204.05	81.95	534.0
520.0	149.17848907767	143.99320388349508	69.81328883495146	119.9	102.85000000000001	58.300000000000004	193.05	189.20000000000002	81.4	1648.0
521.0	145.79014598540147	161.21066504460666	64.38925385239254	119.9	105.60000000000001	56.1	205.15	200.75000000000003	72.60000000000001	1233.0
522.0	138.76846846846848	132.003963963964	74.73855855855857	126.50000000000001	116.60000000000001	72.05000000000001	152.35000000000002	147.4	78.10000000000001	555.0
523.0	196.5803249097473	108.7828519855596	75.806678700361	193.05	105.60000000000001	73.15	200.20000000000002	111.65	80.30000000000001	277.0
524.0	148.3973167044596	192.99886621315204	71.66919879062738	129.25	110.55000000000001	64.9	223.3	217.25000000000003	81.4	1323.0
525.0	217.79621559633028	112.65286697247709	75.28944954128441	213.4	109.45	73.15	222.20000000000002	116.05000000000001	77.55000000000001	436.0
526.0	133.04025069637882	134.58454038997223	73.27256267409471	124.30000000000001	116.05000000000001	70.4	149.05	145.75	77.0	359.0
527.0	137.81126552335897	137.10481963335303	71.35623891188646	122.65	112.2	64.35000000000001	157.3	155.65	79.2	1691.0
528.0	186.68884785819782	141.02991137370753	78.47045790251109	135.85000000000002	111.10000000000001	73.15	222.20000000000002	200.20000000000002	83.60000000000001	677.0
529.0	145.01397058823528	184.66735294117663	73.39911764705882	130.9	109.45	67.10000000000001	206.8	203.50000000000003	78.65	680.0
530.0	180.44825345247767	148.05365556458136	66.49147034930951	132.0	103.95	59.400000000000006	215.05	212.3	73.15	1231.0
531.0	177.46350822239648	157.55368050117457	67.84596711041505	130.9	103.4	63.25000000000001	221.10000000000002	216.70000000000002	72.05000000000001	1277.0
532.0	162.7006188118811	110.11980198019803	58.945297029702964	159.5	107.80000000000001	52.25000000000001	168.3	112.75000000000001	67.10000000000001	404.0
533.0	150.09724047306182	113.87312746386337	71.16320630749014	146.3	109.45	63.800000000000004	155.10000000000002	117.15	77.55000000000001	761.0
534.0	136.2248728382503	129.96113936927773	68.29371820956257	123.75000000000001	116.05000000000001	61.60000000000001	149.60000000000002	147.4	76.45	1966.0
535.0	191.35140562249003	106.49899598393574	72.99979919678715	187.55	103.95	68.75	194.70000000000002	108.9	75.9	249.0
536.0	192.86980056980053	141.5850427350428	78.86467236467237	142.45000000000002	112.75000000000001	73.15	218.35000000000002	207.35000000000002	82.5	702.0
537.0	172.6573299748112	168.56544080604553	77.60513853904283	133.65	112.75000000000001	68.75	222.20000000000002	212.85000000000002	83.05000000000001	1985.0
538.0	173.13563218390806	161.20172413793105	69.43908045977012	128.70000000000002	102.85000000000001	63.800000000000004	222.75000000000003	215.60000000000002	73.7	957.0
539.0	161.58095890410974	147.90579908675795	60.41109589041093	127.05000000000001	107.80000000000001	53.35	193.60000000000002	190.85000000000002	64.9	1095.0
540.0	133.82799079754602	134.98366564417177	72.05590490797546	125.4	116.60000000000001	68.2	151.25	147.4	75.9	652.0
541.0	149.14137380191684	118.79121405750797	64.98434504792333	142.45000000000002	112.75000000000001	62.150000000000006	153.45000000000002	124.30000000000001	68.75	313.0
542.0	140.514015976761	129.0794480755265	68.1828249818446	128.70000000000002	114.95	62.7	154.0	146.85000000000002	76.45	1377.0
543.0	187.37218045112775	153.32131800088462	67.86406457319771	128.70000000000002	101.75000000000001	62.150000000000006	226.60000000000002	224.4	73.7	2261.0
544.0	158.79479015918957	182.91997105643992	68.76870477568743	119.9	96.25000000000001	64.35000000000001	227.15	226.60000000000002	72.60000000000001	1382.0
545.0	131.84119390347166	138.52734970364094	63.81443691786622	119.35000000000001	117.15	55.550000000000004	144.65	174.35000000000002	69.85000000000001	1181.0
546.0	147.6250000000001	160.10447761194004	64.41007462686566	122.65	103.95	53.900000000000006	194.15	193.05	71.5	1474.0
547.0	149.82366666666664	151.88433333333336	58.63183333333333	126.50000000000001	106.7	55.00000000000001	185.35000000000002	182.05	62.150000000000006	300.0
548.0	145.1982113821138	165.33715447154466	61.49447154471545	125.4	107.25000000000001	57.2	194.70000000000002	189.20000000000002	67.10000000000001	615.0
549.0	150.28542296072473	150.24554380664682	63.42447129909363	119.9	103.95	59.95	193.05	184.8	67.10000000000001	662.0
550.0	133.1076086956522	200.51413043478263	63.17499999999999	130.9	195.8	57.2	135.3	204.05	68.75	506.0
551.0	120.81482412060302	159.60087939698496	68.71683417085428	119.35000000000001	154.55	64.9	122.10000000000001	167.20000000000002	72.60000000000001	398.0
552.0	157.61382542472202	178.55893380199183	67.75858230814295	114.95	90.2	63.25000000000001	230.45000000000002	222.20000000000002	72.60000000000001	1707.0
553.0	158.41015100671152	178.14832214765107	69.88645134228189	113.30000000000001	89.10000000000001	66.55000000000001	232.10000000000002	229.35000000000002	73.7	1192.0
554.0	144.13140293637846	120.5630505709625	64.30513866231648	123.20000000000002	111.10000000000001	58.85	154.55	146.85000000000002	72.60000000000001	613.0
555.0	133.75954825462014	127.67566735112936	70.48809034907597	123.75000000000001	117.15	67.10000000000001	143.0	141.35000000000002	73.7	487.0
556.0	155.0022441651706	158.27657091561946	59.55502692998206	126.50000000000001	107.25000000000001	53.35	195.8	194.15	68.2	557.0
557.0	159.09990697674414	160.37846511627907	61.81437209302327	129.8	108.9	53.900000000000006	200.20000000000002	196.35000000000002	71.5	1075.0
558.0	165.02692307692308	153.1923076923076	65.53076923076924	134.75	111.10000000000001	59.400000000000006	196.9	191.95000000000002	71.5	286.0
559.0	148.2500644883922	167.35298796216685	61.4493766122098	123.20000000000002	106.15	53.35	201.3	196.9	70.95	2326.0
560.0	138.95043196544276	181.16501079913633	66.41636069114472	126.50000000000001	105.60000000000001	58.85	193.60000000000002	194.15	70.95	926.0
561.0	147.10027247956413	117.25340599455042	60.868664850136255	143.0	112.75000000000001	58.300000000000004	150.70000000000002	121.00000000000001	64.35000000000001	367.0
562.0	152.28960280373832	121.65922897196263	61.481775700934584	121.00000000000001	105.60000000000001	58.300000000000004	168.3	160.60000000000002	67.10000000000001	428.0
563.0	143.46617954070993	122.16430062630478	60.733089770354916	137.5	119.35000000000001	56.650000000000006	148.5	127.05000000000001	63.800000000000004	479.0
564.0	158.86628614916276	116.38150684931509	56.43485540334856	123.75000000000001	104.50000000000001	52.800000000000004	176.55	153.45000000000002	61.050000000000004	657.0
565.0	139.88154392191655	128.84396628216507	71.60394853593613	119.35000000000001	107.25000000000001	63.25000000000001	162.25	157.3	77.55000000000001	1127.0
566.0	139.80770707624808	129.47959407569948	71.07641250685683	125.95000000000002	116.60000000000001	62.150000000000006	152.35000000000002	148.5	75.9	1823.0
567.0	153.11679779700998	126.51168371361135	72.7904012588513	121.00000000000001	105.60000000000001	68.2	182.60000000000002	171.05	77.0	1271.0
568.0	233.47003012048194	87.02259036144584	66.02650602409639	228.25000000000003	83.60000000000001	63.800000000000004	239.25000000000003	91.30000000000001	67.65	332.0
569.0	138.28933823529417	198.525	70.80220588235294	102.30000000000001	84.7	66.55000000000001	235.95000000000002	238.15	75.35000000000001	1496.0
570.0	154.28941641938655	182.72947576656784	69.20098911968348	111.65	86.9	65.45	231.00000000000003	228.25000000000003	74.25	1011.0
571.0	147.61698312236277	196.60759493670886	67.58618143459915	129.25	100.65	63.800000000000004	222.75000000000003	218.35000000000002	70.95	474.0
572.0	126.20733944954131	213.0918136908963	70.72021877205364	106.7	86.35000000000001	66.0	233.75000000000003	234.85000000000002	74.25	1417.0
573.0	145.85559071729952	118.13396624472576	64.30242616033756	141.35000000000002	114.4	61.60000000000001	151.25	121.55000000000001	69.30000000000001	474.0
574.0	143.25442542787292	141.41132029339866	59.797775061124696	121.55000000000001	103.95	54.45	194.70000000000002	190.3	71.5	2045.0
575.0	124.26255868544602	185.4971830985915	65.3299295774648	120.45	182.05	62.150000000000006	129.8	188.10000000000002	68.75	426.0
576.0	128.89536376604852	222.3506419400856	69.48124108416548	121.00000000000001	216.15	64.9	134.75	228.25000000000003	72.60000000000001	701.0
577.0	227.8971098265896	98.68526011560697	69.65289017341041	224.95000000000002	91.85000000000001	67.10000000000001	232.10000000000002	106.15	72.05000000000001	173.0
578.0	122.45777027027022	217.71182432432437	69.77972972972974	101.75000000000001	99.55000000000001	66.0	226.60000000000002	237.05	75.35000000000001	1628.0
579.0	145.62842664092707	195.41776061776065	65.90550193050194	112.75000000000001	88.0	61.60000000000001	233.20000000000002	228.8	70.4	2072.0
580.0	225.50806845965766	101.11393643031786	66.02151589242052	220.00000000000003	91.30000000000001	63.800000000000004	231.55	111.10000000000001	68.2	409.0
581.0	127.43691066997519	138.8361042183623	64.97574441687345	122.65	132.55	59.95	132.0	144.65	70.95	806.0
582.0	135.50187265917606	129.30424469413236	67.13467540574283	122.65	112.75000000000001	61.60000000000001	151.25	146.85000000000002	75.9	1602.0
583.0	233.10742574257426	88.6561881188119	64.08589108910891	228.25000000000003	84.15	61.60000000000001	235.95000000000002	92.95	67.10000000000001	202.0
584.0	137.61630824372753	205.58932411674354	70.06825396825397	107.80000000000001	84.15	62.7	233.20000000000002	232.10000000000002	75.9	1953.0
585.0	188.51685878962527	202.8596541786745	100.635734870317	184.8	198.55	98.45	190.85000000000002	205.15	105.05000000000001	347.0
586.0	203.0950920245399	205.78098159509213	32.040030674846626	188.10000000000002	161.70000000000002	25.85	239.25000000000003	222.75000000000003	36.85	652.0
587.0	196.2756038647343	177.71642512077284	95.1404347826087	176.55	152.9	89.65	214.50000000000003	199.10000000000002	105.05000000000001	1035.0
588.0	200.1222709551657	180.35818713450274	99.46530214424952	183.70000000000002	156.20000000000002	94.60000000000001	218.35000000000002	202.95000000000002	106.7	1026.0
589.0	231.542089678511	180.5153976311338	61.65630287648055	196.35000000000002	163.35000000000002	35.75	242.55	221.10000000000002	77.0	1182.0
590.0	217.3106431852986	203.21615620214382	84.49701378254213	213.95000000000002	199.65	79.2	220.55	206.8	90.2	653.0
591.0	215.51449218750022	193.48656249999982	61.03710937500004	207.9	183.15	55.00000000000001	221.10000000000002	198.55	66.0	1280.0
592.0	169.88337887067408	159.2826047358836	57.040209471766865	155.65	139.15	53.35	188.65	179.3	62.150000000000006	1098.0
593.0	189.95513856812937	179.234266743649	64.65389722863742	179.85000000000002	157.3	59.95	209.55	195.25000000000003	70.4	1732.0
594.0	221.3125	191.69479166666667	27.217708333333334	206.25000000000003	180.95000000000002	14.3	237.60000000000002	200.75000000000003	45.1	528.0
595.0	222.88460526315768	185.43828947368428	25.203388157894718	206.25000000000003	175.45000000000002	15.400000000000002	237.05	199.65	42.35	1520.0
596.0	212.38881987577662	189.39403726708068	32.27850931677019	185.9	158.95000000000002	26.950000000000003	238.70000000000002	217.25000000000003	37.400000000000006	805.0
597.0	217.0556782334385	187.49274447949526	36.50473186119874	187.00000000000003	162.25	31.35	239.8	219.45000000000002	41.800000000000004	634.0
598.0	184.9100925147181	185.28708999158948	81.45550883095038	172.70000000000002	149.60000000000002	77.55000000000001	214.50000000000003	200.75000000000003	86.35000000000001	1189.0
599.0	199.68687150838002	165.54539106145262	83.6207402234637	171.60000000000002	146.3	80.30000000000001	215.60000000000002	201.85000000000002	86.35000000000001	716.0
600.0	194.86514571680917	172.42767147483084	68.31608772446278	178.20000000000002	154.55	63.25000000000001	211.20000000000002	195.25000000000003	72.60000000000001	3397.0
601.0	223.67444649446492	196.65442804428048	82.13062730627308	213.95000000000002	185.9	71.5	229.9	210.10000000000002	90.75000000000001	1084.0
602.0	197.75386138613868	177.74693069306934	5.748316831683173	191.4	162.8	3.3000000000000003	205.70000000000002	189.75000000000003	7.700000000000001	505.0
603.0	212.61678004535148	179.30623582766435	14.01938775510204	196.35000000000002	161.15	10.450000000000001	226.05	202.4	18.700000000000003	441.0
604.0	182.63122270742358	176.29061135371217	65.48229015041241	165.55	147.95000000000002	61.050000000000004	209.00000000000003	193.60000000000002	69.85000000000001	2061.0
605.0	165.38886966551334	139.16459054209912	37.83137254901962	138.60000000000002	119.9	34.1	183.15	173.25	41.25	867.0
606.0	140.33698296836982	162.32360097323607	47.488686131386864	138.05	158.95000000000002	44.0	142.45000000000002	165.0	50.6	411.0
607.0	173.87154846831723	156.43634074695794	23.519366344943347	166.10000000000002	147.4	19.25	182.05	168.3	28.6	2383.0
608.0	228.60169194865804	159.87928821470257	27.79714119019838	216.15	113.85000000000001	13.750000000000002	235.4	177.10000000000002	49.50000000000001	857.0
609.0	208.63599033816416	181.1315619967793	89.54283413848631	178.75000000000003	150.70000000000002	86.9	232.65	214.50000000000003	94.05000000000001	621.0
610.0	231.13313492063494	192.09513888888893	73.75347222222223	227.15	180.4	65.45	235.4	202.4	82.5	504.0
611.0	205.88861454046642	198.5243484224966	84.80411522633744	189.75000000000003	158.4	78.10000000000001	234.85000000000002	221.10000000000002	93.50000000000001	729.0
612.0	225.00671875000006	181.36765625	48.362187500000005	187.55	161.70000000000002	43.45	241.45000000000002	224.4	52.800000000000004	320.0
613.0	201.18392504930964	188.62179487179492	28.926528599605508	175.45000000000002	150.70000000000002	24.200000000000003	234.3	217.8	33.550000000000004	507.0
614.0	170.40467937608298	156.74475736568488	21.670667244367387	162.8	145.20000000000002	17.05	179.85000000000002	167.75	29.150000000000002	2308.0
615.0	173.66879936808826	157.74938388625606	22.823522906793013	165.0	148.5	16.5	183.15	166.65	33.550000000000004	3165.0
616.0	204.6648648648651	162.45337837837826	61.853378378378395	171.05	119.35000000000001	56.650000000000006	228.25000000000003	225.50000000000003	66.55000000000001	814.0
617.0	216.58604651162787	193.24069767441856	71.11162790697675	191.95000000000002	164.45000000000002	66.55000000000001	240.9	222.20000000000002	75.35000000000001	473.0
618.0	208.17860892388452	180.79625984251973	70.53858267716537	174.35000000000002	144.10000000000002	67.65	239.25000000000003	221.65	74.25	762.0
619.0	200.58020581113786	191.18426150121078	75.53011501210653	174.35000000000002	144.10000000000002	69.85000000000001	239.8	221.65	81.95	1652.0
620.0	201.25587686567158	187.96250000000003	89.56072761194031	177.10000000000002	147.95000000000002	86.9	231.55	215.60000000000002	94.05000000000001	536.0
621.0	228.5367021276596	159.1591755319148	92.1030585106383	225.50000000000003	153.45000000000002	89.65	231.00000000000003	163.35000000000002	96.25000000000001	376.0
622.0	196.62165653495433	193.74376899696057	93.81010638297872	179.3	151.25	90.2	229.35000000000002	213.95000000000002	96.80000000000001	658.0
623.0	220.13199999999986	188.21669565217385	41.141913043478276	193.05	165.55	34.650000000000006	239.8	218.35000000000002	47.300000000000004	575.0
624.0	213.5890065146579	189.44902280130296	87.2242671009772	191.4	162.25	76.45	234.85000000000002	220.55	93.50000000000001	614.0
625.0	212.52682758620682	194.04455172413802	94.04089655172415	193.05	165.0	89.65	228.25000000000003	210.10000000000002	97.35000000000001	725.0
626.0	232.99672811059912	189.32165898617535	74.17497695852535	228.8	183.15	66.0	239.25000000000003	194.70000000000002	82.5	1085.0
627.0	209.97261029411763	176.8179227941175	10.417647058823531	196.35000000000002	168.85000000000002	7.15	220.00000000000003	197.45000000000002	16.5	544.0
628.0	161.12452631578955	149.49000000000004	51.90726315789474	132.55	114.4	47.85	189.75000000000003	187.00000000000003	56.650000000000006	475.0
629.0	180.77211428571414	126.52325714285716	51.21788571428572	133.10000000000002	112.2	46.2	194.70000000000002	187.55	56.1	875.0
630.0	212.59986197377495	186.28298826777092	16.578951000690132	201.3	171.05	10.450000000000001	231.55	196.9	28.6	1449.0
631.0	198.12233644859816	183.50672897196262	14.387383177570088	194.15	179.3	12.100000000000001	204.05	188.10000000000002	15.950000000000001	535.0
632.0	192.25929705215415	161.54410430839005	11.199546485260768	178.75000000000003	151.25	7.700000000000001	199.65	180.4	14.3	441.0
633.0	191.32597027250202	164.25970272502082	25.876341866226266	136.4	114.95	6.6000000000000005	209.55	202.95000000000002	65.45	1211.0
634.0	206.46275071633232	186.245128939828	15.347994269340976	191.4	163.35000000000002	12.100000000000001	226.60000000000002	204.60000000000002	20.35	349.0
635.0	209.33542742398177	186.36701090074575	20.469908204245552	190.85000000000002	162.25	9.350000000000001	233.75000000000003	213.4	30.800000000000004	1743.0
636.0	232.48879310344822	167.55763546798013	29.01182266009851	227.70000000000002	165.0	20.900000000000002	235.95000000000002	169.95000000000002	33.550000000000004	406.0
637.0	185.63012912482063	162.70846484935427	66.67546628407462	155.65	136.95000000000002	62.150000000000006	205.70000000000002	195.25000000000003	71.5	697.0
638.0	156.67683201803823	144.47452085682033	48.999605411499445	130.35000000000002	115.50000000000001	40.150000000000006	183.70000000000002	178.20000000000002	54.45	1774.0
639.0	178.42901129943496	162.52033898305055	59.564067796610196	161.15	142.45000000000002	50.050000000000004	199.65	185.9	66.0	1770.0
640.0	193.78935148118498	167.51353082465977	83.02093674939952	165.0	141.9	75.35000000000001	213.4	199.10000000000002	91.30000000000001	1249.0
641.0	179.27629310344818	164.288428381963	28.925331564986738	171.60000000000002	156.75	25.3	185.35000000000002	169.4	33.550000000000004	1508.0
642.0	179.55692307692303	163.34615384615392	36.11000000000001	173.8	158.4	31.900000000000002	184.8	167.75	39.050000000000004	715.0
643.0	166.1694444444443	155.16296296296278	56.937962962962985	150.15	134.75	51.7	185.35000000000002	170.5	62.150000000000006	1188.0
644.0	192.80519922254615	165.01068999028178	46.0150631681244	143.0	122.10000000000001	36.300000000000004	233.20000000000002	218.35000000000002	52.25000000000001	1029.0
645.0	238.09162520729694	144.85522388059704	74.71973466003318	234.85000000000002	141.35000000000002	68.75	240.9	149.60000000000002	80.85000000000001	603.0
646.0	208.98902195608792	182.5544411177645	67.69006986027945	167.75	140.25	63.25000000000001	243.65	226.60000000000002	73.7	1002.0
647.0	219.89652423469377	186.09292091836738	51.14052933673471	188.10000000000002	163.35000000000002	43.45	240.35000000000002	221.65	58.85	1568.0
648.0	238.03772935779818	163.93532110091735	51.82614678899083	235.4	159.5	45.1	240.9	167.20000000000002	56.1	436.0
649.0	226.85816326530633	201.04664723032056	67.05029154518951	218.9	190.85000000000002	63.800000000000004	234.3	209.00000000000003	69.85000000000001	343.0
650.0	212.92409867172677	165.19829222011387	56.847248576850106	166.10000000000002	138.60000000000002	52.800000000000004	237.60000000000002	221.10000000000002	59.95	527.0
651.0	229.14181338028177	165.93829225352113	40.06527288732395	176.0	144.65	34.650000000000006	242.00000000000003	224.95000000000002	44.0	1136.0
652.0	191.19514024787966	209.22064579256363	46.013078930202205	173.8	146.85000000000002	40.7	241.45000000000002	226.05	51.150000000000006	1533.0
653.0	192.68949579831943	186.52138188608774	17.9923436041083	174.35000000000002	177.10000000000002	12.100000000000001	200.20000000000002	191.95000000000002	27.500000000000004	1071.0
654.0	203.64075829383893	116.94146919431277	63.676184834123234	199.65	110.00000000000001	61.60000000000001	207.9	122.10000000000001	65.45	844.0
655.0	209.62027027027028	173.69189189189188	12.39594594594595	189.75000000000003	162.25	9.350000000000001	220.55	195.8	15.400000000000002	407.0
656.0	200.54862700228827	186.10137299771162	11.549999999999997	189.75000000000003	162.8	8.8	221.10000000000002	200.20000000000002	13.200000000000001	437.0
657.0	207.7458892617449	178.68171140939597	10.509060402684565	193.05	165.0	7.700000000000001	222.20000000000002	196.9	14.3	596.0
658.0	210.3357826086955	178.9900869565217	16.963434782608704	189.20000000000002	160.60000000000002	13.200000000000001	228.8	207.35000000000002	23.650000000000002	1150.0
659.0	207.3117760617762	190.0929536679536	23.465250965250966	188.65	160.05	18.700000000000003	231.55	212.3	28.6	518.0
660.0	174.9427735719202	183.18785271851334	72.81538196834137	157.3	136.95000000000002	66.55000000000001	213.4	200.20000000000002	77.55000000000001	1453.0
661.0	207.32327935222676	148.6057692307694	71.15040485829961	202.95000000000002	143.55	67.65	211.20000000000002	151.8	74.80000000000001	494.0
662.0	206.5016949152542	147.65449152542365	74.62288135593221	200.20000000000002	141.9	70.95	211.20000000000002	153.45000000000002	78.65	590.0
663.0	193.33266253869974	170.371439628483	75.44450464396284	174.9	150.70000000000002	71.5	208.45000000000002	194.15	78.65	646.0
664.0	172.8519696117052	155.7527574563873	50.84451322453574	156.20000000000002	141.9	42.35	183.70000000000002	168.3	58.300000000000004	1777.0
665.0	188.66449275362345	182.14565217391328	93.51630434782611	171.60000000000002	152.35000000000002	80.85000000000001	210.65	199.10000000000002	107.25000000000001	1518.0
666.0	179.44885641677254	175.63939008894545	71.32109275730623	159.5	137.5	66.0	209.00000000000003	195.8	75.9	787.0
667.0	202.34137596899228	152.2029069767442	69.03672480620156	198.00000000000003	148.5	65.45	206.25000000000003	155.65	72.60000000000001	516.0
668.0	178.9126954346466	162.9860850531582	21.507442151344623	172.70000000000002	153.45000000000002	18.150000000000002	183.70000000000002	169.4	25.85	1599.0
669.0	237.93936170212763	157.73297872340433	78.25547112462007	234.85000000000002	154.55	74.25	240.35000000000002	160.60000000000002	81.4	329.0
670.0	206.77795516304366	189.85574048913048	77.32843070652174	176.55	146.85000000000002	72.60000000000001	239.8	223.85000000000002	81.4	1472.0
671.0	219.1904152249134	178.51096885813146	73.85186851211074	180.95000000000002	148.5	67.10000000000001	243.65	222.75000000000003	79.2	1445.0
672.0	205.79441416893735	195.6636239782017	46.03964577656676	177.65	146.85000000000002	42.35	244.75000000000003	227.15	49.50000000000001	367.0
673.0	220.8949353448276	194.08717672413806	27.467995689655183	209.00000000000003	177.10000000000002	22.0	235.95000000000002	209.00000000000003	34.1	464.0
674.0	237.05901639344262	167.1008196721313	74.51508196721312	234.3	163.9	71.5	239.8	171.05	77.0	305.0
675.0	200.16232876712337	205.84917808219177	96.55287671232875	194.15	201.85000000000002	94.05000000000001	205.15	209.55	99.55000000000001	365.0
676.0	224.01380434782612	186.2885869565218	74.79521739130433	194.15	165.0	69.85000000000001	239.25000000000003	220.00000000000003	79.75	460.0
677.0	218.4694144144144	206.74747747747753	68.70986486486487	205.70000000000002	180.95000000000002	57.75000000000001	237.60000000000002	217.8	79.75	1110.0
678.0	217.2314766839379	206.94106217616581	77.88056994818653	207.9	192.50000000000003	71.5	231.00000000000003	213.4	83.05000000000001	386.0
679.0	170.97975077881625	157.27087227414324	35.60893042575286	134.75	112.75000000000001	29.150000000000002	211.20000000000002	199.65	44.0	963.0
680.0	135.93629707112973	191.27803347280346	39.484937238493735	133.10000000000002	188.65	35.75	141.35000000000002	194.70000000000002	45.1	478.0
681.0	160.89461738002592	169.34863813229572	38.889494163424125	134.75	114.4	29.700000000000003	208.45000000000002	200.20000000000002	46.2	771.0
682.0	141.28946540880509	201.24638364779878	32.04701257861635	137.5	198.55	28.05	146.85000000000002	203.50000000000003	38.5	318.0
683.0	193.8553949903661	194.82398843930636	49.881502890173415	167.20000000000002	142.45000000000002	45.1	238.15	223.3	55.00000000000001	519.0
684.0	238.575622406639	147.0382780082988	48.98537344398341	236.50000000000003	143.55	43.45	240.35000000000002	150.70000000000002	53.900000000000006	482.0
685.0	214.7793351610694	171.35308430431792	48.66991089787525	169.95000000000002	141.9	42.35	239.25000000000003	223.3	55.550000000000004	1459.0
686.0	203.60350779510006	186.11681514476624	14.32878619153675	195.8	170.5	11.55	218.35000000000002	193.60000000000002	17.05	898.0
687.0	200.94762484774643	187.09512789281357	17.641534713763704	196.9	181.50000000000003	14.850000000000001	206.8	190.85000000000002	20.35	821.0
688.0	212.91036585365856	184.006300813008	17.496036585365857	199.10000000000002	171.05	13.750000000000002	224.4	203.50000000000003	20.900000000000002	492.0
689.0	188.61641791044798	161.74104477611957	12.89328358208956	167.75	143.0	9.9	205.15	188.65	15.950000000000001	737.0
690.0	183.62510162601626	172.6485772357725	11.166565040650408	173.25	148.5	8.8	200.20000000000002	185.9	13.200000000000001	492.0
691.0	187.5026490066225	166.79569536423816	15.174172185430468	174.9	148.5	11.55	200.75000000000003	181.50000000000003	18.700000000000003	302.0
692.0	201.15019880715704	165.44612326043747	9.778628230616293	196.9	162.25	6.050000000000001	206.25000000000003	168.85000000000002	14.3	503.0
693.0	195.578070175439	180.42814327485388	9.722295321637427	189.20000000000002	166.65	7.15	210.65	186.45000000000002	12.100000000000001	684.0
694.0	181.56892116182578	178.22601659751032	55.5609543568465	162.8	145.20000000000002	30.800000000000004	211.75000000000003	201.3	67.10000000000001	1205.0
695.0	170.43139913232105	146.1132863340563	42.46811279826465	155.10000000000002	135.85000000000002	36.300000000000004	175.45000000000002	162.8	49.50000000000001	922.0
696.0	185.2377748460862	162.34190853122254	68.1458223394899	161.70000000000002	139.15	63.25000000000001	206.25000000000003	190.3	74.80000000000001	1137.0
697.0	178.77231237322516	171.48732251521304	66.85679513184584	162.8	144.65	63.25000000000001	201.3	189.75000000000003	69.85000000000001	493.0
698.0	186.3016574585637	168.74668508287309	74.74171270718233	164.45000000000002	140.8	69.30000000000001	209.55	196.35000000000002	81.95	1991.0
699.0	192.11425818882475	162.34961464354544	72.195183044316	168.85000000000002	145.75	68.2	206.8	192.50000000000003	75.35000000000001	519.0
700.0	192.84941176470585	173.80554621848722	86.6772268907563	174.35000000000002	155.10000000000002	79.75	209.00000000000003	195.25000000000003	93.50000000000001	595.0
701.0	175.84050000000016	192.17916666666662	80.35133333333336	171.60000000000002	189.75000000000003	77.55000000000001	181.50000000000003	196.35000000000002	83.05000000000001	300.0
702.0	169.1941803599368	155.63526017214414	56.12291666666669	145.75	129.25	33.0	191.4	183.70000000000002	62.7	5112.0
703.0	236.57955112219452	146.50847880299247	65.49526184538654	232.65	144.10000000000002	63.25000000000001	239.8	149.05	67.65	401.0
704.0	201.4893106660455	169.16022356776918	7.282440614811367	180.4	150.15	3.3000000000000003	217.25000000000003	194.70000000000002	12.65	2147.0
705.0	192.13972868217044	190.49932170542633	6.09156976744187	187.55	184.8	3.3000000000000003	195.8	195.8	9.350000000000001	516.0
706.0	162.54801502145924	182.20107296137348	47.9656652360515	138.05	114.95	39.050000000000004	222.20000000000002	211.20000000000002	54.45	932.0
707.0	164.4776061776061	191.83697983697985	48.031209781209775	140.25	116.05000000000001	41.25	225.50000000000003	221.10000000000002	55.00000000000001	2331.0
708.0	214.0426851851852	193.4818518518519	32.529444444444444	184.25000000000003	157.85000000000002	18.150000000000002	244.75000000000003	225.50000000000003	50.050000000000004	540.0
709.0	238.4029481132075	147.1548349056602	57.280424528301914	236.50000000000003	140.8	54.45	240.9	154.0	59.95	424.0
710.0	214.3827358490564	169.4280188679245	49.548254716981134	163.35000000000002	134.75	34.1	240.9	224.95000000000002	63.800000000000004	1060.0
711.0	215.69999999999996	190.09000000000006	30.741666666666674	198.00000000000003	157.85000000000002	17.6	244.20000000000002	209.00000000000003	51.150000000000006	660.0
712.0	220.90750000000006	191.5179605263157	28.880065789473672	206.25000000000003	174.9	18.700000000000003	235.4	207.9	38.5	1520.0
713.0	242.25710059171593	154.04881656804736	48.05014792899409	239.8	150.15	45.1	244.75000000000003	158.4	50.050000000000004	338.0
714.0	219.3271792360431	203.56895200783532	64.62257590597454	202.95000000000002	177.10000000000002	52.25000000000001	239.8	218.9	74.25	1021.0
715.0	225.66370449678794	198.16252676659528	65.78486795146324	209.00000000000003	178.20000000000002	60.50000000000001	240.35000000000002	216.70000000000002	73.15	1401.0
716.0	202.14092105263157	119.185	33.58039473684211	199.10000000000002	116.05000000000001	29.700000000000003	205.15	122.10000000000001	37.400000000000006	380.0
717.0	205.0151699029127	120.46334951456309	33.57669902912622	201.3	117.7	28.6	207.9	123.20000000000002	37.400000000000006	412.0
718.0	206.67905092592608	121.10567129629626	29.874421296296294	202.4	117.15	25.3	211.20000000000002	124.30000000000001	34.650000000000006	432.0
719.0	226.53888888888892	132.82735042735044	33.38076923076923	224.4	129.8	31.35	229.35000000000002	136.4	35.2	234.0
720.0	172.99333333333337	175.4687804878048	24.766544715447164	145.75	122.65	19.8	216.70000000000002	202.4	30.250000000000004	1230.0
721.0	193.4987075928918	158.389337641357	24.024071082390957	154.0	128.15	19.25	220.55	203.50000000000003	28.6	619.0
722.0	219.14302325581417	169.35163517441913	42.73172238372093	180.4	136.95000000000002	35.75	238.70000000000002	222.75000000000003	50.050000000000004	1376.0
723.0	199.7143164230439	185.76805674978502	10.753611349957	190.85000000000002	165.55	6.6000000000000005	216.15	201.85000000000002	17.05	1163.0
724.0	196.8053412462908	186.11869436201792	8.26958456973294	192.50000000000003	183.15	6.050000000000001	200.20000000000002	189.20000000000002	12.100000000000001	337.0
725.0	203.66351351351352	186.62094594594578	11.622837837837846	195.25000000000003	168.3	8.25	218.9	199.10000000000002	14.3	370.0
726.0	180.5312649164677	149.58293556085923	49.65883054892601	176.0	145.20000000000002	46.75000000000001	185.35000000000002	152.9	52.800000000000004	419.0
727.0	205.74265428727472	175.7158383397051	72.89827962861825	177.65	150.70000000000002	63.25000000000001	215.60000000000002	198.00000000000003	85.25	1831.0
728.0	174.53615002259363	157.60793041120652	34.13827383642115	167.75	149.60000000000002	28.6	180.95000000000002	163.9	41.25	2213.0
729.0	178.73881967213154	161.17668852459005	39.306786885245906	173.8	155.65	35.75	182.60000000000002	167.20000000000002	45.1	1525.0
730.0	187.34305354558606	167.92033285094075	75.8020984081042	166.65	142.45000000000002	67.10000000000001	204.05	195.25000000000003	88.55000000000001	691.0
731.0	197.4287671232876	167.01027397260265	71.32808219178084	178.75000000000003	156.75	67.65	206.25000000000003	187.00000000000003	74.80000000000001	803.0
732.0	187.06753950338612	177.1049661399549	77.08889390519188	172.15	150.15	70.4	206.8	194.15	86.9	2215.0
733.0	175.08030660377378	159.12987421383582	24.573008385744235	167.20000000000002	150.70000000000002	19.8	182.05	166.65	29.700000000000003	3816.0
734.0	176.80313143798924	160.49235681911873	28.124783683559937	168.3	152.35000000000002	23.1	183.70000000000002	166.65	33.550000000000004	2427.0
735.0	174.87287968441814	156.6328402366862	31.41183431952663	169.95000000000002	150.70000000000002	27.500000000000004	180.4	162.8	34.650000000000006	1014.0
736.0	206.06796690307323	179.29674940898377	10.427245862884183	198.00000000000003	171.05	4.95	224.95000000000002	194.70000000000002	31.35	1692.0
737.0	200.29572649572637	186.57777777777778	70.86538461538461	166.65	138.60000000000002	65.45	239.25000000000003	224.4	76.45	1287.0
738.0	192.178205128205	197.22051282051297	67.76666666666668	170.5	139.70000000000002	65.45	238.70000000000002	222.20000000000002	70.4	429.0
739.0	201.8756809338522	189.5777237354084	67.56065175097277	175.45000000000002	146.3	64.9	238.70000000000002	222.20000000000002	70.95	1028.0
740.0	203.3231343283581	186.31243781094528	13.758457711442798	179.3	151.8	6.6000000000000005	234.3	209.55	22.0	2211.0
741.0	198.9957802547773	195.40939490445874	15.478821656050956	181.50000000000003	159.5	9.350000000000001	232.10000000000002	211.75000000000003	20.900000000000002	628.0
742.0	213.53865546218483	199.81407563025226	92.47510504201682	210.10000000000002	194.70000000000002	88.0	217.25000000000003	205.15	95.15	476.0
743.0	220.43978174603177	195.50972222222228	91.08065476190478	212.85000000000002	188.65	86.9	226.05	203.50000000000003	95.15	504.0
744.0	214.2188888888889	188.99466666666657	84.19155555555557	189.20000000000002	158.95000000000002	79.75	235.4	217.8	87.45	675.0
745.0	226.48525862068965	185.7122413793105	72.94422413793104	195.8	168.3	66.0	239.8	220.55	78.65	580.0
746.0	234.00561357702344	191.73890339425597	56.11292428198436	232.10000000000002	188.10000000000002	52.25000000000001	236.50000000000003	195.25000000000003	59.95	383.0
747.0	221.13642972536357	206.9821486268175	58.497253634894996	213.95000000000002	190.3	52.25000000000001	234.3	213.4	68.2	619.0
748.0	216.38404255319156	209.2351063829788	68.11595744680852	212.85000000000002	205.70000000000002	63.25000000000001	220.00000000000003	211.75000000000003	73.15	517.0
749.0	216.27738970588237	207.78676470588238	71.8467830882353	210.65	204.05	66.0	221.10000000000002	211.75000000000003	75.9	544.0
750.0	225.95938395415473	199.458524355301	59.68524355300859	217.8	190.85000000000002	56.650000000000006	233.20000000000002	207.9	62.7	698.0
751.0	223.01863425925924	200.19809027777785	51.80248842592593	218.9	195.25000000000003	47.85	226.05	204.60000000000002	56.1	864.0
752.0	225.48648925281483	194.85030706243586	50.69738996929377	221.10000000000002	192.50000000000003	44.0	229.9	197.45000000000002	55.550000000000004	977.0
753.0	224.45399543379	198.1255707762557	54.25159817351597	221.10000000000002	195.25000000000003	49.50000000000001	227.70000000000002	201.3	57.75000000000001	438.0
754.0	226.9309593023256	199.72407945736435	51.89772286821706	223.3	194.70000000000002	43.45	230.45000000000002	205.70000000000002	57.2	1032.0
755.0	226.70066312997358	201.43129973474802	57.364854111405855	220.00000000000003	192.50000000000003	45.650000000000006	233.20000000000002	207.9	67.65	377.0
756.0	217.30335397316833	200.86976264189894	78.47688338493295	196.9	167.75	68.75	238.70000000000002	219.45000000000002	85.25	969.0
757.0	223.26362433862425	126.81428571428573	34.846428571428575	216.70000000000002	119.9	31.35	228.25000000000003	133.10000000000002	39.050000000000004	756.0
758.0	225.19491525423743	127.91610169491526	40.17457627118644	221.10000000000002	123.20000000000002	36.85	229.9	133.10000000000002	44.0	649.0
759.0	182.782584269663	187.98651685393259	40.06853932584269	153.45000000000002	128.15	35.75	234.3	221.10000000000002	44.550000000000004	979.0
760.0	191.93598901098915	183.5085164835167	46.97280219780222	151.8	126.50000000000001	41.800000000000004	233.75000000000003	223.85000000000002	52.25000000000001	2002.0
761.0	194.4693235294117	166.89297058823556	15.042823529411766	172.15	145.20000000000002	10.450000000000001	213.4	194.70000000000002	19.8	1700.0
762.0	202.54412331406553	153.808188824663	13.534874759152213	198.00000000000003	150.15	10.450000000000001	209.55	158.4	16.5	519.0
763.0	187.25600600600612	172.7990990990992	18.44234234234234	173.8	145.75	15.950000000000001	204.05	195.25000000000003	20.900000000000002	333.0
764.0	185.91888977635793	143.31497603833853	60.60059904153358	141.9	122.65	55.00000000000001	203.50000000000003	193.60000000000002	65.45	1252.0
765.0	191.66435185185188	175.38078703703724	76.16157407407408	174.9	155.65	68.75	205.70000000000002	191.4	83.60000000000001	2376.0
766.0	187.68100616016443	177.26375770020525	85.05631416837784	167.20000000000002	147.95000000000002	79.75	210.10000000000002	197.45000000000002	91.30000000000001	974.0
767.0	193.0809290953545	212.21393643031786	20.273349633251826	189.75000000000003	207.9	16.5	196.9	217.25000000000003	25.3	409.0
768.0	183.71424302788833	173.11304780876495	5.0014940239043835	176.55	169.95000000000002	1.6500000000000001	190.3	176.0	8.25	502.0
769.0	204.3904054054055	153.97472972972975	8.837162162162164	201.85000000000002	150.15	6.6000000000000005	206.8	158.4	11.55	370.0
770.0	206.50029940119762	172.77327844311378	8.803293413173654	188.10000000000002	160.05	4.95	221.65	198.55	13.750000000000002	668.0
771.0	227.2329443447037	145.32244165170545	78.06149012567325	223.85000000000002	139.15	75.35000000000001	229.9	150.15	81.4	557.0
772.0	211.7726941747573	197.05618932038823	93.98191747572815	203.50000000000003	178.75000000000003	90.75000000000001	224.4	205.15	96.25000000000001	412.0
773.0	207.53729967948723	194.67223557692319	82.86225961538463	187.55	160.05	78.10000000000001	234.3	215.60000000000002	89.10000000000001	1248.0
774.0	208.28499999999994	191.47500000000002	85.21	187.55	158.95000000000002	80.85000000000001	233.75000000000003	216.70000000000002	88.55000000000001	660.0
775.0	226.72273489932877	199.49958053691265	61.42558724832217	217.25000000000003	185.9	57.2	238.70000000000002	209.55	67.10000000000001	596.0
776.0	225.33408748114613	200.70188536953268	47.77948717948719	221.65	196.9	43.45	228.25000000000003	205.15	52.25000000000001	663.0
777.0	233.64513618677046	174.17451361867705	84.04727626459145	231.55	168.85000000000002	81.4	235.95000000000002	177.65	86.35000000000001	257.0
778.0	212.75708191126282	204.44795221842998	80.9307167235495	201.85000000000002	177.65	74.25	233.75000000000003	216.70000000000002	85.80000000000001	586.0
779.0	218.7903674832963	194.6283407572383	87.23073496659241	201.85000000000002	175.45000000000002	80.30000000000001	232.65	213.95000000000002	92.95	898.0
780.0	211.2016450648058	186.77243270189433	44.74027916251245	173.8	148.5	39.050000000000004	242.00000000000003	224.95000000000002	50.050000000000004	1003.0
781.0	173.9983138780809	182.0596303501947	50.36173800259404	140.8	118.80000000000001	45.650000000000006	229.35000000000002	215.60000000000002	55.550000000000004	1542.0
782.0	178.34714131607333	217.55199568500538	57.45809061488674	173.8	212.3	51.150000000000006	183.15	221.10000000000002	63.25000000000001	927.0
783.0	193.23024561403543	167.21235087719322	16.25298245614035	172.15	146.85000000000002	12.65	211.75000000000003	193.05	20.35	1425.0
784.0	201.03820459290176	152.81617954070967	16.268058455114826	196.35000000000002	149.60000000000002	12.65	206.25000000000003	156.75	19.25	479.0
785.0	198.9922811059908	132.3586405529954	55.4422811059908	195.25000000000003	128.70000000000002	52.25000000000001	202.4	135.85000000000002	58.85	434.0
786.0	196.50566037735857	116.9279245283019	61.17867924528303	194.15	113.30000000000001	58.85	200.75000000000003	121.00000000000001	63.25000000000001	265.0
787.0	219.29294797687874	180.82156069364143	26.637803468208098	189.20000000000002	161.70000000000002	19.25	237.60000000000002	216.15	33.0	865.0
788.0	184.88363588529324	161.85309129176574	4.750605103920014	174.9	150.70000000000002	1.1	194.70000000000002	172.70000000000002	9.9	3801.0
789.0	188.80833333333348	166.48536036036046	3.4972972972972896	174.35000000000002	154.0	0.0	196.35000000000002	176.0	8.8	2442.0
790.0	182.51904400606983	181.03846737481052	9.040364188163881	170.5	144.10000000000002	4.4	212.3	196.9	13.200000000000001	1318.0
791.0	199.4713080168774	173.65008438818572	14.458270042194098	173.8	148.5	11.0	218.9	198.00000000000003	18.150000000000002	1185.0
792.0	189.49883124287336	176.25179589509688	10.3998289623717	172.70000000000002	145.20000000000002	4.95	213.95000000000002	195.8	15.950000000000001	1754.0
793.0	204.64470319634705	156.4687214611872	6.639680365296808	180.95000000000002	147.4	3.3000000000000003	211.20000000000002	188.65	10.450000000000001	1095.0
794.0	191.0601851851852	172.77870370370385	4.811111111111108	179.85000000000002	156.75	2.75	204.60000000000002	186.45000000000002	7.15	594.0
795.0	202.40885167464126	180.6894736842108	9.146889952153106	184.8	155.10000000000002	3.3000000000000003	223.85000000000002	203.50000000000003	14.850000000000001	2299.0
796.0	215.35946666666663	174.63013333333328	87.69713333333334	178.75000000000003	149.05	82.5	232.65	214.50000000000003	93.50000000000001	750.0
797.0	198.35519480519497	180.62272727272716	78.37564935064935	162.25	135.85000000000002	73.15	234.3	218.9	84.7	1694.0
798.0	164.43809891808343	221.26831530139094	69.25834621329211	160.05	217.25000000000003	64.9	169.4	224.4	73.7	647.0
799.0	205.31287015945347	183.85159453302936	83.31685649202734	173.25	144.10000000000002	77.0	236.50000000000003	220.00000000000003	88.0	1756.0
800.0	207.76284634760722	182.92418136020163	79.50755667506299	180.95000000000002	154.55	76.45	231.55	213.95000000000002	83.05000000000001	397.0
801.0	219.06622718052742	196.79178498985803	86.32545638945234	212.85000000000002	185.9	80.30000000000001	225.50000000000003	206.25000000000003	93.50000000000001	493.0
802.0	220.81293859649114	198.5033625730995	81.37989766081871	216.15	193.05	75.9	228.25000000000003	205.15	86.9	684.0
803.0	223.07409568261386	201.5169194865813	58.44311551925322	212.85000000000002	188.10000000000002	44.550000000000004	233.20000000000002	211.20000000000002	69.30000000000001	857.0
804.0	223.29439592430865	191.93799126637546	75.80393013100436	200.20000000000002	173.25	66.55000000000001	238.70000000000002	220.00000000000003	83.05000000000001	687.0
805.0	224.80014492753617	201.59971014492763	67.28731884057973	217.8	191.95000000000002	63.800000000000004	232.65	208.45000000000002	70.4	690.0
806.0	227.09516871165638	197.9924079754601	57.455598159509215	218.35000000000002	185.9	42.35	238.15	209.00000000000003	72.60000000000001	652.0
807.0	230.4463016330451	188.66479346781952	76.11767531219982	226.60000000000002	184.25000000000003	69.30000000000001	234.85000000000002	193.60000000000002	88.0	1041.0
808.0	224.6004672897196	200.32593457943926	60.741588785046716	221.10000000000002	197.45000000000002	58.300000000000004	227.15	203.50000000000003	62.7	214.0
809.0	221.94958100558654	183.6231843575419	77.41480446927375	191.95000000000002	163.35000000000002	72.60000000000001	237.60000000000002	219.45000000000002	81.4	358.0
810.0	233.83637413394928	173.6894919168592	78.13429561200924	230.45000000000002	168.85000000000002	74.25	237.05	177.10000000000002	80.85000000000001	433.0
811.0	219.62078464106855	195.69716193656106	76.6373121869783	201.85000000000002	174.35000000000002	70.95	236.50000000000003	217.25000000000003	81.95	599.0
812.0	219.44498861047836	192.97921412300693	86.68513667425968	201.85000000000002	174.35000000000002	79.75	231.55	212.85000000000002	91.30000000000001	878.0
813.0	227.5632596685082	177.72292817679565	91.33950276243095	225.50000000000003	174.35000000000002	89.10000000000001	229.35000000000002	181.50000000000003	93.50000000000001	181.0
814.0	215.4725806451614	197.28870967741946	79.07580645161292	201.85000000000002	176.0	74.80000000000001	232.10000000000002	213.4	82.5	341.0
815.0	217.2242805755396	195.07194244604318	82.77104316546763	202.4	176.55	79.75	231.55	211.75000000000003	86.35000000000001	278.0
816.0	216.88196808510642	204.48765957446807	73.70234042553193	207.35000000000002	184.8	64.35000000000001	231.00000000000003	216.15	82.5	940.0
817.0	231.62438524590166	175.92336065573767	83.97418032786886	229.9	172.15	81.95	233.20000000000002	180.4	87.45	244.0
818.0	173.51888888888885	176.80055555555572	47.45583333333333	141.35000000000002	119.35000000000001	41.25	224.95000000000002	212.85000000000002	53.900000000000006	720.0
819.0	205.99320987654332	143.35185185185185	49.47345679012346	143.55	119.9	44.550000000000004	227.70000000000002	210.65	56.1	891.0
820.0	227.68935079726643	152.78097949886103	44.30193621867882	174.9	135.85000000000002	36.85	239.25000000000003	223.85000000000002	52.800000000000004	878.0
821.0	199.66560283687963	177.38280141843975	42.43516548463357	178.75000000000003	163.35000000000002	26.400000000000002	214.50000000000003	194.70000000000002	53.35	2538.0
822.0	196.70433759246816	178.60316072629502	51.58496973772697	176.55	154.0	44.550000000000004	215.60000000000002	200.75000000000003	56.650000000000006	1487.0
823.0	190.37513458950204	184.69969717362025	49.35047106325706	177.10000000000002	156.20000000000002	43.45	214.50000000000003	200.75000000000003	54.45	1486.0
824.0	201.46340075853368	181.38109987357817	43.06201011378003	194.70000000000002	171.60000000000002	38.5	209.55	188.10000000000002	48.95	791.0
825.0	178.6222323049003	160.21869328493676	49.969646098003636	149.05	132.55	45.650000000000006	205.15	192.50000000000003	57.2	1102.0
826.0	221.3345238095239	124.7154761904762	74.1404761904762	216.70000000000002	121.00000000000001	71.5	224.95000000000002	128.15	77.55000000000001	462.0
827.0	223.82451888809695	196.74005702067015	53.359016393442616	215.60000000000002	184.25000000000003	24.200000000000003	232.65	207.35000000000002	86.35000000000001	1403.0
828.0	217.60111607142852	198.47511160714294	26.408593749999994	214.50000000000003	195.25000000000003	22.55	221.10000000000002	203.50000000000003	30.800000000000004	448.0
829.0	225.02101648351663	187.71167582417584	28.522184065934056	221.10000000000002	183.70000000000002	23.650000000000002	228.25000000000003	191.4	34.1	728.0
830.0	234.28309692671405	135.99562647754138	68.47955082742317	230.45000000000002	132.0	64.9	238.15	140.25	72.05000000000001	423.0
831.0	202.07743243243246	177.90518018018017	61.55243243243245	162.8	136.4	57.75000000000001	238.15	223.3	66.0	1110.0
832.0	189.84691629955944	213.7803964757709	71.07356828193834	187.00000000000003	211.20000000000002	68.2	191.95000000000002	217.25000000000003	74.25	227.0
833.0	215.61296023564057	181.20920471281303	75.67724594992636	187.00000000000003	157.85000000000002	70.95	234.3	216.15	79.2	679.0
834.0	201.40156407669016	200.21553985872865	71.38456104944501	179.3	153.45000000000002	64.35000000000001	239.8	226.05	77.55000000000001	991.0
835.0	216.87263215859025	181.70655286343592	63.95688325991191	179.3	149.05	60.50000000000001	244.20000000000002	227.15	68.2	908.0
836.0	221.24916483516478	180.5003296703297	65.54186813186814	180.95000000000002	153.45000000000002	58.85	244.20000000000002	226.05	78.10000000000001	2275.0
837.0	199.72568807339425	187.8993524015113	76.64886670264437	171.05	144.10000000000002	70.4	235.95000000000002	220.00000000000003	84.15	1853.0
838.0	213.80983969043675	186.90058043117725	67.17509673852959	183.70000000000002	153.45000000000002	60.50000000000001	240.9	223.3	78.65	1809.0
839.0	209.12559701492555	186.00445895522375	71.72595149253732	177.65	148.5	62.7	239.8	226.05	80.85000000000001	2680.0
840.0	200.61572459410684	188.14960914010805	79.12095610342755	175.45000000000002	146.85000000000002	73.15	233.75000000000003	216.70000000000002	84.15	1663.0
841.0	222.73556085918858	195.4075178997613	77.84140811455848	218.9	193.05	74.25	226.60000000000002	198.00000000000003	81.4	419.0
842.0	209.77749259624866	194.54037512339602	92.68613030602174	193.05	165.0	88.0	227.70000000000002	212.3	95.15	1013.0
843.0	219.84251798561164	183.7071223021582	86.7211510791367	194.15	164.45000000000002	78.65	234.85000000000002	216.15	92.95	695.0
844.0	212.5520172910662	200.3722382324689	86.95389048991355	196.35000000000002	168.3	81.95	233.75000000000003	215.60000000000002	93.50000000000001	1041.0
845.0	214.07401960784316	195.12800245098046	89.6311274509804	200.20000000000002	174.9	85.80000000000001	228.8	210.10000000000002	93.50000000000001	816.0
846.0	214.79422492401213	197.95151975683888	85.7983282674772	202.95000000000002	177.10000000000002	83.05000000000001	229.35000000000002	211.20000000000002	88.0	329.0
847.0	208.96474358974362	207.74957264957266	86.6837606837607	206.8	205.15	83.60000000000001	211.20000000000002	209.55	89.65	234.0
848.0	224.4410447761194	184.25547263681597	91.79800995024874	222.20000000000002	177.65	89.10000000000001	226.60000000000002	188.10000000000002	94.60000000000001	201.0
849.0	225.8318763326225	199.10195451314885	65.57313432835821	220.55	190.85000000000002	60.50000000000001	230.45000000000002	205.70000000000002	71.5	1407.0
850.0	197.733180778032	167.05652173913037	42.30846681922197	177.65	156.20000000000002	39.050000000000004	207.35000000000002	188.10000000000002	47.300000000000004	874.0
851.0	194.82344949793261	182.0321323095094	43.80540460720615	180.4	161.70000000000002	37.400000000000006	209.00000000000003	192.50000000000003	49.50000000000001	1693.0
852.0	200.3871892925431	178.87304015296374	52.226864244741876	177.65	154.55	49.50000000000001	218.35000000000002	203.50000000000003	53.900000000000006	523.0
853.0	203.91281368821294	174.83391634980978	55.06733840304182	177.10000000000002	152.35000000000002	51.7	220.55	205.70000000000002	59.400000000000006	1315.0
854.0	202.82363556338026	175.75501760563407	56.85625	177.65	152.35000000000002	53.35	220.00000000000003	203.50000000000003	60.50000000000001	1136.0
855.0	162.3894549763036	174.7892180094786	58.36125592417061	144.10000000000002	125.4	54.45	202.95000000000002	194.70000000000002	64.35000000000001	422.0
856.0	166.80040613718393	173.8099277978338	53.09386281588447	146.85000000000002	128.15	47.300000000000004	205.70000000000002	195.8	58.85	1108.0
857.0	187.940917107584	155.58500881834235	62.62239858906528	152.35000000000002	131.45000000000002	58.300000000000004	208.45000000000002	198.55	66.0	567.0
858.0	176.72227805695138	170.82060301507536	65.60385259631491	151.8	130.35000000000002	59.95	210.10000000000002	203.50000000000003	69.30000000000001	597.0
859.0	155.98896620278325	177.7921471172963	55.498608349900586	141.9	128.15	52.800000000000004	201.3	190.85000000000002	60.50000000000001	503.0
860.0	168.94484251968453	168.27011811023624	54.79385826771653	145.20000000000002	125.4	47.85	203.50000000000003	193.60000000000002	61.050000000000004	1270.0
861.0	181.2002546689301	171.86208262591936	60.63664402942841	155.10000000000002	133.65	56.1	211.75000000000003	199.65	64.35000000000001	1767.0
862.0	186.3452380952381	166.39348739495776	9.823739495798298	170.5	150.15	6.050000000000001	199.10000000000002	183.70000000000002	13.200000000000001	714.0
863.0	208.9482204362802	164.03639494833538	10.835820895522417	183.15	153.45000000000002	7.700000000000001	219.45000000000002	195.25000000000003	15.400000000000002	871.0
864.0	197.57169926650363	173.00323960880218	10.11919315403422	180.95000000000002	155.65	6.050000000000001	216.70000000000002	192.50000000000003	14.3	818.0
865.0	198.19938900203672	176.66873727087574	8.069653767820775	184.8	157.85000000000002	5.5	216.15	192.50000000000003	11.55	491.0
866.0	191.79294117647052	168.34647058823538	77.24823529411768	158.4	132.0	74.25	222.20000000000002	206.25000000000003	80.30000000000001	935.0
867.0	196.81226777706607	178.55304292120422	71.72479180012813	179.85000000000002	154.55	66.0	215.05	202.95000000000002	77.0	1561.0
868.0	188.84901315789477	196.53453947368416	72.14890350877194	166.65	139.15	69.85000000000001	234.85000000000002	221.10000000000002	75.35000000000001	456.0
869.0	170.4086102719034	220.20770392749245	66.77432024169185	168.3	217.8	63.800000000000004	172.70000000000002	222.20000000000002	69.85000000000001	331.0
870.0	216.21440631808275	174.41036220043594	70.2025871459695	176.55	147.4	63.800000000000004	238.15	220.55	80.85000000000001	3672.0
871.0	213.16073085846864	181.61006380510443	70.55632250580047	177.10000000000002	147.4	61.60000000000001	241.45000000000002	223.85000000000002	81.95	1724.0
872.0	182.57827442827457	211.70540540540543	66.9033264033264	177.10000000000002	209.00000000000003	64.35000000000001	186.45000000000002	215.05	70.4	481.0
873.0	225.8969893292685	166.8181021341467	66.1312118902439	182.60000000000002	151.8	62.150000000000006	239.8	222.20000000000002	71.5	1312.0
874.0	219.8532649253733	194.72308768656725	86.91077425373135	215.05	188.65	81.95	226.05	200.75000000000003	90.75000000000001	1072.0
875.0	218.70865900383149	195.3456704980843	89.66812260536398	213.4	187.00000000000003	84.15	223.85000000000002	203.50000000000003	92.4	1305.0
876.0	226.00986024844727	201.66766304347834	61.44670031055904	210.10000000000002	193.60000000000002	48.400000000000006	233.20000000000002	213.4	79.75	1288.0
877.0	228.48442622950833	199.1477868852459	56.031475409836084	221.10000000000002	191.4	51.7	234.3	207.9	62.150000000000006	610.0
878.0	215.74975688816858	186.07560777957866	83.98598055105349	190.3	162.8	78.10000000000001	234.85000000000002	217.25000000000003	92.95	617.0
879.0	170.39731258840158	172.18811881188148	59.7173974540311	147.95000000000002	128.15	54.45	202.95000000000002	193.05	64.9	1414.0
880.0	183.5462466032609	169.15190217391338	59.73515625000007	160.05	140.8	54.45	206.25000000000003	193.60000000000002	64.9	2944.0
881.0	186.56753894080967	173.31579439252351	39.44853582554518	175.45000000000002	159.5	35.2	200.75000000000003	184.8	43.45	1605.0
882.0	193.6881776239908	179.66730103806222	50.758592848904264	179.3	157.85000000000002	46.2	212.3	196.9	56.1	867.0
883.0	160.80557377049186	157.3829508196722	54.82147540983607	136.95000000000002	117.15	51.150000000000006	196.35000000000002	185.35000000000002	57.75000000000001	305.0
884.0	169.64062499999997	182.18212890625009	56.27187500000002	156.20000000000002	135.85000000000002	53.35	206.25000000000003	196.9	59.95	512.0
885.0	208.67619977678567	184.1250837053571	69.96570870535714	198.00000000000003	176.0	64.35000000000001	216.70000000000002	197.45000000000002	76.45	1792.0
886.0	205.21429951690817	173.70115942028994	64.24531400966184	174.35000000000002	149.60000000000002	54.45	217.8	202.4	73.7	1035.0
887.0	214.2027549824149	190.61078546307172	57.10844079718639	207.35000000000002	179.85000000000002	50.050000000000004	218.35000000000002	197.45000000000002	62.7	1706.0
888.0	185.78378196500677	176.53593539703897	45.08667563930014	172.70000000000002	154.0	40.7	206.8	190.85000000000002	50.6	743.0
889.0	187.4033713692947	145.417375518672	56.946680497925286	145.75	125.4	52.25000000000001	206.25000000000003	194.15	60.50000000000001	964.0
890.0	170.05740343347628	167.82671673819735	56.82113733905583	144.65	124.30000000000001	51.150000000000006	206.8	196.9	62.7	466.0
891.0	199.68141225337482	142.6664589823469	63.48644859813088	151.8	127.60000000000001	57.75000000000001	213.4	202.4	69.30000000000001	963.0
892.0	180.99776674937968	155.1900744416874	61.12779156327546	146.3	123.75000000000001	55.550000000000004	208.45000000000002	196.35000000000002	65.45	403.0
893.0	173.79045553145346	167.10097613882843	59.835466377440376	147.95000000000002	127.60000000000001	55.00000000000001	207.35000000000002	196.9	64.9	461.0
894.0	154.38337801608583	195.5021447721179	58.03458445040213	151.25	192.50000000000003	55.00000000000001	158.4	198.55	61.050000000000004	373.0
895.0	179.97206114918308	172.79190827622585	68.44238270954139	154.0	131.45000000000002	63.25000000000001	213.95000000000002	204.60000000000002	73.15	1897.0
896.0	225.89771167048056	147.8014874141878	23.696567505720825	219.45000000000002	144.10000000000002	20.900000000000002	231.00000000000003	152.9	28.6	437.0
897.0	230.80344262295083	154.78983606557384	30.846885245901635	226.60000000000002	151.25	27.500000000000004	234.85000000000002	157.85000000000002	34.1	305.0
898.0	164.29101964452752	139.77923292797004	41.50827876520113	131.45000000000002	112.2	35.2	191.95000000000002	180.4	50.6	1069.0
899.0	148.79920774647874	160.70941901408446	37.80765845070423	133.10000000000002	113.85000000000001	35.2	188.65	181.50000000000003	41.800000000000004	568.0
900.0	164.56445530726265	149.29427374301667	47.15328212290502	132.0	111.65	41.25	198.00000000000003	187.55	52.25000000000001	716.0
901.0	190.94219470046093	161.617309907834	8.353283410138248	170.5	143.0	3.3000000000000003	204.05	185.35000000000002	12.100000000000001	1736.0
902.0	189.2712542245583	177.75140818625573	14.057116034547507	165.55	139.70000000000002	7.700000000000001	224.4	209.00000000000003	20.900000000000002	2663.0
903.0	188.08486672398976	165.88245915735152	16.764832330180575	149.05	122.10000000000001	11.0	228.8	208.45000000000002	24.750000000000004	1163.0
904.0	206.80779352226725	171.49645748987854	20.72408906882593	173.25	143.55	18.150000000000002	229.9	213.4	24.200000000000003	494.0
905.0	201.43765571913946	183.01670441676094	16.82327293318233	173.25	148.5	13.200000000000001	232.65	211.20000000000002	23.1	883.0
906.0	208.94932712215322	185.43483436853015	23.488302277432723	174.9	147.95000000000002	16.5	238.70000000000002	219.45000000000002	31.35	966.0
907.0	217.15369030390738	195.36780028943576	39.86664254703329	194.70000000000002	166.65	36.300000000000004	240.9	219.45000000000002	43.45	691.0
908.0	221.51532921810698	156.67417695473247	97.46769547325106	218.35000000000002	151.25	94.60000000000001	224.4	162.8	100.10000000000001	486.0
909.0	204.8746376811595	180.54420289855113	17.343478260869567	199.10000000000002	174.35000000000002	15.400000000000002	210.10000000000002	187.00000000000003	19.25	759.0
910.0	216.3833512352309	157.02706766917288	67.5903329752954	164.45000000000002	133.10000000000002	62.7	239.25000000000003	224.4	72.60000000000001	931.0
911.0	215.3695718654433	191.4613914373089	70.31506116207952	191.4	166.10000000000002	66.55000000000001	237.05	218.9	74.25	654.0
912.0	219.56600753295672	189.20207156308868	72.67768361581922	194.15	169.4	68.2	236.50000000000003	218.35000000000002	77.55000000000001	531.0
913.0	214.1398166339224	202.55307793058282	53.47462344466276	196.9	174.35000000000002	46.2	238.15	217.25000000000003	61.050000000000004	1527.0
914.0	210.71103658536578	191.22225609756106	95.79054878048784	196.35000000000002	171.05	92.95	226.05	207.35000000000002	99.55000000000001	820.0
915.0	163.33005181347147	220.52720207253884	64.79645941278065	158.95000000000002	217.8	60.50000000000001	168.85000000000002	223.3	68.75	579.0
916.0	210.28162193698967	194.37718786464413	89.05700116686118	195.25000000000003	167.20000000000002	83.60000000000001	230.45000000000002	212.3	93.50000000000001	857.0
917.0	208.0084285714285	199.72700000000006	88.73071428571428	196.35000000000002	168.3	83.60000000000001	230.45000000000002	213.4	91.85000000000001	350.0
918.0	167.3349898580121	141.8397565922924	57.10740365111563	133.10000000000002	114.4	52.25000000000001	191.4	182.05	61.60000000000001	493.0
919.0	209.46547491995742	175.1124866595517	55.550586979722524	184.8	160.60000000000002	47.85	217.8	200.75000000000003	61.60000000000001	937.0
920.0	210.06970187945547	190.10716137394672	53.93600129617629	200.20000000000002	176.0	48.95	217.25000000000003	199.10000000000002	59.400000000000006	1543.0
921.0	208.3794407894737	185.51343201754375	76.43914473684211	193.05	167.20000000000002	72.05000000000001	221.10000000000002	202.95000000000002	80.30000000000001	912.0
922.0	181.98363128491627	180.28508379888274	37.071229050279335	172.70000000000002	170.5	30.800000000000004	190.85000000000002	191.95000000000002	47.300000000000004	895.0
923.0	201.54930950446783	178.8639317627946	39.02587327376117	189.75000000000003	167.20000000000002	31.900000000000002	211.75000000000003	198.00000000000003	54.45	2462.0
924.0	194.7910859728507	171.049004524887	38.35565610859729	179.85000000000002	160.05	34.1	205.15	185.9	42.35	1105.0
925.0	182.64207650273235	173.12001366120222	35.88073770491804	176.55	168.85000000000002	33.550000000000004	190.3	178.75000000000003	37.95	732.0
926.0	192.60734939759035	164.22602409638566	36.641927710843376	187.55	159.5	34.650000000000006	196.35000000000002	168.85000000000002	40.150000000000006	415.0
927.0	196.29656488549614	175.33931297709907	34.39465648854962	189.20000000000002	168.85000000000002	31.900000000000002	202.95000000000002	181.50000000000003	37.95	1441.0
928.0	150.7259057971016	198.79510869565226	56.95289855072464	147.95000000000002	195.8	52.800000000000004	152.9	200.75000000000003	61.050000000000004	276.0
929.0	176.30593047034762	168.87474437627807	58.78476482617589	149.05	127.05000000000001	53.35	210.65	200.75000000000003	64.35000000000001	978.0
930.0	191.4137119113575	156.30969529085885	59.56606648199446	154.55	133.10000000000002	55.550000000000004	211.20000000000002	200.20000000000002	62.7	361.0
931.0	189.16605468749987	155.6444140624998	11.113007812499987	165.55	138.60000000000002	8.25	202.4	185.9	14.3	1280.0
932.0	183.27480211081797	170.7771767810025	10.326649076517139	167.75	140.25	6.050000000000001	206.8	189.20000000000002	14.3	758.0
933.0	181.30655172413805	168.04586206896556	9.513862068965517	169.95000000000002	147.4	6.6000000000000005	196.35000000000002	182.05	12.65	725.0
934.0	202.33061849357	164.4308022045317	13.758420085731787	174.9	147.95000000000002	9.350000000000001	216.15	195.25000000000003	17.6	1633.0
935.0	188.07860727728988	210.22870138017583	21.726035131744077	177.65	157.85000000000002	15.400000000000002	237.05	218.35000000000002	30.250000000000004	1594.0
936.0	221.54252021563346	173.31004043126683	25.176212938005403	185.35000000000002	153.45000000000002	18.700000000000003	238.70000000000002	220.00000000000003	31.900000000000002	742.0
937.0	225.2944757213232	197.48870513722758	40.0164672765658	219.45000000000002	188.65	34.1	232.65	203.50000000000003	44.550000000000004	1421.0
938.0	210.94291784702546	150.06041076487267	67.65623229461757	154.55	127.60000000000001	64.35000000000001	231.55	216.70000000000002	71.5	706.0
939.0	226.5232291666666	194.34937500000024	50.286805555555546	207.9	179.85000000000002	40.7	237.60000000000002	213.4	60.50000000000001	1440.0
940.0	182.2735321100916	217.27119266055055	57.36500000000001	178.75000000000003	211.75000000000003	52.800000000000004	185.9	222.75000000000003	62.7	1090.0
941.0	222.2948275862069	181.4491379310345	72.49051724137931	191.4	165.0	68.2	236.50000000000003	217.8	75.9	638.0
942.0	196.75333333333342	214.36962962962963	64.54555555555557	193.60000000000002	211.75000000000003	61.050000000000004	200.20000000000002	217.25000000000003	68.2	270.0
943.0	215.9590208522212	199.61858567543072	65.18023572076157	199.10000000000002	174.9	57.75000000000001	236.50000000000003	216.70000000000002	73.7	1103.0
944.0	204.2785540704739	172.55097205346303	69.61810449574726	162.8	132.55	65.45	237.05	222.20000000000002	73.15	823.0
945.0	196.03252032520336	179.62642276422736	65.489837398374	160.05	130.9	60.50000000000001	235.95000000000002	221.10000000000002	70.4	1353.0
946.0	209.27583081570998	177.49629909365567	71.88923716012086	177.10000000000002	147.4	67.65	231.00000000000003	213.95000000000002	76.45	1324.0
947.0	228.30915331807782	155.57322654462237	69.87013729977117	226.05	149.05	67.10000000000001	231.00000000000003	159.5	72.60000000000001	437.0
948.0	210.96059644670058	180.25970812182734	69.46157994923858	181.50000000000003	151.25	63.800000000000004	232.10000000000002	215.05	75.9	1576.0
949.0	209.8454545454546	184.0422077922076	71.29458874458875	179.3	149.05	63.25000000000001	237.60000000000002	221.10000000000002	80.85000000000001	2541.0
950.0	211.4407915993538	180.81272213247172	73.6004846526656	183.15	149.05	65.45	234.3	217.25000000000003	82.5	1238.0
951.0	177.8716999356085	157.6778815196397	19.73377334191881	166.10000000000002	145.20000000000002	14.850000000000001	186.45000000000002	173.25	25.3	1553.0
952.0	175.45605345911966	134.71973270440253	35.04261006289308	172.15	130.9	30.800000000000004	179.3	138.60000000000002	38.5	636.0
953.0	160.62535070140274	166.07905811623223	38.69509018036072	156.20000000000002	162.25	33.550000000000004	164.45000000000002	170.5	42.35	499.0
954.0	171.41052405498266	160.88067010309277	54.44527491408936	140.25	121.55000000000001	47.85	209.00000000000003	186.45000000000002	61.60000000000001	1164.0
955.0	200.62508269018753	185.51312017640575	68.29156560088202	187.55	161.15	62.150000000000006	217.8	200.75000000000003	73.15	907.0
956.0	211.54613899613918	153.63616473616486	59.38513513513511	205.15	138.05	55.00000000000001	216.15	167.20000000000002	64.35000000000001	777.0
957.0	181.01969178082186	179.26138698630132	63.89511986301369	150.15	147.4	57.2	221.10000000000002	204.60000000000002	67.65	584.0
958.0	208.8027915632757	184.48200992555866	59.19392059553347	203.50000000000003	146.3	54.45	214.50000000000003	204.05	63.800000000000004	806.0
959.0	205.8094724220623	185.30119904076727	87.471103117506	202.4	182.60000000000002	84.15	210.10000000000002	188.65	92.95	417.0
960.0	207.0344413407822	196.28516759776554	72.61075418994415	194.70000000000002	181.50000000000003	59.95	224.4	206.8	81.4	1790.0
961.0	204.1239462209303	190.96791424418612	72.28842659883722	193.05	171.05	64.9	219.45000000000002	203.50000000000003	77.0	2752.0
962.0	195.0492271105825	181.80475624256854	42.1511890606421	185.35000000000002	165.0	39.050000000000004	209.00000000000003	191.4	45.650000000000006	841.0
963.0	179.6396197718629	129.4599619771863	28.38376425855512	136.4	114.95	23.1	194.15	178.20000000000002	33.550000000000004	1315.0
964.0	182.08586956521762	126.75427536231886	29.088623188405784	177.65	122.10000000000001	25.3	185.9	130.35000000000002	32.45	690.0
965.0	154.70250737463132	150.43473451327438	35.816519174041304	130.35000000000002	111.65	30.250000000000004	188.10000000000002	182.05	40.7	678.0
966.0	176.55658682634726	138.15978043912182	37.00094810379242	135.3	114.4	29.700000000000003	197.45000000000002	185.35000000000002	44.0	1002.0
967.0	156.6141369047619	167.83921130952376	34.41346726190476	136.95000000000002	117.7	29.700000000000003	200.20000000000002	191.4	37.95	672.0
968.0	181.6857636887608	159.57449567723395	8.219567723342939	164.45000000000002	141.35000000000002	5.5	198.55	184.8	11.55	1735.0
969.0	192.34825129533664	161.47273316062163	8.844883419689117	167.75	140.8	5.5	210.65	193.60000000000002	12.65	772.0
970.0	186.324183006536	161.05024509803926	6.567422385620919	168.85000000000002	144.10000000000002	2.2	199.65	184.8	10.450000000000001	2448.0
971.0	191.74630470685378	161.14591246903368	6.899298100743203	165.55	139.70000000000002	3.8500000000000005	215.60000000000002	198.00000000000003	12.100000000000001	2422.0
972.0	196.42000521648433	160.46630151278066	11.271413667188334	172.15	143.0	6.050000000000001	212.85000000000002	189.20000000000002	16.5	1917.0
973.0	193.65112676056333	168.63361502347436	12.609201877934272	173.25	145.75	8.8	212.3	192.50000000000003	16.5	1065.0
974.0	193.10277456647395	166.50184971098255	7.549942196531792	177.65	151.8	4.95	204.05	185.35000000000002	11.0	865.0
975.0	190.4338527851454	171.49714854111446	14.886836870026526	167.20000000000002	139.70000000000002	9.9	216.15	201.3	18.700000000000003	1508.0
976.0	190.2159793814435	177.91804123711321	16.18711340206186	169.4	146.3	11.0	220.00000000000003	198.55	20.35	1067.0
977.0	193.99325557809345	172.1996450304261	13.21115618661258	178.20000000000002	150.15	8.8	213.4	192.50000000000003	17.05	986.0
978.0	214.88450746268646	185.41173134328392	48.545462686567184	185.9	140.25	38.5	240.9	223.3	64.35000000000001	1675.0
979.0	231.84575471698113	178.54971698113204	59.0990566037736	228.8	174.9	55.550000000000004	235.4	182.05	63.25000000000001	530.0
980.0	213.2902644230769	207.89471153846148	62.58299278846153	202.95000000000002	188.10000000000002	58.300000000000004	232.10000000000002	217.8	67.65	832.0
981.0	181.38840579710143	125.74195652173914	40.634637681159425	175.45000000000002	122.10000000000001	37.400000000000006	185.9	129.8	44.0	690.0
982.0	142.76441368078156	176.7640879478828	40.67043973941368	138.60000000000002	172.70000000000002	35.75	146.85000000000002	179.85000000000002	46.75000000000001	614.0
983.0	172.8218997361477	153.66332453825865	28.478100263852255	156.20000000000002	137.5	24.200000000000003	184.25000000000003	172.15	32.45	379.0
984.0	169.81680032077017	153.68949478748985	31.07566158781077	154.55	138.60000000000002	24.750000000000004	182.60000000000002	170.5	35.75	1247.0
985.0	189.2357932794556	157.40527435134015	45.01928966397279	156.20000000000002	136.4	40.150000000000006	209.55	194.70000000000002	51.7	2351.0
986.0	174.46426592797772	175.07749307479244	51.486703601108026	155.65	135.3	45.1	209.00000000000003	195.8	56.650000000000006	722.0
987.0	190.17151260504215	170.47827731092443	35.01697478991597	180.4	161.70000000000002	32.45	196.9	176.0	37.95	1190.0
988.0	189.34992826398855	171.8438307030129	36.69928263988522	178.20000000000002	162.25	34.1	195.8	177.10000000000002	39.6	697.0
989.0	182.12485822306246	153.70316635160668	53.745604914933836	158.4	126.50000000000001	44.550000000000004	208.45000000000002	195.25000000000003	60.50000000000001	1058.0
990.0	186.45280392156872	168.460254901961	47.82864705882353	160.60000000000002	141.9	41.800000000000004	209.00000000000003	194.15	54.45	2550.0
991.0	206.19167785234893	194.22899328859083	57.26422818791951	199.10000000000002	176.0	50.6	219.45000000000002	201.85000000000002	62.150000000000006	745.0
992.0	206.1797085201793	187.40900597907296	62.42335575485798	191.4	172.15	55.00000000000001	217.25000000000003	200.20000000000002	70.4	1338.0
993.0	197.07235023041454	200.62834101382498	66.38145161290322	193.60000000000002	196.35000000000002	62.7	199.65	203.50000000000003	70.4	434.0
994.0	206.571841609051	195.0550282840981	68.29333752357009	197.45000000000002	174.9	62.150000000000006	227.70000000000002	205.70000000000002	75.35000000000001	1591.0
995.0	217.834797891037	173.43558875219685	70.6774165202109	213.95000000000002	168.85000000000002	68.2	222.20000000000002	177.10000000000002	74.80000000000001	569.0
996.0	209.02938356164387	184.31027397260266	35.17739726027398	203.50000000000003	178.75000000000003	30.800000000000004	212.3	187.55	38.5	730.0
997.0	210.7581068840579	186.3334239130434	31.518885869565214	204.05	179.85000000000002	28.05	217.25000000000003	190.85000000000002	35.75	1104.0
998.0	201.8412140575078	179.72480031948862	41.410343450479246	182.60000000000002	162.25	35.75	218.35000000000002	197.45000000000002	46.75000000000001	1252.0
999.0	203.51557971014475	179.50326086956508	76.61014492753623	180.4	154.55	69.30000000000001	218.35000000000002	201.85000000000002	95.15	1518.0
1000.0	211.00497762863537	178.99670022371328	75.7578859060403	185.35000000000002	164.45000000000002	69.85000000000001	220.00000000000003	203.50000000000003	79.75	894.0
1001.0	210.48296654929572	185.43424295774645	35.66236795774648	202.4	179.85000000000002	31.35	217.25000000000003	190.3	39.050000000000004	1136.0
1002.0	213.13431151241537	188.69593679458245	54.62381489841987	205.15	177.10000000000002	51.7	219.45000000000002	199.65	57.2	443.0
1003.0	215.35588235294117	188.10661764705895	52.35220588235295	209.55	181.50000000000003	48.400000000000006	220.00000000000003	193.60000000000002	56.650000000000006	748.0
1004.0	218.36360824742275	181.7857731958763	59.513402061855665	216.15	177.65	55.550000000000004	221.10000000000002	186.45000000000002	62.7	485.0
1005.0	206.3543050084413	177.47265053460876	76.22343837929095	184.8	160.05	72.60000000000001	217.8	202.95000000000002	79.2	1777.0
1006.0	204.76212686567158	188.7059235074628	77.32681902985075	193.60000000000002	171.60000000000002	73.7	217.25000000000003	201.85000000000002	80.85000000000001	1072.0
1007.0	193.13640093786614	187.47649472450178	43.110199296600236	180.95000000000002	183.70000000000002	37.95	204.05	191.4	48.95	853.0
1008.0	203.72605504587156	179.35096330275246	43.529220183486245	190.85000000000002	166.65	36.85	213.4	191.95000000000002	51.150000000000006	1090.0
1009.0	203.15944767441852	180.7685319767444	41.23561046511629	198.55	175.45000000000002	37.95	207.9	185.35000000000002	44.550000000000004	688.0
1010.0	185.79655493482312	221.28640595903173	31.55791433891993	181.50000000000003	217.8	27.500000000000004	189.75000000000003	224.4	35.2	537.0
1011.0	185.79174208144798	221.8590497737557	35.27714932126697	180.4	217.8	31.900000000000002	189.20000000000002	224.95000000000002	39.050000000000004	442.0
1012.0	232.82803114571755	168.08587319243597	35.74449388209122	204.05	145.20000000000002	29.150000000000002	243.10000000000002	213.4	40.7	899.0
1013.0	160.08692579505302	157.11245583038863	29.048939929328615	135.85000000000002	116.05000000000001	23.650000000000002	195.8	186.45000000000002	34.650000000000006	566.0
1014.0	164.69245996441273	145.21786032028467	33.92898131672599	141.35000000000002	121.00000000000001	25.85	185.9	173.25	39.6	2248.0
1015.0	158.17782305005835	154.51990686845167	32.1407450523865	137.5	118.25000000000001	27.500000000000004	187.55	178.75000000000003	37.95	859.0
1016.0	188.0598958333333	118.27721354166667	35.59388020833333	184.8	115.50000000000001	32.45	191.95000000000002	121.55000000000001	38.5	384.0
1017.0	188.41735632183904	207.47137931034484	14.83862068965517	183.70000000000002	202.95000000000002	12.100000000000001	191.95000000000002	211.20000000000002	18.150000000000002	435.0
1018.0	186.61556122448965	217.3772108843537	29.031207482993192	180.4	214.50000000000003	23.650000000000002	194.70000000000002	220.00000000000003	34.1	588.0
1019.0	192.38711790392995	124.53563803978649	42.67076661814654	131.45000000000002	111.10000000000001	35.2	204.05	190.85000000000002	50.050000000000004	2061.0
1020.0	163.48278186274516	156.79178921568632	44.31409313725491	132.55	114.95	36.300000000000004	201.85000000000002	190.3	51.7	816.0
1021.0	187.69959404600812	175.18579161028416	59.92320703653584	163.35000000000002	146.85000000000002	56.1	212.3	200.20000000000002	64.9	739.0
1022.0	213.2640109890109	197.01282051282055	89.28434065934067	205.70000000000002	180.95000000000002	85.80000000000001	224.4	204.05	93.50000000000001	546.0
1023.0	213.545987654321	202.87191358024685	83.32330246913583	211.20000000000002	199.65	79.75	215.60000000000002	205.70000000000002	86.35000000000001	324.0
1024.0	215.08937947494036	180.37768496420043	79.65286396181385	187.00000000000003	157.3	76.45	233.75000000000003	215.60000000000002	82.5	419.0
1025.0	212.69253112033192	181.0720954356847	78.59636929460582	186.45000000000002	157.3	75.35000000000001	230.45000000000002	213.4	80.85000000000001	482.0
1026.0	225.952615694165	193.9054325955736	49.291951710261564	215.05	184.25000000000003	44.0	233.20000000000002	206.25000000000003	53.900000000000006	497.0
1027.0	222.9958751393533	198.93383500557408	57.908193979933124	211.20000000000002	184.25000000000003	52.800000000000004	233.75000000000003	210.65	63.25000000000001	897.0
1028.0	217.0177165354328	201.23818897637813	56.73464566929133	204.05	178.75000000000003	50.050000000000004	235.4	213.4	62.7	1397.0
1029.0	204.9005871725384	193.43455284552837	91.03717253839206	190.85000000000002	166.10000000000002	83.60000000000001	225.50000000000003	209.00000000000003	95.7	1107.0
1030.0	199.3051923076923	203.99076923076925	95.22403846153847	194.15	201.3	94.05000000000001	204.05	206.8	97.35000000000001	260.0
1031.0	207.5643536121673	195.46958174904952	92.5442965779468	196.9	174.35000000000002	89.10000000000001	223.3	204.60000000000002	95.7	526.0
1032.0	218.36165391406718	200.403619776339	66.10747498528546	201.3	176.0	57.2	237.60000000000002	218.35000000000002	74.25	1699.0
1033.0	223.56310096153842	188.72932692307685	74.94014423076925	219.45000000000002	185.35000000000002	70.95	226.60000000000002	191.95000000000002	81.4	416.0
1034.0	226.40916666666658	191.30583333333328	76.67750000000001	221.65	187.55	72.60000000000001	229.35000000000002	194.15	81.95	660.0
1035.0	235.56942724458207	182.50123839009296	68.84961300309598	232.10000000000002	177.10000000000002	65.45	238.70000000000002	188.10000000000002	72.60000000000001	646.0
1036.0	220.47632252559742	200.493771331058	63.53485494880547	206.25000000000003	178.75000000000003	58.85	237.60000000000002	215.60000000000002	67.10000000000001	1172.0
1037.0	166.39445337620586	170.6326366559486	18.33569131832798	161.15	167.75	13.750000000000002	172.15	173.8	25.3	622.0
1038.0	177.9213414634145	143.984756097561	48.1841463414634	144.10000000000002	125.95000000000002	42.35	188.65	205.70000000000002	62.7	902.0
1039.0	194.4553680981593	143.22016871165653	64.4596625766871	148.5	116.60000000000001	58.85	214.50000000000003	206.8	68.2	652.0
1040.0	158.40380059229986	154.77532082922014	41.99708785784797	140.8	125.95000000000002	37.400000000000006	186.45000000000002	175.45000000000002	47.300000000000004	1013.0
1041.0	155.38323353293407	164.81666666666635	44.05708582834332	141.35000000000002	133.10000000000002	38.5	184.8	177.10000000000002	49.50000000000001	501.0
1042.0	172.8157894736842	154.36594658287495	47.90616653574235	143.55	128.70000000000002	42.900000000000006	201.3	185.9	52.25000000000001	1273.0
1043.0	188.75306122448987	134.21836734693878	48.83418367346939	183.15	127.60000000000001	45.650000000000006	199.10000000000002	140.25	51.7	1078.0
1044.0	152.60601190476189	203.67940476190486	64.15029761904762	147.4	200.20000000000002	57.2	157.3	207.9	70.4	840.0
1045.0	177.84886535552192	140.2791225416036	43.56815431164902	174.9	134.20000000000002	39.6	181.50000000000003	144.10000000000002	46.2	661.0
1046.0	155.09192872117393	167.0754716981128	44.30786163522012	151.25	163.9	40.150000000000006	158.95000000000002	170.5	48.400000000000006	477.0
1047.0	159.67000000000002	151.95714285714294	35.188095238095244	146.3	130.9	30.800000000000004	175.45000000000002	169.4	42.35	1155.0
1048.0	165.93422096317295	150.16807365439087	36.35827195467422	150.15	133.10000000000002	30.800000000000004	179.85000000000002	167.75	41.800000000000004	1765.0
1049.0	173.7188079061148	148.89780728844977	37.337152563310696	154.0	134.75	29.700000000000003	183.15	172.15	42.35	1619.0
1050.0	180.41770114942534	143.618275862069	34.39712643678161	177.65	140.8	29.700000000000003	183.15	146.3	37.95	435.0
1051.0	184.47421171171172	144.60106981981963	34.01638513513513	180.4	138.60000000000002	30.250000000000004	190.85000000000002	147.95000000000002	37.95	888.0
1052.0	152.7077922077921	169.80844155844153	53.49740259740263	141.35000000000002	124.30000000000001	49.50000000000001	192.50000000000003	183.70000000000002	57.75000000000001	847.0
1053.0	209.83606173994386	174.73072965388215	50.75383536014967	185.35000000000002	156.75	46.2	223.3	204.05	55.550000000000004	1069.0
1054.0	192.89416666666665	194.29131944444455	53.05131944444445	180.4	158.95000000000002	48.400000000000006	221.10000000000002	206.8	57.75000000000001	720.0
1055.0	181.6890625000003	201.61143749999997	48.284499999999994	178.20000000000002	196.9	43.45	187.00000000000003	205.15	51.7	800.0
1056.0	183.0130635245904	200.42090163934435	41.79436475409836	178.75000000000003	195.25000000000003	36.300000000000004	186.45000000000002	204.60000000000002	47.300000000000004	976.0
1057.0	192.92307692307708	193.35647279549718	47.43517823639776	181.50000000000003	157.3	43.45	223.85000000000002	207.35000000000002	53.35	533.0
1058.0	197.68338278931753	164.90370919881306	38.823145400593475	136.4	113.85000000000001	31.35	239.25000000000003	224.95000000000002	48.400000000000006	674.0
1059.0	200.49569515306118	185.90000000000012	53.890529336734716	169.4	122.10000000000001	25.85	234.3	227.70000000000002	63.800000000000004	1568.0
1060.0	212.18547008547012	204.96623931623935	38.40384615384616	190.3	172.70000000000002	27.500000000000004	237.60000000000002	222.75000000000003	74.80000000000001	1287.0
1061.0	184.31272384542905	139.57196041470317	30.74608859566446	137.5	114.4	24.200000000000003	207.35000000000002	198.00000000000003	37.95	1061.0
1062.0	173.72011686143566	143.49261268781302	33.7809265442404	134.20000000000002	113.30000000000001	27.500000000000004	199.65	190.3	39.050000000000004	1198.0
1063.0	183.8677559912854	137.3550108932462	38.88703703703705	132.55	111.65	30.250000000000004	205.15	194.15	48.400000000000006	918.0
1064.0	186.3336177474399	160.4179180887371	20.376905574516492	154.55	126.50000000000001	14.3	211.75000000000003	198.55	24.750000000000004	879.0
1065.0	164.2884272997029	149.6397131552918	31.75909990108805	136.95000000000002	119.35000000000001	27.500000000000004	188.65	182.05	37.400000000000006	1011.0
1066.0	166.90589820359273	149.5799101796405	33.03194610778443	139.70000000000002	117.15	28.05	194.70000000000002	182.05	38.5	1670.0
1067.0	168.8191636029413	143.51966911764706	36.06089154411765	130.9	110.00000000000001	29.150000000000002	198.00000000000003	188.10000000000002	41.25	1088.0
1068.0	155.94347545219648	155.93992248062025	40.11447028423773	129.8	110.00000000000001	36.300000000000004	194.15	187.55	44.0	774.0
1069.0	153.89752851711026	159.95066539923943	35.673669201520916	132.55	112.2	30.800000000000004	193.60000000000002	185.9	40.7	526.0
1070.0	164.702715121136	144.64356725146177	39.07527151211362	132.55	111.65	32.45	192.50000000000003	184.8	46.75000000000001	1197.0
1071.0	217.35814606741567	190.20189606741607	66.19466292134831	213.4	183.15	61.60000000000001	220.55	196.9	69.30000000000001	712.0
1072.0	215.3957884097035	189.20963611859835	70.99706873315364	194.15	169.4	61.050000000000004	233.20000000000002	215.60000000000002	97.35000000000001	1484.0
1073.0	223.06820448877815	192.56199501246897	37.49463840399003	216.15	184.25000000000003	30.250000000000004	232.10000000000002	201.85000000000002	44.550000000000004	2005.0
1074.0	224.59383954154734	195.66131805157613	42.550668576886345	215.05	185.9	33.550000000000004	232.10000000000002	204.05	48.400000000000006	1047.0
1075.0	210.24706336939718	190.05517774343127	42.9773570324575	179.85000000000002	155.10000000000002	39.050000000000004	240.9	222.75000000000003	48.400000000000006	647.0
1076.0	208.51517533252706	194.17660217654185	45.77303506650545	183.70000000000002	157.3	41.25	240.9	222.75000000000003	51.150000000000006	827.0
1077.0	209.48178294573646	191.36908914728684	42.99806201550388	183.15	157.85000000000002	39.6	239.25000000000003	221.10000000000002	45.650000000000006	516.0
1078.0	224.1346872753415	194.4121495327106	65.01466570812367	215.60000000000002	185.35000000000002	61.050000000000004	230.45000000000002	205.70000000000002	69.85000000000001	1391.0
1079.0	193.48239740820745	149.86727861771027	58.14913606911446	154.0	131.45000000000002	54.45	207.9	196.35000000000002	60.50000000000001	463.0
1080.0	190.46563483735574	171.62770199370397	30.799422875131167	182.60000000000002	166.10000000000002	27.500000000000004	195.8	176.0	33.550000000000004	953.0
1081.0	192.1069838056679	173.63188259109333	13.672064777327941	184.25000000000003	163.35000000000002	11.55	200.20000000000002	180.4	15.950000000000001	494.0
1082.0	180.92150602409654	168.6107831325302	26.15481927710842	171.60000000000002	163.35000000000002	22.55	190.3	171.60000000000002	29.700000000000003	830.0
1083.0	191.58188291139237	171.6084849683544	24.09839794303798	184.8	164.45000000000002	19.25	197.45000000000002	179.85000000000002	31.900000000000002	2528.0
1084.0	150.9673184357543	169.34776536312856	42.73715083798883	146.85000000000002	166.65	40.150000000000006	154.55	171.60000000000002	44.550000000000004	358.0
1085.0	167.57277777777793	141.22655555555525	41.890138888888885	144.10000000000002	128.15	35.75	182.60000000000002	167.75	48.400000000000006	1800.0
1086.0	157.4362893081761	157.54317610062856	40.30220125786164	146.3	132.0	32.45	178.20000000000002	168.3	46.2	1590.0
1087.0	204.61041009463713	185.38296529968454	74.43044164037855	201.85000000000002	182.05	71.5	207.9	189.20000000000002	76.45	317.0
1088.0	181.12563429571324	134.12685914260717	57.36937882764653	138.60000000000002	117.15	52.25000000000001	195.8	185.35000000000002	62.150000000000006	1143.0
1089.0	196.37436708860758	179.92252109704668	53.76017932489455	160.05	139.15	48.95	213.95000000000002	196.35000000000002	58.300000000000004	948.0
1090.0	187.22411764705876	168.83705882352933	33.941764705882356	180.95000000000002	163.9	31.900000000000002	194.70000000000002	173.25	36.300000000000004	935.0
1091.0	199.79181304893302	187.70837515683803	56.57685069008781	183.70000000000002	161.70000000000002	48.95	215.60000000000002	199.65	63.800000000000004	1594.0
1092.0	203.80968266883661	176.58043124491473	40.97567127746135	189.75000000000003	161.70000000000002	37.400000000000006	213.4	191.95000000000002	44.550000000000004	1229.0
1093.0	184.19257540603257	197.7052204176334	46.55858468677494	181.50000000000003	191.95000000000002	43.45	186.45000000000002	201.85000000000002	49.50000000000001	431.0
1094.0	159.69875389408105	146.41094236760114	31.994665109034283	133.10000000000002	112.75000000000001	27.500000000000004	178.20000000000002	168.85000000000002	37.400000000000006	1284.0
1095.0	205.31315513626853	172.64696016771504	25.501781970649883	166.65	141.35000000000002	20.900000000000002	230.45000000000002	216.15	31.35	954.0
1096.0	204.28142605633798	180.31091549295783	28.350176056338054	172.70000000000002	145.20000000000002	23.650000000000002	232.65	218.35000000000002	33.0	568.0
1097.0	203.13984088127305	162.53206854345171	27.831884944920443	161.15	132.0	22.0	231.00000000000003	216.15	33.550000000000004	817.0
1098.0	170.1893793369315	138.833866615266	20.066306861989247	143.0	122.65	9.350000000000001	184.8	169.95000000000002	28.6	2594.0
1099.0	196.95555555555543	183.6333333333334	36.70444444444445	159.5	135.3	33.0	239.25000000000003	223.85000000000002	40.7	495.0
1100.0	138.48942558746737	186.6093994778069	25.01997389033942	135.3	180.95000000000002	20.900000000000002	141.9	192.50000000000003	30.800000000000004	383.0
1101.0	189.469625407166	161.68566775244315	54.544951140065166	143.0	118.25000000000001	51.7	226.60000000000002	214.50000000000003	58.300000000000004	614.0
1102.0	202.30874439461877	198.12701793721982	97.54484304932737	197.45000000000002	194.70000000000002	93.50000000000001	209.00000000000003	201.3	101.2	446.0
1103.0	199.45815293296118	166.939787011173	86.41932611731845	159.5	130.9	80.85000000000001	224.95000000000002	212.85000000000002	92.4	2864.0
1104.0	206.8970588235295	188.1878151260505	97.25076618882846	201.3	180.4	91.30000000000001	211.75000000000003	198.55	100.65	2023.0
1105.0	210.95026501766796	193.37067137809188	97.09346289752652	203.50000000000003	184.25000000000003	92.4	216.15	199.10000000000002	102.30000000000001	566.0
1106.0	209.0831395348836	190.8012354651163	95.04927325581396	205.15	187.00000000000003	92.4	212.3	196.35000000000002	97.9	688.0
1107.0	204.01275029446418	191.89363957597175	64.22464664310957	193.05	171.05	58.85	217.25000000000003	199.65	69.30000000000001	1698.0
1108.0	204.6374613003097	193.17146542827658	63.15407636738907	194.70000000000002	173.8	57.75000000000001	218.35000000000002	202.4	69.30000000000001	969.0
1109.0	197.5242307692305	181.00961538461547	81.17230769230768	184.25000000000003	161.15	76.45	215.05	195.25000000000003	85.25	1430.0
1110.0	215.98847583643112	192.1568463444857	54.75226146220569	208.45000000000002	184.8	49.50000000000001	221.65	198.00000000000003	61.050000000000004	1614.0
1111.0	217.28126110124325	195.4033747779751	55.865541740674956	213.4	191.4	52.25000000000001	221.10000000000002	199.10000000000002	59.400000000000006	563.0
1112.0	211.2095283926853	199.47266602502398	76.78508180943214	195.8	168.85000000000002	72.05000000000001	234.85000000000002	216.70000000000002	81.95	1039.0
1113.0	224.60936883629185	192.14418145956614	71.27435897435898	211.20000000000002	183.15	64.9	231.00000000000003	209.55	75.9	507.0
1114.0	214.5527286135693	207.14882005899707	70.73665191740413	210.10000000000002	203.50000000000003	66.55000000000001	219.45000000000002	211.75000000000003	74.80000000000001	678.0
1115.0	222.40883248730967	200.62994923857886	63.72517766497462	215.60000000000002	193.60000000000002	58.85	229.35000000000002	207.35000000000002	67.10000000000001	985.0
1116.0	222.83519607843138	192.03735294117655	70.16274509803922	205.70000000000002	178.75000000000003	66.0	233.20000000000002	212.85000000000002	73.15	510.0
1117.0	229.95004892367913	187.65063600782776	68.94750489236792	206.8	178.75000000000003	65.45	236.50000000000003	215.60000000000002	73.7	1022.0
1118.0	163.87159525631222	153.75698163733716	33.260271614384095	145.20000000000002	126.50000000000001	22.55	185.9	174.35000000000002	41.800000000000004	2614.0
1119.0	164.8524834437085	168.44933774834428	59.5548013245033	142.45000000000002	121.00000000000001	55.00000000000001	202.95000000000002	199.65	64.9	302.0
1120.0	178.71054852320697	160.8773206751057	59.90474683544308	144.10000000000002	121.00000000000001	54.45	214.50000000000003	201.3	66.0	948.0
1121.0	183.52959697732993	159.80062972292197	64.53702770780856	147.4	124.30000000000001	60.50000000000001	212.85000000000002	201.3	69.30000000000001	397.0
1122.0	168.1602391629299	163.92959641255595	45.10986547085203	143.0	129.25	41.25	201.3	188.65	48.95	2007.0
1123.0	174.6092316513763	170.45963302752295	45.60017201834864	155.10000000000002	134.75	42.35	206.25000000000003	193.05	48.95	872.0
1124.0	163.28103448275877	184.92988505747135	39.112068965517246	158.95000000000002	177.65	36.300000000000004	167.75	193.05	42.35	957.0
1125.0	190.3449685534591	152.10301886792436	41.02723270440252	158.4	136.95000000000002	36.85	205.15	190.3	45.1	795.0
1126.0	159.26521226415105	192.82040094339632	41.313561320754715	155.10000000000002	190.3	39.050000000000004	163.35000000000002	195.25000000000003	44.0	424.0
1127.0	173.24720812182733	171.04534686971226	50.74517766497463	152.35000000000002	132.55	46.2	209.00000000000003	195.25000000000003	56.650000000000006	591.0
1128.0	194.02593984962408	170.84461152882199	16.831286549707603	185.9	164.45000000000002	14.3	200.75000000000003	178.20000000000002	19.8	1197.0
1129.0	195.82884940778362	174.64966159052454	16.117512690355337	187.55	163.35000000000002	14.3	204.05	184.25000000000003	18.150000000000002	591.0
1130.0	153.004462242563	158.54473684210515	35.88655606407323	143.0	125.4	33.0	178.75000000000003	169.4	39.6	874.0
1131.0	179.2331645569621	133.34784810126584	42.169683544303794	176.0	129.25	37.400000000000006	182.60000000000002	138.60000000000002	46.2	790.0
1132.0	153.48944827586206	168.21275862068984	36.13689655172414	149.05	165.0	31.35	157.85000000000002	171.05	40.7	725.0
1133.0	136.63496168582378	173.38170498084284	52.97490421455939	134.20000000000002	167.75	49.50000000000001	139.70000000000002	177.10000000000002	56.1	522.0
1134.0	164.229656384225	144.06005466614607	54.294943381491585	133.65	114.95	50.050000000000004	188.10000000000002	182.05	59.400000000000006	2561.0
1135.0	200.7906080347447	194.65998914223687	64.89104234527684	190.85000000000002	190.3	59.400000000000006	209.55	198.00000000000003	69.30000000000001	921.0
1136.0	199.45802792321126	175.53830715532274	47.651628853984874	177.65	154.55	43.45	219.45000000000002	202.95000000000002	51.7	1719.0
1137.0	207.49511245674748	168.3214100346021	50.343555363321805	180.95000000000002	153.45000000000002	46.75000000000001	218.9	201.3	53.35	1156.0
1138.0	145.56878001921226	156.9999039385206	44.71325648414987	127.60000000000001	112.75000000000001	40.7	184.8	178.75000000000003	48.95	1041.0
1139.0	164.03206686930113	134.4403115501522	41.213221884498495	129.8	111.65	36.300000000000004	185.35000000000002	179.85000000000002	47.300000000000004	1316.0
1140.0	148.08832335329336	166.8130239520961	27.809580838323356	143.55	162.25	23.1	153.45000000000002	172.15	32.45	668.0
1141.0	162.43672643146334	159.65237131289769	36.70748987854252	152.9	138.60000000000002	30.800000000000004	178.20000000000002	168.85000000000002	45.1	1729.0
1142.0	203.5799949672872	165.3119526925016	21.66313537996975	163.35000000000002	135.3	15.950000000000001	231.00000000000003	214.50000000000003	28.05	1987.0
1143.0	202.92787356321875	187.42451149425287	30.02841954022988	168.85000000000002	140.8	24.200000000000003	239.8	221.65	36.300000000000004	1740.0
1144.0	195.48595679012354	117.06851851851853	29.6320987654321	187.00000000000003	110.55000000000001	19.8	206.25000000000003	123.75000000000001	35.75	648.0
1145.0	164.25030562347203	155.96399755501218	29.191687041564805	134.20000000000002	112.75000000000001	22.0	201.85000000000002	190.85000000000002	34.1	818.0
1146.0	162.52813211845088	164.01400911161724	23.767767653758554	137.5	117.7	18.150000000000002	204.60000000000002	192.50000000000003	30.250000000000004	439.0
1147.0	231.11617647058821	154.38676470588223	23.294117647058847	227.15	149.05	20.35	235.4	158.95000000000002	26.400000000000002	374.0
1148.0	196.63655973451347	176.39120575221213	52.51526548672567	157.3	129.8	49.50000000000001	234.85000000000002	220.55	55.550000000000004	904.0
1149.0	217.63481228668948	198.92354948805468	29.88771331058021	215.60000000000002	196.35000000000002	26.950000000000003	219.45000000000002	201.85000000000002	34.1	293.0
1150.0	191.33070866141742	215.70393700787403	39.410531496062994	170.5	207.35000000000002	23.650000000000002	207.35000000000002	225.50000000000003	61.60000000000001	1016.0
1151.0	217.3853682170543	163.32548449612386	61.71085271317829	163.9	136.4	58.300000000000004	241.45000000000002	224.95000000000002	66.0	516.0
1152.0	179.36539278131636	175.8146231422507	55.59904458598724	143.55	121.00000000000001	50.6	227.70000000000002	214.50000000000003	62.150000000000006	1884.0
1153.0	223.1545013850416	123.84750692520777	57.748476454293616	217.8	118.80000000000001	55.550000000000004	228.8	128.70000000000002	59.95	722.0
1154.0	225.60109034267913	188.05759345794394	51.916744548286594	186.45000000000002	156.75	39.050000000000004	243.10000000000002	224.4	78.65	1284.0
1155.0	224.9606451612903	194.11167741935503	62.29370967741934	196.9	171.60000000000002	55.00000000000001	239.8	218.35000000000002	75.35000000000001	1550.0
1156.0	211.79798061389351	209.36074313408724	53.732067851373195	199.10000000000002	179.3	48.400000000000006	239.8	220.00000000000003	58.85	619.0
1157.0	218.126870389884	204.46612223393055	52.09525816649105	200.75000000000003	177.10000000000002	47.300000000000004	239.25000000000003	218.9	56.1	949.0
1158.0	227.58961772371845	193.466203301477	56.72645525629885	208.45000000000002	175.45000000000002	51.7	239.8	217.8	60.50000000000001	1151.0
1159.0	216.58751047778696	203.25150880134115	57.10410729253979	201.3	176.0	52.800000000000004	239.8	218.35000000000002	62.150000000000006	1193.0
1160.0	175.83865096359762	197.67808708065627	82.37790863668808	160.60000000000002	135.85000000000002	78.10000000000001	224.95000000000002	213.95000000000002	87.45	1401.0
1161.0	205.4874850775966	190.33458018304842	70.7799442896936	187.55	163.35000000000002	34.650000000000006	235.95000000000002	222.20000000000002	95.7	2513.0
1162.0	203.60054687500005	183.1310937500002	76.973359375	196.35000000000002	176.55	73.7	209.00000000000003	188.65	79.75	640.0
1163.0	186.49902988987955	166.23065023597263	65.27579968536969	156.20000000000002	134.20000000000002	60.50000000000001	210.65	199.65	71.5	1907.0
1164.0	209.7120535714285	141.5390625	73.08125000000001	205.70000000000002	138.05	69.85000000000001	214.50000000000003	144.65	75.9	448.0
1165.0	191.6901315789474	167.66315789473697	61.299671052631574	162.25	141.35000000000002	57.2	212.3	199.65	66.55000000000001	1672.0
1166.0	174.54398099260828	185.16066525871167	71.80491024287224	154.55	134.75	68.2	218.9	205.70000000000002	75.9	947.0
1167.0	214.10438596491232	137.29576023391814	74.84663742690059	211.20000000000002	132.0	72.05000000000001	216.70000000000002	141.9	77.0	342.0
1168.0	194.6189569536425	184.44304635761594	80.9966059602649	180.95000000000002	156.75	74.80000000000001	216.70000000000002	199.65	86.35000000000001	604.0
1169.0	209.64554455445548	173.31633663366384	76.70495049504952	185.35000000000002	157.85000000000002	72.60000000000001	221.65	205.15	80.85000000000001	1111.0
1170.0	207.93446550816208	177.39744602422323	80.25047393364932	184.8	156.20000000000002	70.95	221.65	204.60000000000002	85.25	1899.0
1171.0	215.84794050343282	189.12133867276867	47.91072654462242	211.20000000000002	183.15	42.35	222.75000000000003	195.8	53.35	1748.0
1172.0	217.34930555555553	189.18217592592595	43.513657407407415	213.4	186.45000000000002	40.7	221.65	192.50000000000003	46.75000000000001	648.0
1173.0	219.38878424657534	190.51802226027394	52.08000856164384	209.00000000000003	182.60000000000002	46.2	225.50000000000003	200.75000000000003	56.1	1168.0
1174.0	220.409381443299	185.7934020618556	57.89515463917527	217.8	179.85000000000002	54.45	222.75000000000003	190.3	61.050000000000004	485.0
1175.0	225.05451911935106	178.86216685979147	76.05550405561995	190.85000000000002	163.9	70.95	236.50000000000003	218.9	79.75	863.0
1176.0	211.96884816753916	198.55095986038384	79.71544502617802	194.70000000000002	169.95000000000002	74.80000000000001	233.75000000000003	217.25000000000003	84.15	573.0
1177.0	219.27575757575758	188.2257575757576	76.81060606060606	199.65	174.35000000000002	71.5	231.00000000000003	211.20000000000002	80.85000000000001	363.0
1178.0	220.76290322580647	190.78612903225815	74.01935483870969	202.4	176.0	68.75	232.10000000000002	214.50000000000003	78.65	465.0
1179.0	222.20781990521326	194.64004739336502	70.98127962085309	219.45000000000002	190.85000000000002	68.2	224.95000000000002	199.10000000000002	73.7	422.0
1180.0	208.39473684210523	211.74605263157895	64.4092105263158	204.60000000000002	210.10000000000002	61.60000000000001	212.3	213.95000000000002	67.10000000000001	418.0
1181.0	219.9855534709193	197.86894934333958	65.70590994371483	208.45000000000002	183.15	62.150000000000006	232.65	210.65	69.85000000000001	533.0
1182.0	231.40659509202445	182.28703987730103	66.85283742331289	227.70000000000002	179.3	64.35000000000001	234.3	186.45000000000002	70.4	652.0
1183.0	160.1753351206434	156.49539767649688	35.403976764968725	138.05	117.15	30.250000000000004	191.95000000000002	183.15	39.6	1119.0
1184.0	172.83538461538515	143.63721893491132	39.387159763313605	141.35000000000002	123.75000000000001	35.2	190.85000000000002	183.15	44.0	845.0
1185.0	147.26250000000007	172.78890086206897	38.90538793103448	143.0	169.4	35.75	150.70000000000002	177.10000000000002	42.900000000000006	464.0
1186.0	176.87925351429948	143.82833252544802	41.11163354338343	146.3	129.25	36.300000000000004	191.4	174.35000000000002	45.650000000000006	2063.0
1187.0	182.08117913832177	141.93242630385487	45.35816326530613	177.10000000000002	139.15	40.7	186.45000000000002	144.65	48.400000000000006	441.0
1188.0	191.92649193548394	159.13762096774187	37.85907258064516	160.60000000000002	139.70000000000002	34.1	208.45000000000002	194.15	42.900000000000006	1240.0
1189.0	185.98523391812859	174.77938596491222	27.442105263157895	172.15	150.70000000000002	24.750000000000004	204.60000000000002	190.3	30.250000000000004	342.0
1190.0	196.228813559322	148.19340866290014	55.25894538606403	154.0	132.55	47.85	210.10000000000002	196.35000000000002	58.85	531.0
1191.0	155.37802197802193	197.67362637362646	54.342216117216125	152.35000000000002	194.70000000000002	49.50000000000001	158.95000000000002	201.3	59.95	546.0
1192.0	209.57509505703422	133.96577946768062	57.48441064638783	204.60000000000002	131.45000000000002	53.35	212.85000000000002	137.5	61.050000000000004	526.0
1193.0	209.25889061690003	182.1372472783826	56.55733540694653	193.60000000000002	163.35000000000002	48.400000000000006	216.15	197.45000000000002	67.65	1929.0
1194.0	212.90732758620703	188.10172413793086	55.515517241379314	207.35000000000002	178.75000000000003	50.6	216.70000000000002	196.9	59.95	1276.0
1195.0	225.31025267249757	184.15325558794942	57.036443148688065	191.95000000000002	154.55	50.6	244.75000000000003	225.50000000000003	64.9	1029.0
1196.0	237.91188046647247	164.51494169096196	58.005758017492724	233.20000000000002	159.5	55.550000000000004	242.00000000000003	169.95000000000002	60.50000000000001	686.0
1197.0	152.12033563672293	159.75382527147065	36.24896347482725	135.3	130.9	25.3	174.9	169.95000000000002	46.2	2026.0
1198.0	153.71385135135108	164.58997747747736	53.29301801801801	134.75	116.05000000000001	47.85	195.8	186.45000000000002	57.75000000000001	444.0
1199.0	178.17876237623767	147.78336633663355	50.543366336633675	146.3	128.70000000000002	46.2	195.25000000000003	184.25000000000003	54.45	1010.0
1200.0	179.71701769165966	159.78913226621736	47.687826453243474	151.25	133.10000000000002	41.25	202.4	190.3	53.900000000000006	1187.0
1201.0	169.45559139784967	150.3457526881721	29.97500000000001	155.65	134.20000000000002	24.750000000000004	180.4	168.85000000000002	35.75	930.0
1202.0	170.89028912633566	171.57303582652463	12.062664990571982	158.4	139.70000000000002	8.8	195.25000000000003	185.35000000000002	15.950000000000001	1591.0
1203.0	184.85447889750228	205.19737295434956	26.186821705426357	166.10000000000002	139.15	19.8	233.20000000000002	224.95000000000002	35.2	1161.0
1204.0	187.8764408493428	205.60768452982816	26.989484327603627	168.3	147.4	21.450000000000003	235.95000000000002	223.3	33.0	989.0
1205.0	135.25089285714287	193.96339285714294	34.07380952380952	132.0	190.85000000000002	30.250000000000004	138.60000000000002	196.35000000000002	37.400000000000006	336.0
1206.0	196.46047516198712	127.65226781857453	37.02699784017279	134.20000000000002	112.2	31.35	212.3	198.55	42.35	463.0
1207.0	204.62151360544246	163.56420068027242	27.246201814059	157.85000000000002	127.60000000000001	22.55	232.65	221.65	33.0	1764.0
1208.0	181.76099796334015	148.52576374745405	29.38411405295315	139.70000000000002	113.85000000000001	23.1	211.20000000000002	199.65	35.2	491.0
1209.0	197.60722394220846	152.8909184726524	22.193550051599576	156.75	125.95000000000002	15.400000000000002	219.45000000000002	204.05	28.6	969.0
1210.0	177.4038269550749	152.22096505823635	47.691680532445936	136.4	112.75000000000001	39.6	210.65	203.50000000000003	53.900000000000006	601.0
1211.0	205.24833222148087	155.71567711807847	30.576551034022682	148.5	122.10000000000001	23.650000000000002	235.4	215.60000000000002	37.400000000000006	1499.0
1212.0	139.3178947368421	198.84815789473686	30.87236842105263	136.95000000000002	196.9	28.05	141.9	201.3	33.550000000000004	190.0
1213.0	199.30305907172996	128.4041139240507	39.29599156118144	135.85000000000002	111.10000000000001	32.45	215.05	201.3	46.2	474.0
1214.0	143.58256578947362	204.93048245614054	32.142434210526325	138.60000000000002	201.3	29.150000000000002	147.4	207.9	35.75	456.0
1215.0	184.8991279069767	168.4438953488374	17.961337209302336	160.05	132.0	12.65	213.4	202.4	22.0	516.0
1216.0	167.01869469026542	202.86725663716823	18.70000000000005	163.9	198.55	15.400000000000002	171.05	207.9	20.900000000000002	452.0
1217.0	194.3937440305635	169.57125119388752	22.69603629417382	160.60000000000002	134.75	18.150000000000002	227.15	209.55	26.400000000000002	1047.0
1218.0	222.94416058394168	170.75510948905102	35.688686131386866	175.45000000000002	148.5	30.250000000000004	240.35000000000002	222.75000000000003	40.7	1507.0
1219.0	203.25414746543777	197.61094470046083	33.276267281105994	180.95000000000002	154.0	28.6	240.9	223.3	38.5	434.0
1220.0	209.13454452405313	183.15788126919134	23.18613101330605	180.4	152.35000000000002	17.6	234.3	215.60000000000002	27.500000000000004	977.0
1221.0	198.39830795262276	200.3889170896785	26.491201353637905	180.4	156.75	22.55	234.85000000000002	217.8	29.700000000000003	591.0
1222.0	197.1560542797496	171.61550104384122	5.405271398747389	189.75000000000003	163.9	2.2	200.75000000000003	177.65	8.25	958.0
1223.0	192.7337782340859	144.7139972621493	58.808590006844675	140.25	116.05000000000001	50.6	216.70000000000002	211.20000000000002	70.95	1461.0
1224.0	216.4372815533981	123.43708737864078	59.04970873786409	213.4	119.9	55.550000000000004	219.45000000000002	127.05000000000001	63.25000000000001	515.0
1225.0	168.357261592301	200.43963254593157	80.0122484689414	154.55	125.95000000000002	75.9	224.4	216.15	85.25	1143.0
1226.0	215.692523364486	189.4541536863969	98.12331256490135	206.8	180.95000000000002	92.95	221.65	198.55	102.30000000000001	963.0
1227.0	212.0357638888889	187.29027777777782	73.46354166666667	188.10000000000002	161.15	60.50000000000001	232.65	213.95000000000002	99.55000000000001	1584.0
1228.0	188.73517699115033	209.41250000000002	59.12256637168142	184.8	206.8	56.1	195.25000000000003	213.95000000000002	62.7	452.0
1229.0	205.22486465583916	187.83116782675964	79.18426140757927	200.75000000000003	182.05	75.35000000000001	210.65	194.15	83.60000000000001	1293.0
1230.0	189.54162995594712	215.28865638766518	58.32907488986784	187.00000000000003	211.20000000000002	54.45	191.95000000000002	221.10000000000002	61.60000000000001	454.0
1231.0	186.77531250000018	187.98656250000016	81.53281250000002	165.0	137.5	76.45	229.35000000000002	211.75000000000003	87.45	1760.0
1232.0	210.28155339805832	188.84089805825252	100.22014563106796	198.55	175.45000000000002	96.80000000000001	221.65	201.3	103.95	412.0
1233.0	199.73567307692304	164.35903846153852	83.09759615384617	166.65	140.8	78.65	219.45000000000002	204.05	88.55000000000001	1040.0
1234.0	178.925286259542	194.28225190839686	65.1151717557252	174.35000000000002	187.00000000000003	62.150000000000006	182.05	200.75000000000003	68.2	524.0
1235.0	195.33619084561664	178.36854150504269	65.34460822342905	176.0	152.35000000000002	59.95	220.00000000000003	203.50000000000003	69.85000000000001	1289.0
1236.0	212.22287615148417	192.05921187308104	79.3756397134084	191.4	163.9	75.35000000000001	234.3	215.60000000000002	83.60000000000001	977.0
1237.0	207.59231378763866	199.9977812995247	91.34706814580034	196.9	178.20000000000002	88.0	225.50000000000003	207.35000000000002	94.05000000000001	631.0
1238.0	228.69985549132943	173.60447976878615	86.27369942196533	226.05	168.85000000000002	82.5	231.00000000000003	177.65	89.65	346.0
1239.0	208.32395833333334	205.00595238095218	86.09955357142859	205.70000000000002	202.4	83.05000000000001	210.65	207.35000000000002	88.55000000000001	336.0
1240.0	218.67549180327873	196.68270491803304	79.19909836065575	205.15	180.95000000000002	69.30000000000001	231.00000000000003	213.95000000000002	85.80000000000001	1220.0
1241.0	219.13472803347275	195.67803347280324	85.88514644351466	208.45000000000002	185.9	81.95	227.70000000000002	207.9	90.2	478.0
1242.0	225.96069131832797	193.03762057877822	70.82974276527331	222.75000000000003	188.65	67.10000000000001	229.9	197.45000000000002	73.15	622.0
1243.0	227.82840909090902	188.9431818181819	77.05000000000001	226.05	186.45000000000002	70.4	229.9	191.95000000000002	83.60000000000001	484.0
1244.0	217.2768577494693	199.26231422505302	77.09341825902337	206.25000000000003	182.60000000000002	72.60000000000001	229.35000000000002	212.3	80.30000000000001	471.0
1245.0	218.79496527777772	201.3716145833333	69.2388888888889	215.05	196.9	66.0	222.75000000000003	205.15	72.05000000000001	576.0
1246.0	222.43165374677	197.9403100775196	66.62816537467701	219.45000000000002	194.15	64.35000000000001	225.50000000000003	201.3	68.2	387.0
1247.0	180.8779383429673	137.88892100192678	43.18612716763006	178.20000000000002	134.75	39.6	184.25000000000003	142.45000000000002	45.650000000000006	519.0
1248.0	178.2817616240996	151.31267190569702	47.243451211525866	145.75	132.55	42.35	198.55	180.4	52.25000000000001	1527.0
1249.0	165.14049636803867	161.853813559322	45.19788135593222	147.95000000000002	134.20000000000002	42.35	194.15	177.10000000000002	48.400000000000006	826.0
1250.0	181.59883527454235	164.09309484193042	41.842096505823626	161.15	141.35000000000002	39.050000000000004	204.60000000000002	189.20000000000002	44.0	601.0
1251.0	237.4669164882227	137.0041755888651	49.626605995717355	233.75000000000003	131.45000000000002	44.0	242.00000000000003	141.9	53.900000000000006	934.0
1252.0	169.4927574887156	151.1640131308987	51.70315962248666	123.75000000000001	106.7	42.35	203.50000000000003	224.4	64.35000000000001	2437.0
1253.0	176.203578199052	156.22085308056856	54.96142180094787	127.05000000000001	108.35000000000001	44.0	202.95000000000002	226.05	64.35000000000001	2110.0
1254.0	154.50416666666663	152.010696517413	35.61489427860697	140.25	123.20000000000002	30.250000000000004	178.75000000000003	170.5	41.800000000000004	1608.0
1255.0	158.08802376485335	157.50672295184472	43.99449656035022	145.20000000000002	134.20000000000002	37.400000000000006	176.55	167.20000000000002	49.50000000000001	1599.0
1256.0	141.75616942909758	164.06510128913453	40.92384898710866	138.05	161.15	38.5	145.20000000000002	167.20000000000002	43.45	543.0
1257.0	168.4137254901963	168.46764705882396	55.17794117647063	149.05	135.85000000000002	51.150000000000006	201.85000000000002	189.20000000000002	61.60000000000001	2244.0
1258.0	169.05547752808965	160.04263180639612	54.012424373379375	147.4	132.55	48.95	196.9	184.25000000000003	59.400000000000006	4628.0
1259.0	179.95488904299594	170.78415395284333	66.0495839112344	154.55	133.10000000000002	61.050000000000004	209.00000000000003	198.00000000000003	72.60000000000001	1442.0
1260.0	181.55293427230043	166.7700704225351	63.5043427230047	156.20000000000002	134.75	59.95	205.15	195.25000000000003	67.10000000000001	426.0
1261.0	166.3400793650791	152.03018518518516	20.951216931216898	148.5	127.05000000000001	14.3	184.8	173.25	28.05	1890.0
1262.0	171.3272058823529	159.68455882352947	14.414705882352953	152.9	128.15	9.9	195.25000000000003	180.4	20.35	748.0
1263.0	184.96275510204092	136.0345025510204	18.75612244897963	178.75000000000003	133.65	14.850000000000001	191.4	139.70000000000002	23.1	784.0
1264.0	169.0530000000002	148.93350000000024	26.409250000000025	152.9	132.0	18.700000000000003	181.50000000000003	168.85000000000002	33.550000000000004	2200.0
1265.0	161.65864416814708	152.2682652457074	30.795441089402015	147.4	127.60000000000001	26.400000000000002	180.95000000000002	170.5	35.75	1689.0
1266.0	182.47277108433713	162.20825301204812	27.66102409638555	136.4	118.80000000000001	19.8	223.3	209.00000000000003	32.45	830.0
1267.0	133.44623955431757	191.55473537604468	39.67813370473538	130.35000000000002	187.55	34.650000000000006	136.4	196.35000000000002	44.550000000000004	359.0
1268.0	184.6484311050475	176.74658935879924	22.724829467940012	155.65	127.60000000000001	18.700000000000003	224.4	211.75000000000003	27.500000000000004	733.0
1269.0	161.6659064327484	216.40859649122808	28.69327485380117	155.65	209.00000000000003	23.1	168.85000000000002	223.3	37.95	855.0
1270.0	200.2313118811884	167.5811881188117	24.86980198019803	156.20000000000002	128.70000000000002	19.25	232.10000000000002	216.15	30.250000000000004	2020.0
1271.0	183.4266802443992	150.94307535641556	25.330244399185332	142.45000000000002	118.25000000000001	19.8	210.10000000000002	199.10000000000002	30.800000000000004	491.0
1272.0	185.20617673579795	159.98949504057745	24.327953110910745	146.85000000000002	121.00000000000001	17.6	216.70000000000002	203.50000000000003	30.800000000000004	1109.0
1273.0	158.50834298957128	190.28789107763615	25.839803012746255	140.8	117.7	21.450000000000003	214.50000000000003	207.9	33.550000000000004	863.0
1274.0	160.98206583427927	203.38450624290581	34.6350170261067	146.85000000000002	123.20000000000002	29.150000000000002	227.70000000000002	218.35000000000002	41.25	881.0
1275.0	175.0632309941521	185.87266081871346	31.785014619883047	147.95000000000002	123.75000000000001	27.500000000000004	228.8	215.05	37.95	684.0
1276.0	198.1803066037736	173.67158018867903	15.285849056603775	194.70000000000002	168.85000000000002	14.3	201.85000000000002	178.75000000000003	16.5	424.0
1277.0	236.9619140625	139.360546875	42.483203125	234.85000000000002	136.95000000000002	40.150000000000006	239.25000000000003	141.9	45.650000000000006	256.0
1278.0	216.57083333333335	186.4041666666667	20.33541666666667	203.50000000000003	170.5	14.850000000000001	231.00000000000003	200.75000000000003	26.400000000000002	264.0
1279.0	214.00477642276442	184.3278794037942	17.286246612466126	207.35000000000002	177.65	14.3	223.3	191.95000000000002	23.650000000000002	1476.0
1280.0	216.45074906367051	187.27860486891382	22.389840823970037	211.20000000000002	181.50000000000003	17.6	222.75000000000003	193.60000000000002	25.85	1068.0
1281.0	183.65684306569364	182.87399635036502	47.89315693430657	159.5	114.95	45.1	223.85000000000002	223.85000000000002	51.150000000000006	548.0
1282.0	193.1976744186048	192.10232558139538	37.870930232558145	165.0	133.65	33.0	235.95000000000002	224.4	42.900000000000006	473.0
1283.0	233.307911392405	135.6738607594937	48.775253164556965	228.8	132.55	42.900000000000006	238.15	139.15	54.45	790.0
1284.0	219.76274509803926	195.4818627450982	91.4488235294118	216.70000000000002	187.00000000000003	87.45	223.3	200.20000000000002	96.80000000000001	510.0
1285.0	205.03342002600803	187.74453836150855	102.16553966189856	195.8	172.15	96.25000000000001	218.35000000000002	198.55	106.7	769.0
1286.0	221.55873893805318	192.69469026548666	74.11980088495577	203.50000000000003	177.10000000000002	69.30000000000001	233.75000000000003	215.60000000000002	78.10000000000001	452.0
1287.0	220.26524193548389	195.06725806451615	78.70056451612903	204.05	177.65	73.7	233.20000000000002	213.95000000000002	81.95	620.0
1288.0	224.07307692307697	192.83589743589735	74.62179487179489	206.8	180.95000000000002	69.85000000000001	233.75000000000003	215.05	79.2	429.0
1289.0	175.5483386075949	154.35622362869188	31.926107594936703	150.70000000000002	133.65	27.500000000000004	199.65	180.4	37.400000000000006	1896.0
1290.0	176.4450617283948	154.25740740740744	31.840740740740735	152.35000000000002	136.95000000000002	25.3	190.3	175.45000000000002	37.400000000000006	1782.0
1291.0	179.41005475360865	152.57667994026858	38.63058735689398	149.60000000000002	134.20000000000002	33.550000000000004	203.50000000000003	181.50000000000003	44.0	2009.0
1292.0	175.42907608695657	141.5652173913044	41.89116847826087	145.75	126.50000000000001	39.6	187.00000000000003	178.75000000000003	44.550000000000004	368.0
1293.0	196.0965686274511	138.00455182072858	61.039215686274524	137.5	112.75000000000001	56.1	218.35000000000002	209.00000000000003	65.45	714.0
1294.0	186.7713369963369	171.28168498168503	3.780494505494506	173.8	152.35000000000002	0.0	200.20000000000002	184.25000000000003	6.6000000000000005	546.0
1295.0	173.1067803660564	177.01397670549088	64.60349417637272	139.70000000000002	117.15	59.400000000000006	223.3	215.05	69.85000000000001	1202.0
1296.0	194.7712742980561	189.80187185025198	40.28027357811375	172.15	117.7	7.15	209.55	222.20000000000002	57.2	1389.0
1297.0	166.2107885304658	224.104301075269	44.610322580645175	158.4	219.45000000000002	34.650000000000006	176.0	227.70000000000002	50.6	1395.0
1298.0	202.04828544949018	203.0264596848935	29.73822984244671	193.05	176.0	7.15	211.75000000000003	224.4	49.50000000000001	1079.0
1299.0	186.86250000000015	226.96826923076932	47.77788461538463	177.10000000000002	222.75000000000003	42.35	193.60000000000002	229.35000000000002	53.35	572.0
1300.0	203.63671128107075	200.51864244741873	46.958221797323155	177.10000000000002	147.95000000000002	41.800000000000004	245.3	228.25000000000003	51.150000000000006	523.0
1301.0	155.86468558282226	140.45835889570535	46.76307515337422	124.85000000000001	109.45	43.45	184.25000000000003	178.75000000000003	52.25000000000001	1304.0
1302.0	225.08864447086813	182.03855529131994	58.835285374554125	182.05	157.3	55.00000000000001	243.10000000000002	225.50000000000003	64.35000000000001	1682.0
1303.0	183.5323371189481	140.53469814704135	55.20448296473406	147.95000000000002	129.8	48.400000000000006	197.45000000000002	174.35000000000002	61.050000000000004	1673.0
1304.0	161.4764401294499	155.56919093851144	47.19142394822007	140.25	126.50000000000001	38.5	186.45000000000002	177.65	51.150000000000006	1545.0
1305.0	201.76366279069777	142.97441860465122	62.05566860465117	199.10000000000002	139.15	58.300000000000004	204.05	146.85000000000002	65.45	344.0
1306.0	172.5223299010705	163.65992327882088	51.868897637795286	149.05	132.55	46.2	201.3	188.65	57.75000000000001	4953.0
1307.0	173.64255624700814	167.49066539013896	47.28262326471997	154.55	135.3	42.35	201.3	190.85000000000002	53.900000000000006	2089.0
1308.0	181.14439655172438	159.39509698275904	49.360721982758626	157.3	139.15	45.1	199.10000000000002	188.10000000000002	53.900000000000006	928.0
1309.0	158.79518884892084	157.12589928057574	22.44910071942455	145.75	130.9	13.750000000000002	180.4	168.3	28.05	2224.0
1310.0	159.84551282051268	165.09401709401706	18.60715811965811	156.20000000000002	160.05	13.200000000000001	163.9	169.4	23.650000000000002	936.0
1311.0	154.06933560477	169.56396933560484	24.689097103918222	150.70000000000002	166.65	20.900000000000002	157.3	173.25	27.500000000000004	587.0
1312.0	157.00557065217373	169.10482336956503	13.533288043478251	151.8	164.45000000000002	10.450000000000001	161.70000000000002	173.8	17.05	736.0
1313.0	173.1396952908589	153.71448753462602	13.260027700831019	154.0	134.75	9.350000000000001	189.75000000000003	175.45000000000002	18.700000000000003	1805.0
1314.0	180.55554803788905	150.4008119079838	44.29472259810555	134.20000000000002	111.10000000000001	36.300000000000004	215.60000000000002	206.25000000000003	53.900000000000006	739.0
1315.0	205.12794959908362	180.20784650630037	31.338029782359676	167.20000000000002	138.60000000000002	25.85	238.70000000000002	224.4	35.75	873.0
1316.0	181.8564144736843	137.63279605263193	42.76322368421053	129.8	110.00000000000001	36.300000000000004	207.9	198.00000000000003	48.95	1520.0
1317.0	204.54677419354834	114.42400379506643	48.70996204933587	200.20000000000002	111.10000000000001	44.0	208.45000000000002	118.80000000000001	53.35	527.0
1318.0	170.87761194029852	167.45830845771147	36.20751243781095	135.85000000000002	112.2	26.400000000000002	220.00000000000003	211.20000000000002	46.2	1005.0
1319.0	153.63834244080164	210.9009562841531	28.11511839708561	139.15	201.3	23.650000000000002	162.25	220.00000000000003	33.550000000000004	1098.0
1320.0	166.53852183650625	181.1366181410975	32.0946248600224	139.70000000000002	116.60000000000001	26.400000000000002	220.55	210.10000000000002	39.050000000000004	893.0
1321.0	188.15631067961172	164.70485436893205	31.60000000000002	141.35000000000002	119.35000000000001	25.3	228.8	214.50000000000003	40.150000000000006	1133.0
1322.0	174.58247422680412	150.3201030927836	58.66146907216495	137.5	115.50000000000001	50.6	201.85000000000002	196.35000000000002	64.35000000000001	388.0
1323.0	193.85560578661824	171.77056962025313	14.762974683544305	186.45000000000002	165.55	12.65	200.20000000000002	178.75000000000003	17.05	1106.0
1324.0	194.43698394495394	171.84787844036669	13.143233944954115	188.10000000000002	166.65	11.55	200.20000000000002	177.65	14.850000000000001	872.0
1325.0	190.94748358862154	165.97724288840263	51.67773522975932	146.3	119.9	11.55	221.65	212.85000000000002	67.10000000000001	914.0
1326.0	213.4745762711865	177.45157384987905	14.07627118644068	206.8	173.25	10.450000000000001	218.9	181.50000000000003	17.05	826.0
1327.0	222.16114958448753	203.3103185595569	45.09085872576176	214.50000000000003	185.9	40.7	235.4	211.75000000000003	49.50000000000001	722.0
1328.0	212.2819165998396	188.62927024859655	58.819125902165204	185.9	171.60000000000002	7.700000000000001	224.4	224.4	98.45	1247.0
1329.0	214.72843137254907	164.59215686274533	74.98137254901962	168.85000000000002	137.5	72.05000000000001	234.85000000000002	218.35000000000002	78.10000000000001	561.0
1330.0	210.015560165975	194.78786307053937	96.76690871369296	203.50000000000003	178.75000000000003	93.50000000000001	221.10000000000002	201.85000000000002	100.10000000000001	482.0
1331.0	189.94360986547088	194.7628923766817	64.18167040358743	178.20000000000002	153.45000000000002	59.95	222.75000000000003	207.9	70.95	892.0
1332.0	167.12737520128832	160.46892109500806	36.938566827697265	151.8	137.5	31.35	185.9	174.9	40.150000000000006	621.0
1333.0	161.27686666666676	165.98376666666655	39.58826666666666	150.70000000000002	138.05	33.550000000000004	188.10000000000002	174.9	45.1	1500.0
1334.0	159.496347248577	175.36546489563574	39.784203036053135	154.0	170.5	35.75	165.0	179.85000000000002	44.0	1054.0
1335.0	175.74666357738676	154.32775718257653	42.30412418906395	149.05	136.95000000000002	37.95	194.15	179.85000000000002	46.75000000000001	1079.0
1336.0	182.27677502138582	153.464114627887	37.789563729683486	159.5	140.25	33.0	196.35000000000002	183.15	41.800000000000004	1169.0
1337.0	192.0831447963802	145.3978506787329	39.75180995475113	187.00000000000003	141.9	34.650000000000006	197.45000000000002	147.95000000000002	43.45	442.0
1338.0	148.9240286298567	180.32801635991825	40.78435582822086	145.75	176.0	37.95	154.0	184.25000000000003	42.900000000000006	489.0
1339.0	185.7741726618704	153.2917266187052	42.8639928057554	156.75	129.8	39.6	206.25000000000003	191.95000000000002	48.400000000000006	1390.0
1340.0	222.65684454756382	185.81577726218103	29.59280742459397	198.55	161.15	24.750000000000004	240.9	218.9	35.2	431.0
1341.0	182.1166439754936	168.49094622191967	44.07300884955752	135.3	106.15	4.95	220.55	213.95000000000002	71.5	1469.0
1342.0	219.18402417962005	183.92322970639023	36.57737478411053	193.05	163.35000000000002	6.6000000000000005	244.75000000000003	224.4	62.7	579.0
1343.0	196.42052190721668	201.12741623711335	51.05396262886597	169.4	141.35000000000002	45.1	245.3	229.35000000000002	56.650000000000006	1552.0
1344.0	166.2330508474577	139.65593220339002	41.31864406779662	142.45000000000002	127.60000000000001	34.650000000000006	177.65	165.0	46.75000000000001	649.0
1345.0	147.29863138686125	169.79443430656943	43.88959854014599	143.0	165.0	40.150000000000006	154.0	174.9	47.300000000000004	548.0
1346.0	170.00707547169807	148.12382075471683	48.270283018867914	145.20000000000002	134.75	44.550000000000004	180.95000000000002	169.95000000000002	51.150000000000006	424.0
1347.0	164.68777517564368	171.5484777517565	55.37096018735365	144.10000000000002	129.8	49.50000000000001	203.50000000000003	190.85000000000002	62.150000000000006	2135.0
1348.0	182.05499545867406	156.83292461398736	55.60744777475021	152.9	129.8	48.400000000000006	202.95000000000002	190.85000000000002	61.60000000000001	1101.0
1349.0	177.787819767442	126.70433139534889	8.913197674418608	173.25	121.55000000000001	4.95	187.00000000000003	133.10000000000002	15.950000000000001	1720.0
1350.0	162.31373390557934	163.29570815450637	55.2903433476395	136.95000000000002	114.95	50.6	200.75000000000003	195.25000000000003	61.050000000000004	233.0
1351.0	141.66141552511414	190.9353881278538	54.13984018264838	139.15	187.55	50.050000000000004	144.65	194.15	57.75000000000001	438.0
1352.0	202.91333333333313	176.66077464788785	10.952230046948369	194.70000000000002	169.95000000000002	7.700000000000001	211.75000000000003	185.35000000000002	14.850000000000001	2130.0
1353.0	219.24943899018245	121.59011220196356	63.14200561009816	216.15	117.7	58.85	223.3	125.4	67.10000000000001	713.0
1354.0	210.53522913256967	193.18862520458262	98.36943535188213	201.3	181.50000000000003	94.05000000000001	219.45000000000002	200.20000000000002	103.95	1222.0
1355.0	213.73421828908542	184.9476401179942	99.73982300884956	210.10000000000002	181.50000000000003	97.9	216.15	189.20000000000002	102.30000000000001	339.0
1356.0	218.70697674418605	158.65697674418618	66.64186046511628	214.50000000000003	155.65	63.800000000000004	226.60000000000002	162.8	69.30000000000001	473.0
1357.0	210.12235059760977	175.41143426294818	80.04318725099601	189.20000000000002	156.75	63.25000000000001	225.50000000000003	196.9	94.05000000000001	1255.0
1358.0	192.7293220338983	202.0550847457627	73.04559322033899	190.3	198.55	68.75	195.25000000000003	205.15	75.9	295.0
1359.0	208.4421626152557	184.8313495389774	94.89735959765292	197.45000000000002	174.9	85.80000000000001	220.00000000000003	196.9	100.65	2386.0
1360.0	167.63695652173914	163.32173913043465	35.13478260869566	152.9	136.95000000000002	31.35	194.70000000000002	177.10000000000002	38.5	506.0
1361.0	177.6167641325537	172.91120857699806	34.92875243664717	160.05	140.25	31.900000000000002	204.60000000000002	193.60000000000002	38.5	513.0
1362.0	177.8116834170854	156.4321608040201	33.10226130653267	157.3	139.15	29.150000000000002	193.05	179.3	36.85	796.0
1363.0	170.47894144144135	170.6288288288288	35.08789414414415	157.3	138.60000000000002	30.800000000000004	195.8	187.00000000000003	38.5	888.0
1364.0	192.86550079491263	139.71136724960255	34.356200317965026	186.45000000000002	136.95000000000002	31.35	200.20000000000002	142.45000000000002	36.85	629.0
1365.0	199.72646341463403	140.50756097560978	38.68914634146342	195.25000000000003	137.5	36.85	204.05	144.10000000000002	41.25	410.0
1366.0	162.5017162471397	183.39668192219682	33.89988558352403	158.4	179.3	30.800000000000004	166.65	187.00000000000003	35.75	437.0
1367.0	197.40303030303036	143.11060606060602	35.70606060606061	190.85000000000002	140.25	33.550000000000004	201.85000000000002	145.75	37.95	363.0
1368.0	163.58537803138356	169.71344507845947	24.737838801711835	148.5	127.05000000000001	14.850000000000001	231.55	220.00000000000003	41.800000000000004	1402.0
1369.0	192.22609126984136	193.62400793650795	4.413095238095241	188.10000000000002	189.75000000000003	1.6500000000000001	195.8	197.45000000000002	7.15	504.0
1370.0	147.84940029985026	199.65989505247362	37.40329835082459	124.85000000000001	166.65	33.550000000000004	168.85000000000002	225.50000000000003	41.25	667.0
1371.0	170.43256130790198	147.7491825613075	24.944323342415988	151.25	131.45000000000002	18.700000000000003	184.25000000000003	169.95000000000002	29.700000000000003	1101.0
1372.0	162.61444892473136	158.37116935483877	23.059341397849472	154.0	136.4	15.950000000000001	180.4	169.4	29.150000000000002	744.0
1373.0	163.8825026511135	159.87211028632032	26.068716861081654	151.8	136.95000000000002	21.450000000000003	182.60000000000002	170.5	30.800000000000004	943.0
1374.0	178.68668384879723	169.76855670103106	25.231958762886595	146.85000000000002	115.50000000000001	18.150000000000002	220.00000000000003	207.9	33.0	582.0
1375.0	181.56862745098044	144.36764705882342	48.046568627450995	133.65	108.9	40.7	212.3	203.50000000000003	53.900000000000006	1122.0
1376.0	217.65498046875004	190.8596679687503	50.16735839843752	187.55	160.60000000000002	41.25	242.55	223.3	58.300000000000004	2048.0
1377.0	188.48372093023258	194.04155712841256	85.14266936299293	174.9	187.00000000000003	60.50000000000001	201.85000000000002	199.10000000000002	103.95	989.0
1378.0	129.5124365482234	177.0413705583756	42.96421319796955	127.05000000000001	173.8	37.400000000000006	132.0	180.4	47.85	591.0
1379.0	168.0948985680192	150.27404534606188	22.96775059665872	144.10000000000002	126.50000000000001	12.65	182.05	171.05	33.550000000000004	1676.0
1380.0	160.62143536121684	144.26782319391629	32.06102661596959	142.45000000000002	126.50000000000001	28.05	174.35000000000002	161.70000000000002	35.2	1052.0
1381.0	192.2303041543025	168.7928783382788	14.703523738872398	141.9	131.45000000000002	1.6500000000000001	225.50000000000003	213.4	23.1	1348.0
1382.0	218.7677528089887	168.50825842696625	11.745280898876391	191.4	157.85000000000002	7.15	228.25000000000003	205.15	17.6	890.0
1383.0	174.40838709677405	153.90709677419363	12.192903225806448	163.9	139.15	7.700000000000001	184.25000000000003	171.60000000000002	18.150000000000002	1705.0
1384.0	170.43895604395584	174.65280219780215	20.701153846153836	145.20000000000002	121.00000000000001	14.850000000000001	214.50000000000003	201.3	28.6	910.0
1385.0	148.5024943310657	202.1979591836735	22.894217687074832	141.35000000000002	199.10000000000002	19.25	156.20000000000002	205.15	26.400000000000002	441.0
1386.0	166.9897931654673	180.4326438848923	19.84055755395678	143.55	122.65	13.750000000000002	217.25000000000003	203.50000000000003	26.950000000000003	1112.0
1387.0	202.2860424794107	173.01493281317718	14.529345470307746	167.75	140.8	8.25	231.00000000000003	211.75000000000003	20.35	2307.0
1388.0	155.29172535211282	147.21117957746497	12.218133802816908	137.5	117.7	4.4	181.50000000000003	171.05	20.900000000000002	1704.0
1389.0	168.37127551020396	130.9280612244898	45.19989795918368	125.95000000000002	106.7	39.6	190.3	184.25000000000003	55.00000000000001	980.0
1390.0	194.95016244314476	172.00812215724534	9.090188434048075	187.55	165.0	5.5	202.95000000000002	178.75000000000003	11.55	1539.0
1391.0	221.36389850057665	192.37566320645917	28.15054786620534	211.75000000000003	180.95000000000002	20.900000000000002	233.20000000000002	205.70000000000002	35.75	1734.0
1392.0	195.87632331902736	179.7162374821173	18.90379113018598	189.20000000000002	174.9	16.5	205.15	185.35000000000002	21.450000000000003	699.0
1393.0	198.7244656917884	181.55629921259853	20.37289088863889	194.70000000000002	174.35000000000002	17.05	203.50000000000003	187.55	22.55	889.0
1394.0	206.7215243902437	178.1691463414634	19.241951219512238	199.10000000000002	171.60000000000002	15.950000000000001	211.75000000000003	184.25000000000003	22.0	820.0
1395.0	212.7264775413712	186.25973207249817	20.66552403467299	207.35000000000002	180.95000000000002	18.150000000000002	218.9	192.50000000000003	25.85	1269.0
1396.0	212.31815892557353	185.9310856183545	13.646894236149986	203.50000000000003	179.85000000000002	7.700000000000001	221.65	191.4	20.35	1787.0
1397.0	202.84000000000003	208.4063793103448	21.300172413793085	200.20000000000002	205.15	18.700000000000003	205.15	211.20000000000002	23.650000000000002	290.0
1398.0	226.79521276595753	187.3851063829787	47.53191489361702	188.10000000000002	159.5	37.400000000000006	244.20000000000002	225.50000000000003	56.650000000000006	1034.0
1399.0	210.69032685512354	200.2068021201413	47.69500883392228	187.55	160.60000000000002	42.35	244.20000000000002	225.50000000000003	54.45	1132.0
1400.0	162.8260355029581	140.42438362919134	13.244748520710077	143.0	124.30000000000001	6.050000000000001	174.9	160.05	22.0	2028.0
1401.0	210.0837089504185	169.23177720540934	80.47105602060529	164.45000000000002	132.0	74.80000000000001	235.95000000000002	221.10000000000002	86.35000000000001	1553.0
1402.0	182.71129411764718	176.2381176470589	53.006541176470584	138.60000000000002	115.50000000000001	4.95	226.05	217.8	78.10000000000001	2125.0
1403.0	145.91574324324338	158.9358783783784	18.1618918918919	139.70000000000002	154.55	6.6000000000000005	153.45000000000002	166.65	36.300000000000004	740.0
1404.0	173.68646362098147	130.07918781725888	27.759644670050772	170.5	126.50000000000001	23.1	176.0	134.20000000000002	31.35	591.0
1405.0	181.15906699889268	132.85438815060908	40.46382890365449	128.70000000000002	107.80000000000001	31.35	203.50000000000003	193.05	50.6	3612.0
1406.0	182.41166950596272	180.76166950596263	15.107666098807496	160.60000000000002	136.95000000000002	7.700000000000001	223.3	205.15	20.900000000000002	587.0
1407.0	166.4419475655431	195.36638576779023	8.664044943820226	163.35000000000002	188.65	6.6000000000000005	168.85000000000002	201.3	12.100000000000001	534.0
1408.0	193.2252184041933	162.66225975538748	11.129091438555646	163.35000000000002	135.3	6.6000000000000005	217.25000000000003	202.95000000000002	18.150000000000002	1717.0
1409.0	159.6613647170709	141.766096053257	30.64255825011888	134.75	114.4	24.200000000000003	181.50000000000003	171.60000000000002	35.75	2103.0
1410.0	154.84074743821566	149.30593731163358	33.98595539481616	139.70000000000002	126.50000000000001	29.150000000000002	170.5	164.45000000000002	40.7	1659.0
1411.0	167.12131728045335	150.90878186968868	22.427691218130306	162.25	143.55	17.05	171.60000000000002	156.20000000000002	26.950000000000003	1412.0
1412.0	194.16949778434287	170.28755539143302	11.149076809453469	164.45000000000002	136.95000000000002	7.15	219.45000000000002	205.70000000000002	17.6	1354.0
1413.0	218.7752202643171	150.2396475770927	9.887885462555062	214.50000000000003	145.20000000000002	7.15	222.75000000000003	154.55	12.65	454.0
1414.0	193.2339734636873	179.0407472067042	12.323917597765362	171.05	144.65	8.8	222.75000000000003	206.25000000000003	17.05	1432.0
1415.0	181.20533063427797	203.18529014844813	12.063630229419696	173.25	197.45000000000002	6.6000000000000005	188.10000000000002	207.35000000000002	16.5	741.0
1416.0	182.70761609907137	133.19092879256937	53.36907120743031	132.0	110.55000000000001	46.2	202.95000000000002	194.15	58.300000000000004	1615.0
1417.0	137.12236467236468	190.46296296296302	49.40284900284902	133.65	187.00000000000003	45.1	140.8	195.25000000000003	53.35	351.0
1418.0	187.50933456561933	164.54251386321604	13.352495378927914	182.05	158.95000000000002	11.0	193.05	169.95000000000002	14.850000000000001	541.0
1419.0	206.0299065420561	176.5415887850466	68.20560747663552	178.75000000000003	149.60000000000002	63.25000000000001	226.60000000000002	212.3	72.60000000000001	1177.0
1420.0	225.2170673076923	159.06370192307688	69.84471153846154	222.20000000000002	154.0	64.35000000000001	228.8	162.8	75.9	624.0
1421.0	186.3038356164384	210.20171232876723	65.13808219178084	181.50000000000003	207.35000000000002	61.60000000000001	191.4	213.95000000000002	69.30000000000001	730.0
1422.0	201.57865916069602	204.71371545547586	24.20900716479016	191.95000000000002	164.45000000000002	18.700000000000003	235.4	215.05	29.700000000000003	977.0
1423.0	224.98492063492063	194.6628968253969	41.67450396825398	209.00000000000003	178.20000000000002	35.75	239.8	212.3	46.75000000000001	504.0
1424.0	216.12853012048188	181.0812048192771	73.20380722891566	191.95000000000002	160.05	39.050000000000004	240.9	217.25000000000003	101.2	2075.0
1425.0	202.4673469387755	184.46934523809514	80.42627551020409	177.65	158.4	41.25	218.35000000000002	216.15	93.50000000000001	2352.0
1426.0	204.94891578416545	190.4506051437216	24.88978819969742	167.75	178.75000000000003	16.5	217.25000000000003	218.9	51.150000000000006	1983.0
1427.0	217.74040469973892	188.92284595300262	37.03524804177545	193.05	164.45000000000002	13.750000000000002	242.00000000000003	221.65	55.00000000000001	766.0
1428.0	186.7499703264095	153.79664688427334	11.722670623145396	165.0	138.60000000000002	7.700000000000001	201.85000000000002	182.60000000000002	17.05	1685.0
1429.0	165.51679245283046	142.3853144654088	18.213993710691813	138.60000000000002	118.25000000000001	7.15	225.50000000000003	203.50000000000003	78.10000000000001	1590.0
1430.0	169.8402430044182	157.17647275405005	21.50062592047126	159.5	141.9	13.750000000000002	179.85000000000002	171.05	30.800000000000004	1358.0
1431.0	160.67532467532467	156.56428571428594	15.438961038961047	149.05	131.45000000000002	11.0	182.60000000000002	171.05	22.0	847.0
1432.0	176.06607445008464	134.08925549915398	20.292301184433185	172.15	129.8	16.5	178.75000000000003	138.05	23.650000000000002	591.0
1433.0	163.7588419405321	208.90532081377162	18.400469483568077	160.05	203.50000000000003	15.400000000000002	168.3	213.95000000000002	20.900000000000002	639.0
1434.0	181.1615540044082	166.30246142542273	13.36730345334311	151.8	118.25000000000001	6.6000000000000005	213.95000000000002	200.20000000000002	28.6	2722.0
1435.0	186.53702754644476	168.8996796925042	17.20080076873799	152.35000000000002	127.60000000000001	7.700000000000001	221.65	204.60000000000002	24.200000000000003	1561.0
1436.0	173.62008888888897	136.18684444444438	32.54582222222222	131.45000000000002	108.35000000000001	25.3	199.65	185.35000000000002	37.95	1125.0
1437.0	164.69146341463411	154.21798780487805	24.741615853658537	134.75	116.60000000000001	19.8	198.00000000000003	188.10000000000002	30.250000000000004	328.0
1438.0	180.33809302325602	158.52279069767462	6.686465116279065	171.05	146.3	3.8500000000000005	191.4	173.8	8.8	1075.0
1439.0	161.99324746291956	147.572599531616	24.31334894613582	140.25	121.00000000000001	19.8	184.8	175.45000000000002	27.500000000000004	1281.0
1440.0	171.1900306748465	131.0518404907976	29.344018404907967	136.95000000000002	113.85000000000001	24.750000000000004	185.35000000000002	172.15	34.650000000000006	978.0
1441.0	154.3686232657417	161.69999999999987	12.912379935965829	150.15	158.4	9.9	159.5	166.10000000000002	17.05	937.0
1442.0	163.87679840142076	158.24882326820642	14.354462699822378	154.55	138.60000000000002	9.9	178.75000000000003	168.3	19.8	2252.0
1443.0	185.2552980132445	176.27553564472134	4.670393455395399	171.05	143.0	1.1	208.45000000000002	198.00000000000003	12.65	2567.0
1444.0	197.8597594501719	162.09426116838466	5.8511683848797285	173.25	143.55	2.2	214.50000000000003	192.50000000000003	11.55	1455.0
1445.0	210.6671683389076	151.4547937569678	5.610981047937564	205.15	146.85000000000002	1.6500000000000001	216.15	158.4	10.450000000000001	897.0
1446.0	174.42602138220695	156.57338678885085	9.812008400152715	167.20000000000002	149.05	6.050000000000001	183.15	165.55	14.850000000000001	2619.0
1447.0	180.6804475421864	148.6404255319148	10.42296404988994	174.9	144.10000000000002	5.5	187.55	153.45000000000002	14.850000000000001	1363.0
1448.0	232.57943121693114	193.03981481481483	52.5191798941799	225.50000000000003	185.35000000000002	45.1	236.50000000000003	206.25000000000003	64.35000000000001	756.0
1449.0	186.55168986083504	154.8430417495032	13.482107355864803	171.05	146.3	10.450000000000001	196.9	177.65	16.5	503.0
1450.0	185.76140749148706	168.8119182746876	11.144211123723055	174.35000000000002	153.45000000000002	7.700000000000001	198.55	180.4	13.750000000000002	881.0
1451.0	192.27385093167686	163.76130434782604	9.572049689440997	182.60000000000002	155.10000000000002	6.050000000000001	197.45000000000002	177.10000000000002	13.200000000000001	805.0
1452.0	182.20868347338944	167.5782212885152	12.934243697478994	174.9	152.9	8.8	194.70000000000002	178.20000000000002	17.05	1428.0
1453.0	185.0418032786884	168.87131147540993	14.422131147540973	180.4	164.45000000000002	12.100000000000001	191.95000000000002	173.8	16.5	671.0
1454.0	187.54895635673628	171.9715370018975	9.576470588235285	180.4	164.45000000000002	6.050000000000001	194.15	175.45000000000002	12.65	527.0
1455.0	205.60558583106277	194.80940054495912	96.55572207084468	195.25000000000003	179.3	91.85000000000001	221.10000000000002	202.95000000000002	100.65	367.0
1456.0	212.01953931691824	195.86115965051647	91.77617156473387	204.60000000000002	187.00000000000003	88.0	219.45000000000002	201.85000000000002	95.15	1259.0
1457.0	218.10411764705884	204.48029411764708	43.43705882352941	206.25000000000003	178.75000000000003	37.400000000000006	239.8	215.60000000000002	50.050000000000004	850.0
1458.0	184.00867346938784	201.78265306122452	65.38826530612245	180.4	194.70000000000002	62.150000000000006	188.10000000000002	206.25000000000003	69.85000000000001	490.0
1459.0	204.80804516584362	191.11976005645735	76.92120677487651	198.55	179.3	73.15	212.3	198.55	83.05000000000001	1417.0
1460.0	192.05005757052393	190.45958549222794	87.12892918825563	177.10000000000002	160.05	83.05000000000001	218.9	200.20000000000002	92.4	1737.0
1461.0	218.4034526854219	186.7453964194373	65.32762148337596	215.05	182.60000000000002	62.7	220.55	191.4	68.2	391.0
1462.0	206.09491955969503	192.6616003386961	66.44847586790857	183.15	161.70000000000002	59.400000000000006	231.55	214.50000000000003	72.05000000000001	1181.0
1463.0	201.1200568990043	190.25462304409663	71.11507823613088	185.35000000000002	158.4	65.45	224.95000000000002	210.65	75.35000000000001	703.0
1464.0	200.70932773109254	193.72016806722695	68.18890756302521	188.65	156.75	63.800000000000004	226.60000000000002	210.65	71.5	595.0
1465.0	217.19076923076912	198.13820512820513	76.98448717948719	214.50000000000003	194.15	73.15	219.45000000000002	201.3	80.30000000000001	390.0
1466.0	219.63880597014918	198.72421227197344	75.41293532338308	215.05	191.4	71.5	227.15	204.60000000000002	80.30000000000001	603.0
1467.0	223.2084884376764	192.21895093062614	42.588860688099274	213.95000000000002	184.25000000000003	34.1	230.45000000000002	201.85000000000002	50.050000000000004	1773.0
1468.0	197.55598958333331	181.6371817129629	93.05089699074074	167.75	145.75	80.30000000000001	220.00000000000003	202.4	104.50000000000001	1728.0
1469.0	208.5267502365185	180.9104541154211	96.00726111636709	190.85000000000002	168.3	89.65	220.00000000000003	201.3	102.85000000000001	2114.0
1470.0	189.11319358816272	219.95795314426636	71.52983970406906	181.50000000000003	214.50000000000003	56.650000000000006	195.25000000000003	224.95000000000002	89.65	811.0
1471.0	207.1174881516587	193.1203791469194	95.51649289099527	186.45000000000002	161.15	88.55000000000001	227.70000000000002	214.50000000000003	101.2	1055.0
1472.0	207.6615234375	203.77929687499994	87.0955078125	193.60000000000002	165.55	79.2	234.85000000000002	217.8	95.15	1024.0
1473.0	199.8108127043438	183.29925268566103	77.9450957496497	159.5	127.60000000000001	72.05000000000001	238.70000000000002	223.3	84.7	2141.0
1474.0	191.6503976143142	197.30183896620275	73.49169980119285	168.3	136.95000000000002	68.75	238.70000000000002	224.4	78.10000000000001	1006.0
1475.0	144.46487148102815	158.68543451652394	20.26988984088127	139.15	155.10000000000002	4.95	149.60000000000002	162.8	36.85	817.0
1476.0	171.1579598145288	142.7973415765066	14.968670788253483	143.0	122.65	7.700000000000001	190.85000000000002	176.0	23.1	3235.0
1477.0	148.3506315789474	171.9230526315788	13.054105263157888	145.20000000000002	167.20000000000002	8.8	151.25	176.0	17.05	475.0
1478.0	172.4857993197279	137.34628684807257	13.688577097505657	144.65	122.65	8.25	185.9	169.95000000000002	20.900000000000002	1764.0
1479.0	172.41166549543226	150.66057624736436	15.305305692199575	147.4	128.15	9.350000000000001	192.50000000000003	177.10000000000002	22.55	1423.0
1480.0	161.33319852941187	150.79463235294128	23.461544117647065	147.4	132.55	18.700000000000003	177.10000000000002	163.9	28.05	1360.0
1481.0	159.28371350364986	152.17937956204423	21.1669708029197	146.3	135.3	13.750000000000002	174.9	162.8	28.05	1096.0
1482.0	157.4896907216493	159.9835051546394	18.475257731958745	152.9	156.20000000000002	14.3	161.70000000000002	164.45000000000002	24.200000000000003	1067.0
1483.0	166.7021855010662	125.31380597014923	32.98065031982943	132.0	112.2	29.700000000000003	182.05	172.70000000000002	36.300000000000004	938.0
1484.0	175.40481678487052	160.95268912529502	11.14757683215131	130.9	113.30000000000001	1.6500000000000001	202.95000000000002	185.9	34.650000000000006	1692.0
1485.0	183.26679536679544	113.28088803088804	34.4992277992278	177.65	111.10000000000001	33.0	187.55	115.50000000000001	36.300000000000004	259.0
1486.0	158.15546930134067	151.3284050811573	26.467537050105857	133.10000000000002	113.30000000000001	17.6	192.50000000000003	180.4	33.550000000000004	1417.0
1487.0	147.10407608695647	164.50455163043472	17.03654891304348	144.65	161.70000000000002	12.100000000000001	149.60000000000002	167.75	20.900000000000002	736.0
1488.0	161.13366166353944	151.82166979362123	26.6782676672921	149.05	134.20000000000002	19.8	173.8	161.15	31.900000000000002	3198.0
1489.0	189.9900111607146	153.74402901785734	62.61713169642858	131.45000000000002	111.10000000000001	46.75000000000001	242.00000000000003	188.65	84.7	1792.0
1490.0	167.6489629629629	144.46625925925943	56.55833333333336	130.9	110.00000000000001	50.050000000000004	195.8	191.4	59.95	1350.0
1491.0	173.01706924315627	139.02512077294696	58.59315619967796	132.55	111.10000000000001	53.900000000000006	196.9	189.20000000000002	61.60000000000001	621.0
1492.0	185.78838630806868	167.4641673458302	8.88725889703885	176.55	156.75	2.75	194.15	174.35000000000002	13.750000000000002	3681.0
1493.0	190.47304878048797	163.91341463414597	9.568658536585371	183.15	154.0	4.4	196.35000000000002	175.45000000000002	13.750000000000002	820.0
1494.0	219.6856435643564	193.60495049504937	31.709900990099015	211.20000000000002	179.85000000000002	23.1	232.65	203.50000000000003	41.25	1111.0
1495.0	220.55198915009044	189.04186256781196	28.603978300180827	212.3	182.60000000000002	23.1	227.70000000000002	196.9	34.1	553.0
1496.0	191.1790773532155	175.7298695246971	8.847157502329917	182.60000000000002	160.05	5.5	201.3	183.15	11.55	1073.0
1497.0	206.79630872483224	175.65671140939577	12.31901565995526	198.00000000000003	168.3	10.450000000000001	215.05	191.4	14.3	447.0
1498.0	212.37505592841165	199.3977628635346	39.36744966442953	194.15	166.65	32.45	239.25000000000003	217.25000000000003	46.2	894.0
1499.0	203.16936781609203	185.38477011494254	85.38844827586207	196.35000000000002	176.0	79.75	209.55	193.05	90.75000000000001	870.0
1500.0	218.05112275449102	198.3227544910181	40.28420658682636	202.95000000000002	172.15	35.2	239.25000000000003	215.60000000000002	46.75000000000001	668.0
1501.0	221.03984375000002	198.75911458333331	45.180208333333326	208.45000000000002	177.10000000000002	39.050000000000004	238.70000000000002	213.4	49.50000000000001	576.0
1502.0	206.04822796934855	166.01939655172418	64.40268199233716	175.45000000000002	150.15	57.75000000000001	219.45000000000002	204.60000000000002	71.5	1044.0
1503.0	201.25715579710146	190.64873188405787	68.67826086956522	187.55	165.0	63.25000000000001	221.10000000000002	207.9	73.15	552.0
1504.0	203.53507246376796	183.62985507246373	73.53739130434782	186.45000000000002	158.95000000000002	70.95	221.10000000000002	205.70000000000002	75.9	345.0
1505.0	210.86655270655262	180.96723646723638	89.7352421652422	195.8	165.0	84.15	222.20000000000002	200.75000000000003	97.35000000000001	1755.0
1506.0	207.02647058823533	198.48982352941186	52.765058823529415	202.4	193.05	48.95	211.20000000000002	203.50000000000003	56.650000000000006	850.0
1507.0	213.47213114754084	185.15344262295073	78.12813114754098	204.05	176.55	72.05000000000001	221.10000000000002	200.75000000000003	84.15	1525.0
1508.0	211.01988122171943	186.67118212669675	72.98792420814482	203.50000000000003	177.65	55.550000000000004	218.9	200.75000000000003	81.4	1768.0
1509.0	216.49367755532154	193.6341938883034	75.43983140147523	211.20000000000002	187.55	70.95	220.55	199.65	79.75	949.0
1510.0	216.87181663837018	194.15747028862486	79.6463497453311	212.85000000000002	189.20000000000002	75.9	220.00000000000003	199.10000000000002	82.5	589.0
1511.0	207.0810400516796	194.90180878553005	86.28569121447029	202.95000000000002	190.3	79.75	211.75000000000003	199.10000000000002	91.30000000000001	1548.0
1512.0	211.1034554250174	186.2105390463027	87.90421561852108	202.4	180.4	80.85000000000001	218.35000000000002	196.9	94.60000000000001	1447.0
1513.0	212.76599777034573	191.66488294314374	76.28260869565217	207.9	185.35000000000002	73.15	218.35000000000002	200.75000000000003	79.75	897.0
1514.0	215.09261261261264	203.3602702702703	77.01387387387388	212.85000000000002	198.55	73.7	218.35000000000002	206.25000000000003	79.75	555.0
1515.0	211.4737327188939	184.8233179723504	74.4983870967742	188.65	160.05	70.4	229.35000000000002	213.95000000000002	78.65	1085.0
1516.0	215.2645643693109	191.34778933680104	74.3830299089727	198.55	173.8	68.2	229.35000000000002	213.4	80.30000000000001	769.0
1517.0	226.50117187499993	179.4632812499998	74.64817708333335	223.3	176.0	71.5	229.9	183.15	77.55000000000001	384.0
1518.0	201.1274949083502	212.13421588594713	68.08014256619144	196.9	209.00000000000003	65.45	205.15	214.50000000000003	71.5	491.0
1519.0	223.15241666666662	190.41091666666662	58.25691666666667	203.50000000000003	180.95000000000002	53.35	231.55	210.10000000000002	62.150000000000006	600.0
1520.0	219.69698113207545	200.2321698113207	49.485990566037735	212.3	184.8	42.900000000000006	231.00000000000003	207.9	55.00000000000001	1060.0
1521.0	221.9819422150886	196.2136035313005	56.13134028892456	207.35000000000002	180.95000000000002	51.150000000000006	234.3	210.65	59.400000000000006	1246.0
1522.0	213.3078177727786	201.26040494938132	48.305961754780654	204.60000000000002	177.65	42.900000000000006	232.65	210.65	55.550000000000004	889.0
1523.0	215.76018518518526	201.74999999999994	48.66018518518519	205.70000000000002	181.50000000000003	44.550000000000004	232.65	211.75000000000003	53.35	594.0
1524.0	223.36833079268283	192.86261432926847	46.1719131097561	206.8	176.55	38.5	236.50000000000003	210.65	53.35	1312.0
1525.0	171.26914062499998	133.69849330357147	38.56138392857144	129.25	107.80000000000001	31.35	195.8	184.8	47.300000000000004	896.0
1526.0	178.37767857142828	134.75758928571395	49.24196428571428	128.70000000000002	108.35000000000001	43.45	204.05	195.8	54.45	1232.0
1527.0	169.5563218390806	149.08773946360128	10.036398467432951	149.05	128.70000000000002	5.5	185.9	172.15	16.5	2871.0
1528.0	188.66563855421686	184.40320481927702	6.225204819277107	175.45000000000002	149.60000000000002	1.6500000000000001	215.05	197.45000000000002	12.100000000000001	2075.0
1529.0	134.42698412698414	187.35793650793656	25.279629629629643	132.0	185.9	20.900000000000002	135.85000000000002	188.65	29.150000000000002	189.0
1530.0	180.15097625329832	171.00878627968288	14.016147757255933	155.10000000000002	129.8	9.350000000000001	213.4	200.20000000000002	19.8	1895.0
1531.0	199.51439220183474	155.7250573394496	18.473566513761448	161.15	131.45000000000002	11.55	218.9	204.05	23.650000000000002	872.0
1532.0	176.57292682926828	154.84439024390267	12.655853658536586	145.20000000000002	124.85000000000001	7.700000000000001	198.00000000000003	184.25000000000003	19.8	2255.0
1533.0	173.96115311909267	162.09196597353522	9.565217391304351	160.60000000000002	140.8	7.15	191.95000000000002	178.20000000000002	13.200000000000001	529.0
1534.0	199.0937091503269	131.89305555555555	16.556617647058825	195.25000000000003	126.50000000000001	13.750000000000002	204.60000000000002	135.85000000000002	19.8	612.0
1535.0	201.67385620915016	138.3124183006536	14.766122004357294	197.45000000000002	135.3	11.0	205.15	141.35000000000002	18.150000000000002	459.0
1536.0	183.2141180923538	159.23020439061335	14.427819833459498	157.85000000000002	126.50000000000001	9.9	208.45000000000002	190.3	19.8	1321.0
1537.0	182.78552631578964	159.45394736842132	18.145394736842135	151.8	124.85000000000001	13.200000000000001	210.10000000000002	197.45000000000002	22.55	836.0
1538.0	175.7011627906977	167.03953488372073	11.444186046511637	161.15	136.4	8.8	199.10000000000002	185.35000000000002	14.3	473.0
1539.0	193.2357096565134	158.98386260531476	12.343454309786122	162.8	136.95000000000002	8.25	215.60000000000002	199.10000000000002	17.6	1543.0
1540.0	177.38561001042743	176.18065693430657	12.803701772679874	164.45000000000002	138.60000000000002	9.350000000000001	204.05	197.45000000000002	16.5	959.0
1541.0	170.69359582542708	135.867220113852	31.76276091081594	166.65	130.9	26.950000000000003	174.35000000000002	141.35000000000002	37.400000000000006	1054.0
1542.0	166.12219419924315	156.57730138713742	20.811569987389657	159.5	139.15	14.3	176.55	167.75	30.250000000000004	1586.0
1543.0	170.7683769633507	156.0439267015705	18.243874345549745	161.70000000000002	140.25	13.750000000000002	179.85000000000002	169.4	22.0	955.0
1544.0	167.1257437070935	154.6846681922199	24.97528604118996	158.95000000000002	139.15	18.150000000000002	178.20000000000002	166.65	34.650000000000006	1748.0
1545.0	177.30143061516466	161.0304005722461	20.059656652360527	138.60000000000002	117.15	7.700000000000001	213.95000000000002	198.00000000000003	28.6	699.0
1546.0	196.1712189616253	149.65835214446972	24.005079006772007	151.8	119.35000000000001	17.05	218.9	204.60000000000002	29.700000000000003	443.0
1547.0	176.4441314553991	155.13873239436626	27.77241784037559	135.85000000000002	114.4	20.35	213.95000000000002	199.10000000000002	32.45	426.0
1548.0	218.1888245033113	129.73261589403975	23.866721854304657	215.05	124.85000000000001	19.25	221.65	134.20000000000002	27.500000000000004	604.0
1549.0	216.59354838709692	150.3865591397851	12.654139784946251	211.75000000000003	146.3	8.8	221.10000000000002	154.55	17.05	930.0
1550.0	203.29938697318008	173.08942528735622	11.658314176245181	178.75000000000003	150.15	6.6000000000000005	221.65	204.05	15.400000000000002	1305.0
1551.0	145.35818181818183	162.68454545454526	11.227272727272728	141.9	160.05	6.050000000000001	150.70000000000002	165.55	17.05	605.0
1552.0	151.3710000000001	167.00844827586224	9.106103448275864	145.20000000000002	157.3	6.050000000000001	160.60000000000002	180.95000000000002	15.400000000000002	1450.0
1553.0	149.61043795620432	160.67547445255494	13.100437956204383	145.75	157.3	7.700000000000001	152.9	163.35000000000002	18.150000000000002	685.0
1554.0	205.20696095076391	194.76629881154494	92.85568760611207	202.95000000000002	189.20000000000002	90.2	207.9	200.20000000000002	95.7	589.0
1555.0	208.38799999999995	193.93300000000002	92.48500000000003	205.70000000000002	190.3	89.65	211.75000000000003	197.45000000000002	95.7	550.0
1556.0	223.31370431893683	186.4171096345514	61.63197674418607	198.00000000000003	172.15	55.00000000000001	235.95000000000002	216.70000000000002	67.10000000000001	602.0
1557.0	221.5330031282585	197.26246089676755	39.71298227320125	211.20000000000002	180.95000000000002	32.45	235.4	208.45000000000002	48.400000000000006	959.0
1558.0	213.57177650429782	207.80544412607472	47.048638968481384	208.45000000000002	204.05	42.35	217.8	212.3	50.6	698.0
1559.0	220.6014873140858	200.91697287839	50.466710411198605	206.25000000000003	180.95000000000002	43.45	235.4	212.85000000000002	55.00000000000001	1143.0
1560.0	205.81197014925388	179.0373134328358	69.9468656716418	182.05	153.45000000000002	64.35000000000001	223.3	207.9	75.9	1675.0
1561.0	203.81192223037414	188.64374541452702	82.64668011738813	191.4	167.20000000000002	78.10000000000001	221.65	203.50000000000003	90.2	2726.0
1562.0	207.06540487162607	187.79549045424628	74.32241606319948	189.75000000000003	165.0	68.75	223.3	207.9	77.55000000000001	1519.0
1563.0	211.63131352619257	182.54280688037554	91.52920250195469	190.85000000000002	166.65	85.80000000000001	223.3	204.05	96.80000000000001	1279.0
1564.0	202.68636363636358	189.02840909090924	72.98863636363639	184.8	156.75	68.2	227.15	211.20000000000002	76.45	484.0
1565.0	214.5347725520432	196.0574016962221	78.55543562066308	209.55	183.70000000000002	73.7	224.4	202.95000000000002	84.15	1297.0
1566.0	210.3245412844036	195.68772935779825	88.98646788990827	203.50000000000003	179.85000000000002	85.25	222.75000000000003	202.95000000000002	92.95	436.0
1567.0	223.5598901098902	190.75396825396825	79.07240537240537	220.55	187.55	74.25	226.60000000000002	193.60000000000002	86.35000000000001	819.0
1568.0	221.23038793103441	194.41077586206896	81.83205818965516	217.8	190.85000000000002	78.10000000000001	225.50000000000003	198.00000000000003	85.80000000000001	928.0
1569.0	222.56065573770493	192.18852459016387	39.46803278688525	218.35000000000002	187.55	35.2	228.8	195.25000000000003	44.0	671.0
1570.0	221.92262419006474	195.23039956803473	48.90604751619871	212.85000000000002	186.45000000000002	45.1	231.00000000000003	201.3	52.25000000000001	926.0
1571.0	222.94875996457029	195.03467670504895	53.65155004428697	215.60000000000002	189.20000000000002	49.50000000000001	230.45000000000002	202.95000000000002	59.400000000000006	1129.0
1572.0	224.4697729052467	197.56456538762745	54.97200469851212	217.8	188.65	46.75000000000001	231.55	207.9	61.050000000000004	1277.0
1573.0	230.85077519379848	191.76524547803623	51.43850129198967	228.8	189.20000000000002	47.300000000000004	233.20000000000002	194.70000000000002	56.1	387.0
1574.0	216.81517357222853	183.45733482642768	73.30027995520717	190.85000000000002	163.35000000000002	67.65	233.20000000000002	215.05	77.55000000000001	893.0
1575.0	213.06192660550462	190.94755351681954	70.91131498470949	191.95000000000002	166.10000000000002	68.2	232.10000000000002	215.60000000000002	74.25	327.0
1576.0	195.85579710144927	214.51594202898556	72.47246376811596	193.05	212.3	69.85000000000001	198.55	216.70000000000002	74.80000000000001	207.0
1577.0	137.33301204819278	190.97590361445793	27.110361445783134	134.75	186.45000000000002	21.450000000000003	139.70000000000002	195.25000000000003	31.900000000000002	415.0
1578.0	163.64818569903966	137.67668089647796	51.36013874066169	122.10000000000001	107.25000000000001	42.35	207.35000000000002	180.95000000000002	65.45	937.0
1579.0	171.19124214933717	136.6053384508025	49.90069783670622	127.05000000000001	106.7	41.25	202.95000000000002	194.70000000000002	57.75000000000001	1433.0
1580.0	166.96985294117607	137.72169117647044	24.44908088235296	141.35000000000002	117.15	15.950000000000001	180.95000000000002	167.20000000000002	32.45	2992.0
1581.0	175.55655640874204	144.73608978145322	12.256585942114603	148.5	128.70000000000002	7.700000000000001	188.65	177.10000000000002	18.700000000000003	1693.0
1582.0	161.18437499999985	205.11200657894742	46.56636513157895	143.0	171.05	7.700000000000001	209.55	217.8	61.050000000000004	608.0
1583.0	164.1704970760235	148.81842105263146	17.293157894736844	141.35000000000002	122.65	8.25	187.55	174.9	25.3	1710.0
1584.0	214.31233905579393	185.45858369098715	36.7425965665236	204.60000000000002	172.70000000000002	9.350000000000001	223.85000000000002	201.3	79.2	466.0
1585.0	138.06466666666668	192.97666666666666	25.90866666666667	136.4	191.95000000000002	22.55	140.25	194.70000000000002	29.150000000000002	150.0
1586.0	156.28370879120877	157.3483516483515	18.91969780219782	139.70000000000002	121.55000000000001	10.450000000000001	187.00000000000003	176.0	26.400000000000002	1820.0
1587.0	162.75183887915946	141.78104203152373	14.054859894921192	141.35000000000002	119.9	8.25	182.60000000000002	172.15	19.8	1142.0
1588.0	189.79337248322136	124.16342281879196	20.34169463087249	185.9	120.45	16.5	193.05	127.60000000000001	23.650000000000002	596.0
1589.0	166.76385514018673	155.66799065420588	25.15221962616824	136.95000000000002	118.80000000000001	11.0	185.9	173.25	39.6	2140.0
1590.0	225.57960526315802	200.11460526315798	70.4	221.65	195.8	67.65	228.25000000000003	204.60000000000002	73.15	380.0
1591.0	194.85939947780685	177.23211488250652	13.299086161879897	187.00000000000003	165.55	10.450000000000001	204.60000000000002	184.8	14.850000000000001	383.0
1592.0	199.57041036717058	191.91792656587475	11.635529157667387	196.9	187.55	7.700000000000001	202.95000000000002	198.00000000000003	15.950000000000001	463.0
1593.0	213.88868852459032	179.74120218579228	15.25032786885246	194.70000000000002	166.10000000000002	11.0	227.15	203.50000000000003	20.35	915.0
1594.0	204.33817708333333	189.50078125000002	93.92682291666668	194.70000000000002	171.60000000000002	89.65	218.9	199.10000000000002	99.55000000000001	960.0
1595.0	204.37096317280438	192.66100094428708	93.83394711992446	198.00000000000003	180.95000000000002	88.0	217.25000000000003	200.20000000000002	100.10000000000001	1059.0
1596.0	197.27327327327325	212.93093093093077	54.43843843843844	194.15	210.65	49.50000000000001	201.85000000000002	215.60000000000002	59.400000000000006	666.0
1597.0	219.25295475530936	189.55447830101593	57.145152354570605	196.35000000000002	169.95000000000002	53.35	236.50000000000003	212.85000000000002	63.25000000000001	1083.0
1598.0	187.60254065040638	201.49395325203238	64.67977642276425	182.60000000000002	197.45000000000002	60.50000000000001	193.05	205.70000000000002	68.2	984.0
1599.0	203.17143261608152	186.98193657984157	66.39116647791619	177.10000000000002	160.60000000000002	58.300000000000004	222.20000000000002	206.8	72.60000000000001	1766.0
1600.0	213.6666231505656	180.55844212358573	68.59921671018277	191.4	163.35000000000002	62.150000000000006	226.60000000000002	210.10000000000002	74.25	1149.0
1601.0	216.1286734693878	175.72163265306102	66.92489795918367	190.3	161.15	62.7	227.15	209.55	69.85000000000001	490.0
1602.0	203.71581676750216	182.63398876404477	82.7707216940363	188.10000000000002	166.65	79.75	218.35000000000002	200.20000000000002	86.35000000000001	2314.0
1603.0	204.813529411765	186.06133333333304	84.98945098039215	194.70000000000002	168.85000000000002	81.4	218.35000000000002	200.20000000000002	87.45	1275.0
1604.0	193.9915609137056	194.9352157360408	84.84796954314723	179.3	164.45000000000002	79.75	222.20000000000002	205.70000000000002	88.0	788.0
1605.0	204.4713114754097	184.4704918032787	83.52622950819672	189.75000000000003	159.5	78.10000000000001	223.85000000000002	201.85000000000002	86.9	671.0
1606.0	205.93314129775638	181.6250758035177	86.50809581564586	183.70000000000002	158.95000000000002	80.30000000000001	224.4	204.60000000000002	91.30000000000001	1649.0
1607.0	205.95836785418393	183.80981772990876	87.03989229494614	194.70000000000002	173.25	80.30000000000001	216.15	197.45000000000002	90.75000000000001	1207.0
1608.0	201.66470588235288	190.6313725490195	77.44215686274511	186.45000000000002	162.25	73.7	223.85000000000002	208.45000000000002	80.30000000000001	561.0
1609.0	223.38200514138816	162.110025706941	76.00321336760926	220.55	157.85000000000002	74.25	225.50000000000003	166.65	78.10000000000001	389.0
1610.0	215.15210762331844	181.06542600896864	77.99098654708521	191.95000000000002	163.9	74.25	227.15	210.10000000000002	80.30000000000001	1115.0
1611.0	205.73324937027732	196.43173803526483	75.18421494542402	186.45000000000002	158.4	70.4	227.70000000000002	211.20000000000002	80.30000000000001	1191.0
1612.0	216.33525449101796	199.66564371257496	69.30741017964073	213.4	196.35000000000002	64.9	220.00000000000003	202.95000000000002	74.25	668.0
1613.0	213.53814352574102	186.87386895475814	71.07441497659907	194.15	165.55	67.10000000000001	230.45000000000002	212.85000000000002	75.9	641.0
1614.0	226.8218701700156	173.53902627511584	75.65602782071097	223.85000000000002	167.75	72.60000000000001	229.35000000000002	176.55	79.2	647.0
1615.0	217.74983108108125	189.20123873873865	67.6357545045045	195.8	173.25	62.150000000000006	231.55	210.65	73.15	888.0
1616.0	216.74818925233643	193.36933411214977	64.20543224299064	200.75000000000003	176.55	59.400000000000006	232.65	212.3	68.2	856.0
1617.0	215.0251758499414	188.42754982415002	38.11764361078547	208.45000000000002	183.70000000000002	32.45	221.65	193.05	43.45	1706.0
1618.0	215.39454545454547	191.50363636363636	71.62636363636365	209.00000000000003	188.10000000000002	68.2	219.45000000000002	196.9	75.35000000000001	605.0
1619.0	214.30004277159958	192.37861420017126	74.65226689478187	209.00000000000003	186.45000000000002	70.95	218.35000000000002	196.9	78.10000000000001	1169.0
1620.0	216.76025477707012	189.96684713375808	35.41614649681529	210.10000000000002	184.8	30.800000000000004	222.20000000000002	194.15	40.150000000000006	1570.0
1621.0	217.0749657064474	191.71385459533613	31.995816186556922	212.3	185.9	28.05	221.10000000000002	196.35000000000002	36.300000000000004	729.0
1622.0	219.13722382324696	187.50667627281473	33.85907780979827	210.65	182.05	29.150000000000002	226.05	196.35000000000002	39.6	1041.0
1623.0	218.55574374079532	192.86774668630346	35.046907216494844	212.85000000000002	183.15	30.250000000000004	225.50000000000003	200.20000000000002	40.150000000000006	679.0
1624.0	219.52402733964257	195.47728706624608	68.21561514195584	214.50000000000003	190.3	63.800000000000004	223.3	200.20000000000002	72.60000000000001	951.0
1625.0	222.10333333333332	174.5322222222225	78.8488888888889	191.4	162.8	74.25	231.55	212.85000000000002	81.95	495.0
1626.0	216.56207951070348	187.25341488277263	77.37563710499491	195.25000000000003	167.20000000000002	71.5	231.55	213.95000000000002	81.95	981.0
1627.0	212.78974719101137	204.44782303370798	65.96214887640451	209.55	200.20000000000002	61.050000000000004	215.60000000000002	208.45000000000002	70.95	712.0
1628.0	222.90021505376362	192.6277419354839	53.36005376344085	210.65	185.35000000000002	46.75000000000001	229.35000000000002	204.60000000000002	58.85	930.0
1629.0	219.67609832635992	195.56239539748972	54.16867154811718	207.9	179.85000000000002	48.95	230.45000000000002	209.00000000000003	59.95	956.0
1630.0	224.52970903522208	190.33621745788648	43.22848392036754	221.65	187.55	38.5	227.70000000000002	194.15	48.95	653.0
1631.0	221.6863436123346	196.0083700440528	46.64016152716594	216.70000000000002	189.75000000000003	41.25	228.8	202.4	52.25000000000001	1362.0
1632.0	172.90844202898552	136.70927536231875	35.695	124.30000000000001	107.25000000000001	9.9	213.4	203.50000000000003	61.050000000000004	1380.0
1633.0	178.13987138263658	132.81173633440528	29.084565916398716	134.20000000000002	108.9	18.700000000000003	198.00000000000003	188.10000000000002	34.1	311.0
1634.0	174.97203539823	135.859734513274	25.659203539823014	132.55	111.65	20.900000000000002	196.9	183.70000000000002	30.800000000000004	1130.0
1635.0	167.47203023758115	160.18779697624177	21.292008639308865	139.70000000000002	115.50000000000001	14.3	205.70000000000002	193.60000000000002	30.250000000000004	463.0
1636.0	136.60241635687734	183.78178438661706	21.329368029739786	134.20000000000002	180.95000000000002	18.700000000000003	139.15	187.55	25.3	269.0
1637.0	186.3193548387096	130.7086021505375	22.550537634408588	137.5	112.75000000000001	15.400000000000002	204.05	185.9	29.700000000000003	1023.0
1638.0	190.8499999999999	112.62416452442162	32.16156812339332	187.55	108.9	29.150000000000002	193.60000000000002	116.05000000000001	36.300000000000004	389.0
1639.0	199.31801801801802	117.26891891891889	27.125900900900895	197.45000000000002	115.50000000000001	24.200000000000003	201.3	118.80000000000001	29.700000000000003	222.0
1640.0	203.6876302083333	114.3427083333333	31.590625	201.3	111.10000000000001	26.950000000000003	207.35000000000002	118.25000000000001	36.300000000000004	384.0
1641.0	173.51422680412372	154.98262886597954	25.60164948453611	136.95000000000002	112.75000000000001	17.6	211.20000000000002	199.65	35.2	970.0
1642.0	159.00245350217645	162.31638306292015	16.270379897111194	131.45000000000002	120.45	0.55	182.60000000000002	201.3	33.0	2527.0
1643.0	162.8905966277563	146.10418287937733	11.584597924773023	139.15	119.9	5.5	188.65	176.55	19.8	1542.0
1644.0	164.3473057644111	141.21629072681728	19.817230576441123	142.45000000000002	122.65	13.750000000000002	180.95000000000002	169.4	24.750000000000004	1596.0
1645.0	168.4961038961039	170.67402597402614	7.860389610389613	162.25	163.35000000000002	5.5	172.70000000000002	177.65	10.450000000000001	847.0
1646.0	185.83767301038066	151.9408304498271	7.987370242214534	160.60000000000002	134.20000000000002	5.5	202.95000000000002	185.9	12.100000000000001	1156.0
1647.0	183.49852040816336	159.5263775510204	7.051224489795913	163.35000000000002	137.5	4.4	205.70000000000002	186.45000000000002	9.9	980.0
1648.0	188.3739423076922	150.5212500000003	10.075576923076925	162.25	135.3	7.15	201.85000000000002	184.25000000000003	13.750000000000002	520.0
1649.0	174.9824689966176	155.3164036076662	11.398083427282971	148.5	123.20000000000002	5.5	200.75000000000003	185.9	17.05	887.0
1650.0	171.6182276657059	165.92802593659943	9.82233429394812	152.9	128.15	6.050000000000001	200.75000000000003	190.3	13.200000000000001	694.0
1651.0	178.89593526533696	160.96990967256318	12.594937899887086	147.95000000000002	124.85000000000001	7.15	209.55	193.05	19.25	2657.0
1652.0	177.02989487516425	150.91272448532655	8.743626806833115	153.45000000000002	131.45000000000002	5.5	193.05	179.3	14.3	2283.0
1653.0	179.14868721461175	157.31695205479448	13.331849315068476	146.3	121.55000000000001	8.25	207.35000000000002	194.15	18.700000000000003	876.0
1654.0	165.03381877022633	148.03098705501642	22.57847896440131	138.05	119.35000000000001	16.5	190.85000000000002	178.20000000000002	28.05	618.0
1655.0	181.33609999999996	124.46995000000001	53.30270000000003	129.25	108.35000000000001	45.1	199.10000000000002	194.70000000000002	57.75000000000001	1000.0
1656.0	213.495683930943	177.62005312084995	17.654780876494026	194.70000000000002	163.9	11.55	226.60000000000002	199.10000000000002	23.650000000000002	753.0
1657.0	216.42440604751621	201.30831533477328	45.84600431965444	201.85000000000002	174.35000000000002	41.800000000000004	238.70000000000002	214.50000000000003	51.7	463.0
1658.0	209.85933412604052	204.20303210463746	50.331866825208095	198.00000000000003	174.9	45.1	235.4	213.4	55.550000000000004	841.0
1659.0	226.03414414414405	184.81486486486492	52.418468468468475	196.9	172.70000000000002	49.50000000000001	237.60000000000002	214.50000000000003	56.650000000000006	555.0
1660.0	205.9252643294379	183.66265998887022	84.16040623260992	184.8	159.5	67.10000000000001	219.45000000000002	202.95000000000002	97.9	1797.0
1661.0	200.49027777777775	184.32083333333344	67.65972222222223	185.35000000000002	156.75	63.800000000000004	218.35000000000002	204.60000000000002	70.4	396.0
1662.0	210.6200209643605	184.18081761006286	71.70639412997905	191.4	163.35000000000002	67.10000000000001	226.05	211.20000000000002	74.80000000000001	477.0
1663.0	216.0059936908517	181.35946372239746	72.40134069400632	196.9	169.95000000000002	67.65	224.4	204.05	76.45	1268.0
1664.0	220.8655346820809	179.764161849711	69.20303468208093	195.8	167.75	64.35000000000001	229.9	211.75000000000003	74.25	692.0
1665.0	211.75988023952104	189.66813515825484	32.92236954662105	204.60000000000002	182.05	28.05	220.55	194.70000000000002	39.6	1169.0
1666.0	210.06598307291677	195.63242187500003	36.02356770833333	204.05	191.95000000000002	31.35	216.15	199.10000000000002	41.800000000000004	1536.0
1667.0	218.58141838351818	192.37230586370833	41.99873217115689	212.85000000000002	184.8	35.75	224.4	199.10000000000002	46.75000000000001	1262.0
1668.0	217.23139797068765	194.99825253664022	41.150169109357385	210.65	184.25000000000003	33.550000000000004	228.25000000000003	200.75000000000003	51.7	887.0
1669.0	209.27355263157898	194.84521929824572	69.27201754385966	201.85000000000002	178.75000000000003	64.35000000000001	220.55	204.05	74.80000000000001	1140.0
1670.0	209.70265662172875	191.30753370340997	64.94710547184776	198.55	174.9	59.95	223.3	204.05	70.95	1261.0
1671.0	218.4470292504571	191.08880255941497	72.86695612431444	208.45000000000002	183.70000000000002	69.30000000000001	226.05	201.85000000000002	77.0	1094.0
1672.0	217.88414464534077	193.6068845618915	69.44610570236439	210.10000000000002	183.70000000000002	67.10000000000001	227.70000000000002	204.05	72.05000000000001	719.0
1673.0	216.56451612903228	200.00967741935483	71.43548387096774	211.20000000000002	186.45000000000002	67.65	226.60000000000002	206.8	73.7	341.0
1674.0	210.00481283422462	190.55080213903727	72.81791443850268	193.05	167.20000000000002	66.55000000000001	227.15	210.65	77.55000000000001	2057.0
1675.0	208.3356435643565	195.83630363036318	77.33762376237624	196.35000000000002	169.4	73.15	227.70000000000002	210.65	82.5	303.0
1676.0	217.50810055865944	192.26209098164392	62.99936153232242	204.05	179.85000000000002	54.45	228.8	207.9	68.75	1253.0
1677.0	220.6663265306122	192.14795918367358	63.57448979591835	200.75000000000003	176.55	58.300000000000004	234.85000000000002	212.85000000000002	68.75	539.0
1678.0	223.54193386773548	195.56963927855728	61.506312625250494	211.75000000000003	184.25000000000003	56.1	232.10000000000002	209.00000000000003	66.0	998.0
1679.0	220.9189300411523	189.63909465020564	67.21316872427983	217.8	186.45000000000002	63.25000000000001	223.85000000000002	193.05	70.4	486.0
1680.0	217.11700620017723	198.22360496014153	61.409034543844115	204.05	180.4	55.550000000000004	234.85000000000002	211.20000000000002	66.55000000000001	1129.0
1681.0	210.8229559748427	203.5172955974842	65.84174528301888	204.05	178.20000000000002	62.7	230.45000000000002	212.3	71.5	636.0
1682.0	222.21315323294942	191.43020372010628	65.23467670504873	211.75000000000003	182.60000000000002	61.050000000000004	228.8	206.25000000000003	69.30000000000001	1129.0
1683.0	213.4436944444444	185.47436111111122	14.40175	202.4	174.35000000000002	9.350000000000001	222.75000000000003	196.9	23.1	1800.0
1684.0	174.41470588235262	150.73935718617352	12.078987265009106	147.4	125.4	7.15	195.8	182.60000000000002	19.25	1649.0
1685.0	170.87812499999998	148.83454241071416	11.09207589285715	153.45000000000002	131.45000000000002	5.5	182.05	174.9	18.150000000000002	896.0
1686.0	158.98545454545456	139.80181818181828	29.926363636363636	133.65	119.9	26.400000000000002	176.0	169.95000000000002	32.45	605.0
1687.0	155.40545037292048	149.11468732071148	28.44853700516352	141.35000000000002	129.25	23.1	172.70000000000002	161.70000000000002	34.650000000000006	1743.0
1688.0	174.58701298701294	146.1272727272727	17.53896103896104	141.35000000000002	119.35000000000001	13.200000000000001	196.35000000000002	185.35000000000002	23.1	847.0
1689.0	195.00621621621625	130.85144144144147	13.782702702702696	193.05	124.85000000000001	8.25	197.45000000000002	135.3	17.6	555.0
1690.0	157.52299829642257	181.82137989778545	9.587989778534938	151.25	178.75000000000003	6.6000000000000005	162.8	184.8	13.200000000000001	587.0
1691.0	161.55526315789479	171.93092105263142	12.918421052631578	138.05	119.9	7.15	205.70000000000002	194.70000000000002	22.0	836.0
1692.0	207.06079812206573	119.92065727699533	25.186384976525826	205.15	116.05000000000001	20.35	210.10000000000002	123.20000000000002	29.150000000000002	213.0
1693.0	144.9866379310347	192.05431034482754	15.80064655172414	141.35000000000002	189.20000000000002	12.100000000000001	150.15	194.15	19.25	232.0
1694.0	174.8216489063378	132.50434660684252	24.17223780145827	136.4	114.95	19.25	191.95000000000002	177.10000000000002	30.250000000000004	1783.0
1695.0	171.30543699187012	146.46880081300833	51.379446138211385	129.25	108.9	44.0	205.15	202.4	57.75000000000001	1968.0
1696.0	204.0323843416369	180.42153024911033	12.630427046263348	193.60000000000002	167.75	9.9	218.9	191.95000000000002	15.950000000000001	562.0
1697.0	209.77599480968883	187.99723183391006	22.78646193771628	191.4	161.70000000000002	17.05	231.55	209.00000000000003	30.800000000000004	1156.0
1698.0	210.5425399644761	188.7519242155119	79.98576080521019	205.15	182.05	75.35000000000001	218.9	196.9	85.80000000000001	1689.0
1699.0	209.39995872884873	188.61368138671077	88.97946760214607	202.95000000000002	183.15	82.5	218.35000000000002	194.70000000000002	95.15	2423.0
1700.0	209.86989795918362	190.13884839650163	82.93454810495628	205.70000000000002	187.00000000000003	79.2	213.95000000000002	193.05	86.9	686.0
1701.0	215.39263157894743	182.9626315789474	94.79684210526318	209.55	178.20000000000002	91.85000000000001	220.55	187.55	99.00000000000001	1045.0
1702.0	207.75354175776107	188.4847835592477	87.0291429820726	199.10000000000002	176.55	78.65	219.45000000000002	200.75000000000003	92.95	2287.0
1703.0	205.38170415224926	197.56418685121108	68.5301903114187	196.35000000000002	173.25	63.800000000000004	224.4	210.10000000000002	74.80000000000001	1156.0
1704.0	223.56630615640603	178.14692179700492	71.17512479201332	218.9	174.9	67.65	227.70000000000002	181.50000000000003	74.25	601.0
1705.0	218.227943166441	192.64736129905293	51.23893775372124	212.3	187.00000000000003	46.75000000000001	224.95000000000002	199.10000000000002	56.1	1478.0
1706.0	219.3119565217391	192.95597826086953	47.224456521739135	214.50000000000003	187.55	42.900000000000006	223.85000000000002	197.45000000000002	51.150000000000006	1012.0
1707.0	221.48414396887162	193.62996108949417	50.21157587548639	218.35000000000002	191.4	45.650000000000006	224.95000000000002	196.35000000000002	54.45	514.0
1708.0	153.7048409405254	151.4901337021663	24.301175656984796	138.05	127.05000000000001	14.850000000000001	174.9	180.4	35.2	2169.0
1709.0	141.511118508655	170.93648468708395	19.13648468708386	136.95000000000002	165.0	13.750000000000002	144.65	175.45000000000002	22.0	751.0
1710.0	172.0825030376672	129.19653705953826	24.57657958687727	138.60000000000002	114.95	18.700000000000003	184.25000000000003	171.60000000000002	31.35	1646.0
1711.0	159.4522547914317	147.00253664036106	12.666741826381053	143.0	127.60000000000001	5.5	174.9	165.0	23.1	887.0
1712.0	180.20822368421042	130.83952067669173	12.10051691729324	172.15	125.95000000000002	6.050000000000001	191.95000000000002	135.85000000000002	17.05	1064.0
1713.0	152.49689230769246	160.56479999999988	9.934523076923075	140.8	127.60000000000001	4.4	174.9	180.95000000000002	16.5	1625.0
1714.0	177.0009803921571	121.9450980392157	33.68529411764706	169.95000000000002	116.60000000000001	30.800000000000004	181.50000000000003	127.05000000000001	36.300000000000004	561.0
1715.0	178.17650154798724	157.0326625386999	14.197151702786389	168.85000000000002	148.5	8.25	185.35000000000002	171.05	18.700000000000003	3230.0
1716.0	180.85830053667252	161.1175313059036	9.626279069767449	172.70000000000002	149.05	2.2	196.35000000000002	178.20000000000002	15.400000000000002	2795.0
1717.0	165.71514745308323	155.03069705093833	14.210053619302949	139.70000000000002	122.65	10.450000000000001	194.70000000000002	182.60000000000002	16.5	373.0
1718.0	168.86935889377764	155.3056882463857	15.816561910747962	137.5	117.15	10.450000000000001	204.60000000000002	191.95000000000002	23.650000000000002	1591.0
1719.0	171.32655660377355	152.3157547169814	18.974481132075443	166.65	146.85000000000002	16.5	179.3	158.4	22.0	1060.0
1720.0	178.73487551096244	163.01521739130436	13.723634336677835	170.5	150.70000000000002	8.8	188.10000000000002	171.05	17.6	2691.0
1721.0	211.7256287425152	191.36179640718572	96.5477245508982	206.25000000000003	187.00000000000003	92.4	216.70000000000002	195.25000000000003	99.55000000000001	835.0
1722.0	185.5823147070239	160.91074893286805	8.213290648040347	174.9	148.5	3.3000000000000003	193.05	171.05	13.750000000000002	5154.0
1723.0	169.4818216318786	147.84480075901362	26.601214421252344	162.25	117.7	14.850000000000001	184.25000000000003	161.15	35.75	2635.0
1724.0	173.70487682252374	152.32124183006505	14.010759175465058	166.10000000000002	145.75	8.8	178.75000000000003	161.70000000000002	19.25	1989.0
1725.0	171.81938044034771	123.46697388632876	28.35921658986175	135.3	111.65	18.700000000000003	187.00000000000003	167.20000000000002	33.550000000000004	1953.0
1726.0	147.0957142857142	164.23285714285737	25.156428571428613	130.9	110.55000000000001	16.5	189.20000000000002	185.9	33.0	770.0
1727.0	178.3496598639456	127.96791383219956	21.63520408163269	138.60000000000002	112.75000000000001	14.850000000000001	194.70000000000002	167.75	31.900000000000002	1764.0
1728.0	171.3417894736841	126.5798947368421	27.500000000000014	168.3	123.20000000000002	24.750000000000004	174.35000000000002	130.35000000000002	30.250000000000004	475.0
1729.0	185.98184523809542	165.723511904762	22.503511904761908	179.3	157.3	18.700000000000003	193.05	172.15	26.400000000000002	1680.0
1730.0	204.3713181448331	170.40288852725817	73.0725793327909	164.45000000000002	128.15	66.0	235.4	218.35000000000002	77.55000000000001	1229.0
1731.0	227.33206896551732	154.7295402298851	87.68264367816093	224.4	150.70000000000002	85.25	229.9	159.5	90.2	435.0
1732.0	196.07076053442972	176.36233299075033	91.96587872559094	172.70000000000002	147.95000000000002	86.35000000000001	218.9	207.9	96.80000000000001	973.0
1733.0	170.4774325908558	132.21922626025793	47.96992966002343	139.15	121.00000000000001	42.900000000000006	181.50000000000003	171.05	53.35	853.0
1734.0	196.55704022988508	188.4192528735634	95.00775862068966	176.55	156.20000000000002	90.75000000000001	223.85000000000002	210.10000000000002	97.9	348.0
1735.0	203.281553398058	172.2271844660197	15.199029126213599	177.10000000000002	145.20000000000002	10.450000000000001	223.85000000000002	202.95000000000002	18.150000000000002	1133.0
1736.0	146.20833333333334	187.9342948717948	16.401282051282053	143.0	183.15	13.750000000000002	150.15	191.4	18.700000000000003	312.0
1737.0	157.0682829888715	189.51128775834667	14.23529411764706	148.5	184.8	9.9	164.45000000000002	195.25000000000003	17.6	1258.0
1738.0	208.70495185694634	191.24869325997244	35.7257909215956	185.35000000000002	158.95000000000002	30.800000000000004	235.4	217.8	40.150000000000006	727.0
1739.0	207.74788732394367	193.54929577464782	57.04154929577465	189.75000000000003	163.9	52.25000000000001	234.3	215.60000000000002	63.25000000000001	781.0
1740.0	190.7025	214.4799999999999	50.16833333333334	187.55	210.65	47.85	194.15	220.00000000000003	53.900000000000006	660.0
1741.0	189.11758675078852	158.4364353312302	45.83738170347004	167.20000000000002	143.55	42.35	204.60000000000002	189.75000000000003	48.400000000000006	634.0
1742.0	188.16022813688232	138.6255133079848	18.384638783269946	182.60000000000002	134.75	13.200000000000001	194.70000000000002	142.45000000000002	23.1	1315.0
1743.0	163.67372047244083	166.7723425196849	53.30994094488191	139.70000000000002	121.00000000000001	48.400000000000006	203.50000000000003	195.8	61.050000000000004	508.0
1744.0	203.734086629002	188.3439265536725	17.459651600753297	197.45000000000002	167.20000000000002	13.200000000000001	210.65	204.05	23.650000000000002	1062.0
1745.0	220.78539249146755	197.77624573378858	59.38047781569965	215.05	193.60000000000002	54.45	226.05	201.3	63.800000000000004	1465.0
1746.0	220.30085470085476	203.6582621082618	58.55227920227921	216.70000000000002	199.65	55.550000000000004	223.85000000000002	206.25000000000003	61.60000000000001	351.0
1747.0	190.9477777777777	124.43580246913581	29.03456790123457	188.65	120.45	25.85	193.60000000000002	129.8	31.900000000000002	405.0
1748.0	177.47325349301386	141.0387724550894	30.332335329341316	139.70000000000002	121.55000000000001	25.85	193.05	180.95000000000002	34.650000000000006	1002.0
1749.0	175.2266534391534	139.51084656084663	33.082208994709	144.10000000000002	121.55000000000001	27.500000000000004	190.85000000000002	178.75000000000003	38.5	756.0
1750.0	173.771101694915	151.57067796610164	25.022203389830512	146.85000000000002	126.50000000000001	19.8	194.15	179.3	28.6	590.0
1751.0	170.3349999999999	158.14820312499992	25.59992187500002	149.60000000000002	130.35000000000002	19.8	194.70000000000002	179.85000000000002	30.250000000000004	640.0
1752.0	163.40272488509538	159.88171372291526	34.65613919894945	140.8	121.00000000000001	29.150000000000002	195.8	184.8	40.150000000000006	1523.0
1753.0	151.13639053254434	171.01360946745564	42.41035502958582	134.75	118.80000000000001	35.75	198.00000000000003	190.85000000000002	52.25000000000001	1859.0
1754.0	198.36501996007985	179.2840818363273	11.865618762475043	184.25000000000003	160.05	7.700000000000001	217.25000000000003	194.15	15.950000000000001	1002.0
1755.0	199.39400921658975	168.52050691244247	24.662557603686633	166.65	140.8	20.35	224.95000000000002	209.00000000000003	27.500000000000004	434.0
1756.0	171.98851744186072	206.83357558139542	21.873691860465126	168.85000000000002	203.50000000000003	19.25	174.9	209.55	24.200000000000003	344.0
1757.0	167.1230202578267	195.52854511970543	51.746593001841624	161.15	192.50000000000003	48.95	172.15	198.00000000000003	55.00000000000001	543.0
1758.0	215.5163398692809	199.71470588235297	65.73431372549021	207.35000000000002	180.95000000000002	57.2	231.00000000000003	208.45000000000002	74.80000000000001	1683.0
1759.0	210.65859374999985	162.1178199404765	85.45174851190477	174.9	143.55	78.10000000000001	226.60000000000002	207.9	92.4	1344.0
1760.0	141.5526315789473	167.83105263157896	42.25447368421053	139.70000000000002	165.55	39.6	143.55	171.05	43.45	190.0
1761.0	169.5361016949152	172.76338983050843	45.31067796610171	166.10000000000002	169.4	43.45	172.15	177.65	47.85	295.0
1762.0	178.02649114631845	160.01463187325228	49.07173811742779	153.45000000000002	141.9	45.1	204.60000000000002	185.9	53.900000000000006	2146.0
1763.0	194.17721354166682	167.4162760416665	10.586783854166656	181.50000000000003	155.65	7.15	202.95000000000002	182.05	13.750000000000002	768.0
1764.0	140.9587759815241	199.94722863741342	57.93163972286375	138.05	197.45000000000002	53.900000000000006	143.55	202.95000000000002	61.60000000000001	433.0
1765.0	189.91522177419344	183.77373991935497	15.570211693548387	177.65	156.75	7.15	218.9	198.55	20.35	992.0
1766.0	203.147064777328	170.37975708502026	18.776821862348203	174.35000000000002	144.65	15.950000000000001	223.85000000000002	206.8	20.900000000000002	494.0
1767.0	207.68617977528095	139.73955056179776	17.883033707865174	203.50000000000003	135.85000000000002	14.3	211.20000000000002	143.55	20.35	445.0
1768.0	194.51241473397005	162.4068212824012	21.31418826739431	164.45000000000002	138.05	16.5	215.60000000000002	200.20000000000002	24.750000000000004	733.0
1769.0	196.89560702875403	164.6107827476039	22.503434504792306	164.45000000000002	138.60000000000002	18.150000000000002	217.25000000000003	205.70000000000002	26.950000000000003	626.0
1770.0	195.94612546125452	193.2773062730628	21.117158671586708	178.20000000000002	150.70000000000002	17.6	231.00000000000003	211.20000000000002	26.950000000000003	542.0
1771.0	205.17191780821926	188.44246575342473	26.7698630136986	180.4	153.45000000000002	19.8	234.85000000000002	215.60000000000002	32.45	803.0
1772.0	154.28652094717657	168.90109289617473	30.522495446265943	150.15	165.55	28.05	158.95000000000002	172.15	34.1	549.0
1773.0	193.2465227817746	181.37865707434054	10.938009592326146	185.35000000000002	163.35000000000002	8.25	212.85000000000002	191.4	13.750000000000002	417.0
1774.0	201.97320000000002	175.4368	10.465399999999995	190.3	163.9	8.25	213.4	193.60000000000002	13.200000000000001	500.0
1775.0	197.90699708454815	173.92827988338203	9.096647230320706	187.55	161.15	6.6000000000000005	209.00000000000003	188.65	11.55	343.0
1776.0	188.3991588785047	195.91102803738318	28.627757009345796	170.5	144.10000000000002	23.1	230.45000000000002	217.25000000000003	34.1	535.0
1777.0	178.3572189922481	151.12848837209293	33.368798449612406	164.45000000000002	143.55	25.85	185.35000000000002	173.8	39.6	1032.0
1778.0	171.02159999999995	159.85100000000025	36.7358	161.15	143.55	26.950000000000003	185.9	172.15	45.1	2750.0
1779.0	192.10438596491232	173.63210526315797	59.219561403508784	160.60000000000002	140.25	52.800000000000004	211.20000000000002	198.00000000000003	73.15	570.0
1780.0	192.61033950617295	196.058024691358	52.229629629629635	188.65	193.05	49.50000000000001	196.35000000000002	198.00000000000003	56.1	324.0
1781.0	210.743481228669	191.56969283276428	49.223310580204775	190.3	164.45000000000002	41.25	234.85000000000002	212.85000000000002	56.650000000000006	1465.0
1782.0	215.55097826086958	126.87304347826087	64.64771739130435	212.85000000000002	124.30000000000001	61.050000000000004	220.00000000000003	129.8	67.10000000000001	460.0
1783.0	214.08191881918813	188.58809963099628	84.87859778597786	198.55	172.15	80.85000000000001	225.50000000000003	206.25000000000003	88.0	542.0
1784.0	163.370838971583	147.12760487144814	44.30402571041949	138.05	119.9	39.6	189.75000000000003	178.20000000000002	48.400000000000006	1478.0
1785.0	177.48599099099107	152.68222972972964	48.18470720720721	152.9	138.05	44.0	190.85000000000002	177.65	52.25000000000001	2220.0
1786.0	161.4136507936507	157.9652380952381	49.76976190476191	148.5	136.4	46.2	181.50000000000003	168.3	52.800000000000004	630.0
1787.0	193.31959537572268	170.87768786127168	27.625260115606945	159.5	133.65	23.1	224.95000000000002	207.9	31.900000000000002	865.0
1788.0	225.23222857142855	137.4038285714286	31.36068571428573	220.55	131.45000000000002	26.950000000000003	229.35000000000002	141.9	35.2	875.0
1789.0	172.9572930354796	167.46813403416556	38.18272010512484	139.15	116.05000000000001	30.800000000000004	217.8	205.70000000000002	45.650000000000006	761.0
1790.0	189.7226303317535	124.74703791469197	41.46113744075829	187.00000000000003	120.45	37.95	192.50000000000003	129.8	44.550000000000004	422.0
1791.0	191.16589743589736	127.57179487179489	44.58666666666669	187.55	122.65	41.25	194.15	130.9	46.75000000000001	390.0
1792.0	165.91316793893117	161.02614503816807	25.271870229007643	142.45000000000002	123.75000000000001	20.35	198.00000000000003	185.9	31.900000000000002	1310.0
1793.0	169.02349397590365	156.75481927710845	29.54819277108434	141.9	123.75000000000001	24.200000000000003	198.00000000000003	186.45000000000002	34.650000000000006	913.0
1794.0	150.24004815409316	179.8861958266452	25.757303370786516	145.75	177.10000000000002	22.55	155.65	183.70000000000002	29.150000000000002	623.0
1795.0	157.9092936802975	190.39302973977695	16.73104089219331	152.9	187.00000000000003	13.750000000000002	163.9	193.60000000000002	19.8	538.0
1796.0	183.71137469586384	166.35894160583968	20.265693430656928	158.4	133.10000000000002	17.05	209.55	197.45000000000002	22.55	822.0
1797.0	181.3956807511739	182.07892018779336	23.729014084507035	160.60000000000002	136.95000000000002	18.700000000000003	218.35000000000002	207.9	28.05	1065.0
1798.0	200.67291838417154	189.39905193734546	23.705770816158292	179.3	152.9	19.25	232.10000000000002	211.75000000000003	28.05	1213.0
1799.0	201.32205882352932	184.67647058823536	23.466176470588245	178.20000000000002	155.65	19.8	228.25000000000003	207.35000000000002	26.950000000000003	374.0
1800.0	157.88006666666658	171.4152	24.821866666666676	152.9	168.85000000000002	18.700000000000003	162.8	174.35000000000002	30.250000000000004	750.0
1801.0	171.10136186770433	154.20330739299587	22.691245136186744	158.4	136.4	18.700000000000003	184.8	172.15	26.400000000000002	514.0
1802.0	191.78806620209065	180.50348432055745	24.822822299651587	165.55	138.60000000000002	20.900000000000002	228.25000000000003	211.75000000000003	29.150000000000002	574.0
1803.0	206.16689401888777	165.2608604407139	28.339716684155302	166.65	139.70000000000002	22.55	229.35000000000002	215.05	34.650000000000006	953.0
1804.0	192.03609364081046	170.76443046820413	18.13193570929417	183.70000000000002	163.35000000000002	15.400000000000002	199.65	177.10000000000002	20.900000000000002	1431.0
1805.0	177.93564516129027	154.1649999999999	41.88516129032258	162.8	145.20000000000002	36.85	187.00000000000003	169.4	47.300000000000004	930.0
1806.0	137.16300578034682	178.52427745664738	47.35245664739884	134.75	175.45000000000002	44.550000000000004	139.70000000000002	181.50000000000003	50.6	346.0
1807.0	140.31350896860994	181.87735426008985	49.853923766816145	136.4	175.45000000000002	45.650000000000006	143.55	187.00000000000003	56.650000000000006	892.0
1808.0	190.7970304975924	122.01789727126804	52.380658105939006	186.45000000000002	118.80000000000001	47.85	195.25000000000003	124.85000000000001	56.1	623.0
1809.0	206.6499999999999	186.3722222222223	70.67222222222223	202.95000000000002	182.05	67.65	211.20000000000002	190.85000000000002	73.7	594.0
1810.0	202.7008187772924	186.0381004366812	56.259716157205254	174.9	148.5	51.150000000000006	232.10000000000002	218.9	60.50000000000001	916.0
1811.0	216.884133915575	168.89243085880645	59.70902474526931	176.55	149.60000000000002	55.550000000000004	233.20000000000002	213.95000000000002	63.25000000000001	687.0
1812.0	169.29985549132942	214.0565028901734	52.69190751445087	166.10000000000002	211.75000000000003	50.6	172.70000000000002	217.25000000000003	55.00000000000001	346.0
1813.0	206.19947337624345	203.01790520772383	46.54210064365126	196.9	171.05	40.7	234.85000000000002	211.75000000000003	51.150000000000006	1709.0
1814.0	213.57499999999996	157.16388888888915	83.69629629629631	210.65	150.15	79.75	216.15	164.45000000000002	87.45	594.0
1815.0	203.1284444444446	175.95722222222216	90.36500000000001	180.4	155.10000000000002	84.7	219.45000000000002	201.3	95.15	450.0
1816.0	202.68560240963834	170.4927108433736	90.31331325301204	177.10000000000002	150.70000000000002	84.15	216.15	204.05	95.7	830.0
1817.0	198.63269689737476	183.15262529832938	92.97100238663486	179.85000000000002	155.10000000000002	91.30000000000001	220.00000000000003	204.60000000000002	94.60000000000001	419.0
1818.0	198.96454005934723	179.40608308605346	49.198071216617215	188.10000000000002	162.8	45.650000000000006	210.65	196.35000000000002	53.35	337.0
1819.0	175.0987844408426	200.905996758509	55.46442463533223	168.85000000000002	198.00000000000003	51.7	179.85000000000002	203.50000000000003	59.400000000000006	617.0
1820.0	210.2835624999999	184.39712500000013	25.883343750000005	205.70000000000002	179.85000000000002	19.8	216.70000000000002	188.65	31.35	1600.0
1821.0	214.1552478134112	185.28826530612247	25.38498542274056	210.65	180.95000000000002	22.0	217.25000000000003	190.3	28.6	686.0
1822.0	196.54262672811038	179.62537442396325	37.91039746543779	160.60000000000002	132.55	32.45	233.75000000000003	222.20000000000002	44.0	1736.0
1823.0	214.4094480823199	178.70369504209546	20.73947614593083	198.55	169.4	14.850000000000001	227.70000000000002	201.85000000000002	29.700000000000003	1069.0
1824.0	195.10246350364952	189.86374695863765	58.481995133819936	167.75	142.45000000000002	53.35	237.60000000000002	221.10000000000002	62.7	1644.0
1825.0	214.3069637883009	193.77618384401129	31.907660167130917	196.35000000000002	167.75	24.750000000000004	236.50000000000003	215.05	39.050000000000004	1436.0
1826.0	222.9382692307692	182.33346153846142	28.697307692307696	206.25000000000003	174.35000000000002	21.450000000000003	231.00000000000003	201.85000000000002	36.85	520.0
1827.0	231.4224137931035	174.68793103448286	35.60172413793104	228.8	171.60000000000002	31.35	234.3	178.20000000000002	39.050000000000004	319.0
1828.0	214.53945147679318	193.1335443037975	86.40646976090015	211.20000000000002	188.65	81.95	218.35000000000002	198.55	90.75000000000001	711.0
1829.0	214.66030150753772	189.8900335008375	88.40443886097154	200.20000000000002	176.55	83.05000000000001	224.95000000000002	205.70000000000002	91.85000000000001	597.0
1830.0	223.71580756013753	185.3443298969073	78.57628865979383	220.55	182.60000000000002	74.80000000000001	226.05	187.55	82.5	291.0
1831.0	197.2733091787439	127.75078502415464	39.92149758454106	138.60000000000002	114.95	33.0	210.10000000000002	199.10000000000002	46.75000000000001	828.0
1832.0	168.6592553191491	188.74361702127666	19.85148936170212	163.9	184.25000000000003	15.950000000000001	172.15	193.05	23.1	470.0
1833.0	188.28789764868594	169.9849930843708	21.351867219917022	168.3	143.55	18.150000000000002	209.00000000000003	198.55	24.750000000000004	723.0
1834.0	152.7921875000001	190.6390625000001	20.082812499999996	146.85000000000002	187.55	17.05	157.3	194.15	22.55	352.0
1835.0	185.89999999999995	155.2368292682926	25.4030243902439	148.5	122.10000000000001	19.25	212.3	196.9	30.800000000000004	1025.0
1836.0	220.37718204488775	149.72481296758085	23.482668329177052	215.05	147.4	20.900000000000002	224.95000000000002	151.8	25.3	401.0
1837.0	204.8702702702702	172.68918918918925	21.70675675675675	174.35000000000002	148.5	19.25	226.60000000000002	206.25000000000003	24.750000000000004	407.0
1838.0	202.15484042553192	183.3302127659575	20.06446808510639	178.20000000000002	150.70000000000002	14.3	226.60000000000002	206.8	24.750000000000004	940.0
1839.0	187.37533081285446	160.8162570888469	25.79385633270321	155.65	128.70000000000002	22.0	213.4	199.10000000000002	29.700000000000003	529.0
1840.0	182.48119999999994	171.336	24.4079	158.4	132.55	20.35	213.4	201.85000000000002	28.6	500.0
1841.0	141.97904191616757	199.51002994011986	52.467365269461084	140.25	195.8	46.75000000000001	144.65	201.85000000000002	57.2	334.0
1842.0	145.11199999999994	203.8902105263158	56.98578947368422	141.9	201.3	52.25000000000001	148.5	206.8	61.050000000000004	475.0
1843.0	178.2416127426582	154.27157789945252	26.031234444997512	146.85000000000002	127.60000000000001	17.05	192.50000000000003	177.65	37.95	2009.0
1844.0	193.29582608695654	125.79504347826085	42.4944347826087	190.85000000000002	120.45	39.050000000000004	196.35000000000002	129.25	46.2	575.0
1845.0	176.2412768647284	148.66270543615713	37.7031605562579	145.20000000000002	123.75000000000001	32.45	196.35000000000002	184.25000000000003	42.35	791.0
1846.0	178.79324786324776	144.23256410256425	44.2557264957265	143.0	121.55000000000001	38.5	197.45000000000002	187.55	48.95	585.0
1847.0	160.71534653465355	163.119306930693	28.039108910891084	139.70000000000002	119.9	22.0	197.45000000000002	187.55	35.75	1111.0
1848.0	175.40885286783057	145.71022443890286	28.72618453865336	140.8	122.65	24.750000000000004	195.8	181.50000000000003	32.45	401.0
1849.0	171.23609022556394	159.15139097744344	21.131992481202985	155.10000000000002	135.85000000000002	15.400000000000002	194.15	176.55	26.950000000000003	1330.0
1850.0	192.56239870340363	160.691815235008	19.777714748784433	165.0	139.70000000000002	15.950000000000001	211.75000000000003	195.8	23.650000000000002	617.0
1851.0	189.69872029250453	170.9926873857405	20.673765996343686	167.75	143.55	17.05	214.50000000000003	197.45000000000002	24.750000000000004	547.0
1852.0	189.0942142298673	177.25093823299446	24.73064894448786	165.0	140.25	20.35	217.8	207.35000000000002	29.700000000000003	1279.0
1853.0	206.6926829268293	168.9439024390243	27.01796747967482	172.70000000000002	146.85000000000002	23.1	227.15	207.9	31.35	615.0
1854.0	223.89342105263168	146.7486842105263	28.3812865497076	218.9	144.10000000000002	26.400000000000002	227.15	150.15	30.800000000000004	342.0
1855.0	168.55199203187246	154.46015936254992	47.65607569721116	139.70000000000002	123.75000000000001	41.25	199.65	185.35000000000002	53.35	502.0
1856.0	186.86772151898725	122.04894514767933	46.19303797468357	184.25000000000003	119.9	43.45	189.20000000000002	124.85000000000001	48.400000000000006	237.0
1857.0	151.11096082089557	165.31604477611918	45.47658582089552	137.5	121.55000000000001	41.25	189.20000000000002	181.50000000000003	51.150000000000006	1072.0
1858.0	177.7598772321426	163.71277901785717	23.09693080357144	169.95000000000002	146.85000000000002	15.400000000000002	186.45000000000002	175.45000000000002	30.250000000000004	896.0
1859.0	164.62131877022642	169.60246763754046	44.79607605177993	152.35000000000002	141.35000000000002	41.800000000000004	195.25000000000003	184.8	47.85	1236.0
1860.0	186.9498915401306	166.24953000723076	50.594034707158364	156.20000000000002	134.75	44.0	213.95000000000002	200.20000000000002	55.550000000000004	1383.0
1861.0	167.41169811320736	194.5630188679245	44.0311320754717	163.35000000000002	191.95000000000002	41.25	171.05	196.9	46.2	265.0
1862.0	185.95883720930252	159.2774418604654	17.218837209302325	183.70000000000002	153.45000000000002	15.400000000000002	189.20000000000002	167.20000000000002	20.35	430.0
1863.0	177.38667519181573	159.5804603580562	33.77562659846548	167.20000000000002	147.95000000000002	26.950000000000003	188.10000000000002	173.25	39.6	1955.0
1864.0	193.34863473589994	173.69832139659783	73.0113921217547	162.25	144.10000000000002	67.10000000000001	218.35000000000002	201.85000000000002	77.55000000000001	2234.0
1865.0	172.4381264916469	194.7190334128876	73.4807875894988	169.4	191.4	68.2	176.55	198.55	77.0	838.0
1866.0	197.36515957446832	176.25232712765958	32.188896276595734	192.50000000000003	167.75	29.150000000000002	202.4	182.05	35.75	752.0
1867.0	206.74326315789492	186.54842105263126	54.3787894736842	193.05	168.3	49.50000000000001	218.9	200.75000000000003	59.95	950.0
1868.0	211.6745512820514	179.04967948717967	59.18493589743589	193.60000000000002	168.3	53.35	220.55	201.3	63.800000000000004	780.0
1869.0	144.1779388083736	199.97238325281808	47.90668276972625	140.8	195.8	43.45	147.4	202.4	53.35	621.0
1870.0	180.80645161290326	161.1270161290322	55.94879032258065	144.10000000000002	121.55000000000001	48.400000000000006	215.05	204.05	62.7	1364.0
1871.0	204.00984027381625	175.40827153451264	21.672447233314323	195.8	169.95000000000002	18.700000000000003	211.20000000000002	181.50000000000003	25.85	1753.0
1872.0	210.39859353023914	191.05267229254562	54.73312236286922	193.05	168.85000000000002	50.050000000000004	229.35000000000002	209.00000000000003	58.85	711.0
1873.0	206.26417525773203	196.50829037800696	48.35227663230241	196.9	174.9	41.800000000000004	225.50000000000003	204.60000000000002	53.35	1164.0
1874.0	217.0336919104992	190.48412220309808	51.172246127366606	201.85000000000002	172.15	46.75000000000001	229.9	208.45000000000002	56.1	1162.0
1875.0	201.6566893424037	180.6880952380954	22.149659863945608	192.50000000000003	170.5	19.8	213.4	188.65	24.750000000000004	441.0
1876.0	206.13459495351916	181.25239043824703	24.18100929614875	196.35000000000002	173.25	19.25	215.60000000000002	191.4	28.05	753.0
1877.0	206.55695020746876	181.973547717842	20.64553941908717	195.25000000000003	169.95000000000002	17.6	217.25000000000003	193.60000000000002	24.750000000000004	964.0
1878.0	183.45225225225226	176.91721721721734	72.31646646646647	154.55	130.35000000000002	68.75	220.00000000000003	210.65	76.45	999.0
1879.0	194.54418386491554	164.270450281426	73.27795497185743	155.65	129.25	69.85000000000001	224.4	212.3	76.45	533.0
1880.0	204.18463541666682	175.40007440476194	65.41112351190479	171.05	144.65	61.60000000000001	228.8	212.85000000000002	69.30000000000001	1344.0
1881.0	187.05982694684795	198.1284919653893	70.91804697156985	173.25	149.60000000000002	67.65	223.85000000000002	210.10000000000002	74.80000000000001	809.0
1882.0	175.2034217877097	176.1305865921787	43.93854748603352	166.65	150.70000000000002	40.7	199.10000000000002	189.75000000000003	46.75000000000001	716.0
1883.0	187.52642304989465	166.2704497540407	39.95558678847505	173.8	150.15	34.1	208.45000000000002	183.70000000000002	50.6	1423.0
1884.0	180.7376049382716	193.8713333333334	47.33720987654321	155.65	134.20000000000002	19.25	228.25000000000003	220.55	58.85	2025.0
1885.0	214.50997210599732	152.19198047419826	57.976290097629025	162.8	135.3	54.45	229.35000000000002	212.85000000000002	61.050000000000004	717.0
1886.0	219.4481481481481	171.85833333333332	84.2537037037037	186.45000000000002	157.85000000000002	79.75	229.9	211.75000000000003	88.55000000000001	594.0
1887.0	218.11064814814824	178.2676587301587	85.81236772486774	190.3	160.05	81.95	231.00000000000003	212.3	89.10000000000001	756.0
1888.0	221.09782091917572	188.23641045958817	50.08137876386689	198.55	173.25	43.45	234.85000000000002	212.3	55.00000000000001	1262.0
1889.0	217.73923717667694	195.44964927663332	43.47314774221833	204.05	176.0	33.0	235.4	210.10000000000002	52.25000000000001	2281.0
1890.0	232.46368078175897	181.6021172638437	43.34967426710098	230.45000000000002	178.75000000000003	41.25	235.4	185.35000000000002	46.75000000000001	307.0
1891.0	159.25122093023262	200.6013081395349	34.18026162790698	146.3	123.20000000000002	29.150000000000002	223.85000000000002	214.50000000000003	40.7	1720.0
1892.0	159.5884361233481	212.58469162995593	34.10363436123348	156.20000000000002	207.35000000000002	29.150000000000002	163.35000000000002	217.8	39.050000000000004	908.0
1893.0	204.4240683229813	167.5826086956524	28.993711180124226	170.5	140.8	24.750000000000004	227.15	212.85000000000002	33.0	644.0
1894.0	171.3443778110948	197.93609445277337	51.61424287856072	152.35000000000002	130.35000000000002	46.2	229.35000000000002	217.8	57.75000000000001	1334.0
1895.0	205.45757121439289	159.6665667166418	54.957121439280385	158.95000000000002	130.9	51.150000000000006	229.9	215.60000000000002	59.400000000000006	667.0
1896.0	216.63140780413156	166.5881407804131	37.315416985462896	169.95000000000002	135.85000000000002	31.900000000000002	238.70000000000002	222.20000000000002	43.45	1307.0
1897.0	215.16669266770674	189.29695787831525	23.58822152886116	204.05	173.8	17.05	231.55	202.95000000000002	32.45	641.0
1898.0	222.99730215827347	187.84478417266197	32.08102517985612	205.15	174.9	24.750000000000004	234.85000000000002	206.8	38.5	556.0
1899.0	218.4525034770515	189.106675938804	25.015438108484005	205.15	176.0	17.05	232.65	203.50000000000003	34.650000000000006	719.0
1900.0	206.43916004540273	173.73070374574348	79.20249716231555	177.10000000000002	147.4	74.80000000000001	226.60000000000002	210.65	84.15	881.0
1901.0	202.91363022941968	184.96032388663969	84.47139001349528	180.4	152.35000000000002	79.75	227.70000000000002	211.20000000000002	89.10000000000001	741.0
1902.0	202.02557003257326	190.44153094462555	86.13322475570034	185.35000000000002	161.15	83.60000000000001	226.60000000000002	209.00000000000003	88.0	307.0
1903.0	211.46958128078825	175.70603448275855	85.83251231527095	180.95000000000002	154.0	81.4	227.70000000000002	211.20000000000002	88.55000000000001	406.0
1904.0	227.31150793650778	157.84126984126976	83.51269841269843	225.50000000000003	153.45000000000002	80.30000000000001	229.9	162.25	86.35000000000001	378.0
1905.0	212.24822530864213	195.7762345679011	80.79992283950617	201.3	179.85000000000002	74.80000000000001	225.50000000000003	209.00000000000003	86.35000000000001	648.0
1906.0	205.92182952182952	197.83534303534296	86.53981288981291	191.95000000000002	167.75	83.60000000000001	229.9	211.20000000000002	89.65	481.0
1907.0	211.73743199129504	191.68667029379765	88.34232861806314	195.8	169.95000000000002	84.15	228.8	209.55	91.85000000000001	919.0
1908.0	225.2585365853659	180.70853658536586	89.56682926829271	223.3	177.65	86.9	228.25000000000003	184.25000000000003	91.85000000000001	205.0
1909.0	211.762344139651	202.4624064837906	74.92892768079801	203.50000000000003	178.75000000000003	68.75	228.8	211.75000000000003	80.30000000000001	802.0
1910.0	213.88986880466464	198.3615889212827	81.03279883381924	208.45000000000002	183.70000000000002	74.25	223.85000000000002	206.8	88.55000000000001	686.0
1911.0	221.3989466292135	187.49669943820228	82.0681882022472	204.60000000000002	175.45000000000002	76.45	228.8	208.45000000000002	88.0	712.0
1912.0	222.97188034188048	187.24162393162396	78.90478632478633	202.4	178.20000000000002	74.80000000000001	228.8	210.65	82.5	585.0
1913.0	177.79827188940075	141.62753456221213	29.638536866359466	137.5	118.25000000000001	23.1	198.00000000000003	187.55	34.650000000000006	868.0
1914.0	204.84187675070044	179.94243697479	21.686484593837555	178.75000000000003	151.8	17.05	226.05	206.8	26.950000000000003	1428.0
1915.0	173.3109728506788	153.2845022624436	37.826809954751134	139.70000000000002	120.45	31.900000000000002	201.85000000000002	190.85000000000002	43.45	442.0
1916.0	202.76521739130453	122.28405797101459	38.23478260869566	196.9	119.35000000000001	34.1	206.8	125.4	42.35	759.0
1917.0	201.01791044776104	170.3261194029849	16.161194029850748	182.60000000000002	156.75	11.0	215.60000000000002	195.25000000000003	19.8	737.0
1918.0	187.59540337711076	185.00844277673548	13.067917448405261	184.25000000000003	179.85000000000002	10.450000000000001	191.4	188.65	15.950000000000001	533.0
1919.0	204.89975669099744	171.84890510948907	14.866058394160587	187.00000000000003	162.8	12.100000000000001	215.05	193.05	17.6	411.0
1920.0	201.950774840474	176.0310847766638	12.465496809480406	188.65	162.25	9.350000000000001	218.35000000000002	190.85000000000002	16.5	1097.0
1921.0	202.021206225681	163.9492217898833	11.316731517509721	198.55	161.70000000000002	8.8	204.60000000000002	167.20000000000002	13.200000000000001	257.0
1922.0	197.97820512820502	176.16538461538457	12.021794871794878	187.55	164.45000000000002	8.8	211.75000000000003	185.9	15.400000000000002	429.0
1923.0	169.32328947368384	159.9016447368423	42.771184210526314	135.3	119.9	35.2	205.15	196.35000000000002	52.25000000000001	760.0
1924.0	193.48746612466124	153.94559620596215	31.121205962059612	147.4	118.80000000000001	25.85	223.3	205.15	37.400000000000006	738.0
1925.0	190.3237034331632	141.06877282688075	47.952045288531764	138.05	116.05000000000001	39.6	216.70000000000002	200.20000000000002	56.1	1369.0
1926.0	159.24755395683468	171.69258992805769	41.375035971223035	138.60000000000002	125.95000000000002	36.300000000000004	201.85000000000002	192.50000000000003	49.50000000000001	695.0
1927.0	171.25013611615248	163.2047640653356	42.44582577132487	139.15	123.75000000000001	36.300000000000004	206.25000000000003	196.9	49.50000000000001	1102.0
1928.0	154.3084008097169	179.77429149797567	44.39746963562754	140.25	123.75000000000001	39.6	204.05	193.60000000000002	53.900000000000006	494.0
1929.0	198.97251655629114	151.4313907284768	24.114768211920516	162.25	136.4	19.8	213.95000000000002	197.45000000000002	29.150000000000002	755.0
1930.0	178.93665803108826	181.2164507772022	23.256735751295345	166.10000000000002	140.25	20.35	211.75000000000003	198.00000000000003	25.85	386.0
1931.0	194.0745015337423	163.37741564417195	26.357822085889552	163.9	139.70000000000002	21.450000000000003	214.50000000000003	200.20000000000002	30.250000000000004	1304.0
1932.0	169.6720108695651	195.88519021739137	27.05611413043477	166.10000000000002	191.4	25.3	172.70000000000002	199.65	28.6	368.0
1933.0	210.71724137931042	148.24310344827592	28.867241379310347	206.8	145.20000000000002	26.400000000000002	214.50000000000003	150.15	30.800000000000004	319.0
1934.0	191.1557306590258	174.85114613180514	27.660744985673347	167.75	143.0	25.3	216.70000000000002	204.60000000000002	30.250000000000004	349.0
1935.0	217.60104633781773	147.83325859491774	27.756502242152454	212.85000000000002	144.10000000000002	25.3	222.20000000000002	151.25	29.700000000000003	669.0
1936.0	172.14382022471912	154.56977528089885	45.228539325842696	150.70000000000002	126.50000000000001	40.7	192.50000000000003	182.60000000000002	47.300000000000004	445.0
1937.0	167.48248638838473	168.0269963702359	45.06556261343014	155.10000000000002	142.45000000000002	40.7	190.85000000000002	178.75000000000003	48.400000000000006	1102.0
1938.0	177.25969298245587	172.64500000000007	33.46026315789474	159.5	144.10000000000002	28.6	202.95000000000002	194.15	39.050000000000004	1140.0
1939.0	181.4220029239766	169.48121345029213	15.52141812865497	176.55	159.5	12.65	189.75000000000003	174.9	17.6	684.0
1940.0	184.9927200000001	163.39576000000005	18.355040000000034	177.65	154.55	14.850000000000001	190.85000000000002	174.9	20.900000000000002	625.0
1941.0	187.83518518518517	165.79037037037054	17.34577777777778	180.4	156.75	14.3	195.25000000000003	174.9	19.8	675.0
1942.0	200.2280959752322	186.57430340557278	51.292182662538714	188.65	163.35000000000002	46.2	217.8	201.85000000000002	56.650000000000006	646.0
1943.0	206.13117723156543	183.10161707632594	55.966235446313064	189.75000000000003	164.45000000000002	51.150000000000006	220.55	203.50000000000003	61.050000000000004	773.0
1944.0	204.38313008130078	182.16178861788606	57.13516260162601	187.00000000000003	160.05	51.7	219.45000000000002	202.4	62.150000000000006	492.0
1945.0	188.77517241379286	167.24280788177336	21.893793103448285	182.05	158.95000000000002	18.700000000000003	194.70000000000002	176.0	26.400000000000002	1015.0
1946.0	190.11488042515512	168.21572187776826	24.509344552701485	182.05	160.60000000000002	20.35	196.9	176.0	29.700000000000003	1129.0
1947.0	233.59857594936716	158.09280063291155	46.94667721518987	231.00000000000003	153.45000000000002	43.45	237.05	162.8	50.6	632.0
1948.0	191.44875811998457	169.21862820022935	25.667577378677812	175.45000000000002	155.65	18.150000000000002	202.95000000000002	181.50000000000003	33.550000000000004	2617.0
1949.0	182.72562841530026	177.61814207650283	40.777540983606556	171.05	151.25	33.550000000000004	201.85000000000002	193.05	45.1	915.0
1950.0	203.2689999999999	156.29561538461542	42.92876923076923	197.45000000000002	152.9	38.5	209.00000000000003	159.5	47.300000000000004	650.0
1951.0	199.68962264150943	163.07452830188677	38.66509433962265	177.10000000000002	153.45000000000002	35.75	210.10000000000002	192.50000000000003	41.25	583.0
1952.0	179.8562185929649	209.91136934673384	58.70144472361809	173.8	206.8	55.550000000000004	184.8	212.3	62.150000000000006	796.0
1953.0	206.87412398921833	187.76051212938003	19.604312668463628	196.9	174.9	16.5	221.65	196.35000000000002	23.650000000000002	371.0
1954.0	227.00968622100956	183.8200545702591	43.8836971350614	222.75000000000003	180.4	39.6	231.00000000000003	187.55	47.85	733.0
1955.0	195.87857142857146	162.88668202764947	37.23423963133641	182.05	155.10000000000002	33.0	202.95000000000002	185.9	41.800000000000004	1085.0
1956.0	205.69207999999983	182.79624000000013	48.25656	194.70000000000002	168.85000000000002	43.45	215.60000000000002	198.00000000000003	51.7	625.0
1957.0	203.5177698975571	176.50795902285276	45.96639085894405	185.35000000000002	161.70000000000002	42.35	212.85000000000002	194.70000000000002	52.25000000000001	1269.0
1958.0	201.8944555778224	182.46112224448916	41.88376753507014	187.55	166.65	33.550000000000004	215.60000000000002	194.15	52.800000000000004	1497.0
1959.0	207.17227891156466	187.48171768707485	50.918027210884354	183.70000000000002	157.85000000000002	47.300000000000004	234.3	213.4	53.900000000000006	588.0
1960.0	176.65454545454546	165.6647727272728	52.89204545454546	140.8	118.25000000000001	48.95	218.35000000000002	207.9	56.1	484.0
1961.0	198.1410714285713	165.52857142857155	65.77589285714285	154.0	128.70000000000002	59.95	229.35000000000002	217.8	70.95	1232.0
1962.0	198.40852601156104	198.9903179190752	85.83815028901735	189.20000000000002	165.0	81.95	226.60000000000002	209.00000000000003	90.2	692.0
1963.0	208.5447286012526	190.65020876826716	84.35610647181629	190.85000000000002	162.8	78.65	228.8	211.20000000000002	90.2	958.0
1964.0	202.56554455445544	173.9938613861385	32.96188118811882	167.75	140.25	28.6	228.8	217.25000000000003	36.85	505.0
1965.0	207.9274676850765	174.82761457109302	35.84306698002351	170.5	142.45000000000002	30.250000000000004	233.75000000000003	218.9	40.150000000000006	1702.0
1966.0	197.3188245315163	195.79156729131174	36.47240204429302	176.0	149.60000000000002	31.35	237.05	219.45000000000002	40.7	587.0
1967.0	206.02577696526518	189.67861060329074	37.7619744058501	178.75000000000003	152.9	35.2	236.50000000000003	221.10000000000002	40.150000000000006	547.0
1968.0	233.25614583333328	144.9353125000001	51.99333333333334	229.9	140.25	48.400000000000006	235.95000000000002	150.15	55.00000000000001	480.0
1969.0	202.292509920635	168.16795634920638	34.723660714285714	162.8	132.55	30.250000000000004	230.45000000000002	217.25000000000003	39.6	1008.0
1970.0	186.20768945022303	191.8903417533433	38.32102526002972	162.8	134.75	33.550000000000004	232.65	218.9	41.800000000000004	1346.0
1971.0	218.91684334511172	159.25382803297995	37.90918727915195	167.20000000000002	139.15	33.0	236.50000000000003	219.45000000000002	41.800000000000004	849.0
1972.0	212.18164201937788	169.88212646608866	43.63314635390107	162.25	141.9	39.050000000000004	234.85000000000002	217.8	48.400000000000006	1961.0
1973.0	220.59786347055766	162.31305367378832	43.642600312662836	173.25	138.05	36.85	237.05	220.55	49.50000000000001	1919.0
1974.0	203.89937759336095	167.365456431535	30.734387966804988	169.4	141.9	26.950000000000003	224.95000000000002	208.45000000000002	35.2	964.0
1975.0	178.5741964285712	192.8663392857143	29.990714285714287	164.45000000000002	138.05	27.500000000000004	220.00000000000003	210.10000000000002	31.900000000000002	560.0
1976.0	181.89726858877071	192.57010622154783	28.59165402124429	167.75	141.9	25.3	223.3	211.20000000000002	32.45	659.0
1977.0	190.2001149425288	181.78068965517252	29.76068965517241	165.0	139.70000000000002	25.85	224.95000000000002	212.85000000000002	33.550000000000004	435.0
1978.0	176.32613065326643	208.85628140703506	26.491206030150774	173.25	203.50000000000003	24.200000000000003	179.3	212.85000000000002	28.05	398.0
1979.0	202.8262208067939	183.15175159235676	33.398779193205954	172.70000000000002	147.95000000000002	26.950000000000003	231.55	217.8	39.050000000000004	942.0
1980.0	206.24679611650492	186.88359223300986	32.64917475728155	184.8	164.45000000000002	29.150000000000002	227.15	207.9	36.85	1030.0
1981.0	210.0885257301811	179.9811891515995	41.45500695410292	180.95000000000002	155.65	35.2	233.20000000000002	215.05	46.2	1438.0
1982.0	209.81993421052636	185.49690789473655	40.349736842105266	184.25000000000003	159.5	36.85	232.65	213.95000000000002	44.550000000000004	760.0
1983.0	206.7383295194508	169.87448512585817	69.90789473684211	166.65	136.95000000000002	68.2	233.75000000000003	218.9	72.05000000000001	437.0
1984.0	204.70420098846802	179.87537067545313	32.11202635914332	171.05	141.9	27.500000000000004	235.4	219.45000000000002	35.75	607.0
1985.0	215.62400459418083	171.97438744257286	35.00543644716692	172.15	143.55	29.700000000000003	237.60000000000002	221.10000000000002	39.6	1306.0
1986.0	182.60310734463292	216.06920903954804	32.255273069679845	178.75000000000003	212.85000000000002	28.05	185.9	218.9	36.300000000000004	531.0
1987.0	182.86180422264871	218.9865642994242	33.78752399232246	177.65	216.70000000000002	30.250000000000004	186.45000000000002	222.20000000000002	36.85	521.0
1988.0	211.17996965098638	156.78839150227643	64.64127465857361	161.70000000000002	135.85000000000002	61.60000000000001	227.15	211.75000000000003	68.75	659.0
1989.0	192.14263502454992	183.5757774140754	61.02299509001635	165.55	140.25	59.400000000000006	229.35000000000002	214.50000000000003	63.800000000000004	611.0
1990.0	205.58434004474267	168.66851230425064	78.37315436241612	174.9	144.65	74.25	222.20000000000002	207.35000000000002	83.05000000000001	894.0
1991.0	196.4516981132076	190.18740566037735	89.76415094339619	179.3	153.45000000000002	87.45	224.4	207.9	92.95	1060.0
1992.0	208.5904255319151	172.70390070921965	89.03524822695039	178.75000000000003	149.05	86.35000000000001	225.50000000000003	210.10000000000002	91.30000000000001	705.0
1993.0	211.21771907216504	197.48331185567002	83.66095360824744	204.05	180.95000000000002	78.65	222.75000000000003	205.15	89.65	776.0
1994.0	209.6023054755043	200.42903458213232	77.04913544668588	199.65	176.0	73.15	228.25000000000003	210.65	81.95	694.0
1995.0	213.48861111111123	199.06409722222202	81.56958333333334	202.4	176.0	77.0	229.9	210.65	85.25	720.0
1996.0	186.88192090395492	182.3793785310736	19.460056497175167	171.05	148.5	14.850000000000001	218.9	199.10000000000002	24.200000000000003	885.0
1997.0	146.1156756756755	186.20621621621618	22.05846846846848	142.45000000000002	182.60000000000002	19.8	151.8	190.3	25.3	555.0
1998.0	178.82797619047628	151.51666666666654	25.652976190476178	146.3	123.20000000000002	21.450000000000003	203.50000000000003	190.3	29.700000000000003	924.0
1999.0	183.61696078431376	142.64411764705878	25.909313725490204	140.8	120.45	20.900000000000002	203.50000000000003	191.4	30.250000000000004	510.0
2000.0	185.75870244919193	147.9640437727989	23.21034392912973	147.4	124.85000000000001	18.700000000000003	206.25000000000003	191.4	28.05	1919.0
2001.0	202.39229422066543	175.6676882661995	23.28879159369524	174.9	150.70000000000002	19.8	225.50000000000003	205.70000000000002	26.400000000000002	1142.0
2002.0	208.38791334093492	176.6860889395669	24.773831242873445	180.4	154.0	19.25	228.8	205.70000000000002	28.6	877.0
2003.0	202.01329394387	160.42858197932063	21.14737813884785	170.5	147.4	15.950000000000001	217.8	194.15	24.750000000000004	1354.0
2004.0	204.0713985278653	187.34873817034716	19.821398527865394	189.75000000000003	162.25	15.950000000000001	225.50000000000003	204.60000000000002	24.200000000000003	951.0
2005.0	220.0238482384824	166.04783197831975	21.472357723577254	216.70000000000002	163.35000000000002	17.6	223.3	168.85000000000002	24.200000000000003	369.0
2006.0	187.99185393258438	194.16544943820224	15.64719101123596	186.45000000000002	190.3	13.750000000000002	190.3	199.10000000000002	17.6	178.0
2007.0	204.53385022692905	179.9610816944023	17.723978819969734	181.50000000000003	156.75	13.750000000000002	223.85000000000002	204.60000000000002	23.650000000000002	1322.0
2008.0	193.4450704225352	196.8535211267605	15.361267605633808	191.4	194.70000000000002	13.200000000000001	196.35000000000002	200.20000000000002	17.05	142.0
2009.0	139.85091463414636	194.61280487804882	37.4234756097561	136.95000000000002	191.95000000000002	34.1	141.9	196.9	40.7	328.0
2010.0	162.3877342419081	171.65153321976155	45.57972742759796	138.60000000000002	121.55000000000001	40.7	206.25000000000003	196.9	52.800000000000004	587.0
2011.0	196.5475871313672	133.94343163538866	44.459316353887395	138.05	118.80000000000001	37.400000000000006	209.55	198.00000000000003	48.95	746.0
2012.0	187.83570469798713	146.44912751677876	59.599697986577176	142.45000000000002	119.35000000000001	51.150000000000006	211.20000000000002	199.65	66.0	1490.0
2013.0	192.68753303964758	168.8446696035241	13.884229074889872	178.20000000000002	151.25	10.450000000000001	203.50000000000003	183.15	17.05	1135.0
2014.0	212.43579192546596	184.32942546583854	23.896816770186312	195.8	166.65	17.6	228.25000000000003	204.60000000000002	29.700000000000003	644.0
2015.0	210.01406250000002	189.82447916666663	27.220416666666672	190.85000000000002	163.9	22.55	231.00000000000003	209.55	32.45	480.0
2016.0	189.00156249999992	165.94687499999984	16.735937500000002	174.9	152.35000000000002	14.3	201.3	182.60000000000002	19.25	352.0
2017.0	179.79270833333325	180.43580729166658	16.578776041666668	174.35000000000002	177.10000000000002	13.200000000000001	184.8	184.25000000000003	19.8	384.0
2018.0	187.6434408602152	161.0707526881721	18.579354838709673	174.35000000000002	152.35000000000002	15.400000000000002	195.25000000000003	178.20000000000002	22.0	465.0
2019.0	159.15667701863362	199.53555900621123	26.259937888198763	155.10000000000002	196.35000000000002	24.200000000000003	162.25	202.4	28.6	322.0
2020.0	188.23714833759578	170.90019181585672	29.837148337595902	154.55	126.50000000000001	26.400000000000002	224.95000000000002	210.10000000000002	34.650000000000006	782.0
2021.0	184.81838662790705	184.1061046511629	30.264389534883716	159.5	134.75	26.400000000000002	227.15	215.05	35.2	688.0
2022.0	167.21509546539397	160.58949880668246	29.884427207637238	149.05	128.70000000000002	25.3	194.70000000000002	183.15	35.75	838.0
2023.0	172.9655982905981	158.85833333333343	27.03814102564103	154.55	133.65	23.1	193.60000000000002	180.4	30.250000000000004	468.0
2024.0	193.66152125279632	134.95486577181208	32.555816554809844	188.65	128.70000000000002	27.500000000000004	199.10000000000002	139.70000000000002	36.85	894.0
2025.0	171.46100217864915	159.11416122004363	33.26840958605664	145.20000000000002	125.95000000000002	28.05	199.65	189.75000000000003	39.050000000000004	459.0
2026.0	168.0222849083215	166.87729196050782	30.819393511988707	140.8	117.7	24.200000000000003	209.00000000000003	199.10000000000002	39.050000000000004	709.0
2027.0	195.38516949152555	136.54604519774023	54.93629943502826	141.9	119.9	48.400000000000006	211.75000000000003	200.20000000000002	60.50000000000001	708.0
2028.0	167.26997041420103	171.09556213017754	54.16442307692308	144.10000000000002	122.10000000000001	48.95	207.9	199.10000000000002	61.050000000000004	676.0
2029.0	160.82670731707316	173.39353658536572	29.86768292682927	151.8	171.05	24.750000000000004	167.75	177.10000000000002	35.2	410.0
2030.0	182.178545343883	151.91013390140034	19.101034692635455	159.5	138.05	12.65	195.8	180.4	24.750000000000004	1643.0
2031.0	166.1685303514376	163.8824281150161	26.068769968051136	154.55	136.4	20.35	188.10000000000002	176.0	29.700000000000003	626.0
2032.0	185.0787819253439	135.64037328094304	30.20461689587426	182.60000000000002	132.0	26.950000000000003	187.55	140.25	34.1	509.0
2033.0	178.39125514403327	153.00864197530888	27.55375514403294	156.20000000000002	138.05	22.55	196.35000000000002	179.3	31.900000000000002	972.0
2034.0	172.85578457446806	160.95179521276586	24.048603723404238	158.95000000000002	140.25	18.700000000000003	189.75000000000003	178.20000000000002	28.05	752.0
2035.0	160.85375782881005	180.21054279749467	17.285386221294363	157.85000000000002	176.0	14.3	165.0	184.8	20.35	479.0
2036.0	179.21308215593905	165.22276295133412	16.497697540554682	161.70000000000002	137.5	12.100000000000001	200.75000000000003	188.65	20.900000000000002	1911.0
2037.0	168.51425702811216	164.8065691336774	41.52610441767067	156.20000000000002	141.9	35.75	189.20000000000002	177.65	46.2	1743.0
2038.0	174.10378310214412	171.35655737704946	28.668663303909213	166.10000000000002	148.5	24.200000000000003	191.95000000000002	180.4	33.550000000000004	793.0
2039.0	167.47301639344244	175.06770491803286	37.34950819672132	158.95000000000002	170.5	30.250000000000004	171.60000000000002	180.95000000000002	45.650000000000006	1525.0
2040.0	169.7437499999999	176.71156249999996	39.084375	165.55	171.05	35.2	172.15	180.95000000000002	41.800000000000004	320.0
2041.0	182.7237294469355	160.49353512705505	29.224813153961144	165.0	143.55	23.1	197.45000000000002	182.05	33.550000000000004	1338.0
2042.0	185.78422603106603	167.98154793786844	29.535913229780387	169.4	150.70000000000002	24.750000000000004	203.50000000000003	185.9	35.2	1867.0
2043.0	176.76335012594456	181.17166246851392	27.741057934508827	173.25	178.75000000000003	23.650000000000002	179.85000000000002	183.70000000000002	30.800000000000004	397.0
2044.0	185.93519091847259	165.645923632611	35.4576883384933	165.0	144.10000000000002	29.150000000000002	205.70000000000002	192.50000000000003	39.050000000000004	969.0
2045.0	195.85712166172098	150.85912462908024	31.760459940652822	190.3	148.5	27.500000000000004	201.3	153.45000000000002	35.2	674.0
2046.0	172.84994913530005	155.378077314344	41.083825025432354	146.85000000000002	130.35000000000002	35.75	192.50000000000003	182.60000000000002	45.650000000000006	983.0
2047.0	166.74545686574805	166.373736600306	42.52294538029607	149.05	128.70000000000002	37.95	195.25000000000003	187.55	46.2	1959.0
2048.0	161.67173546756524	174.24435551811288	36.958887952822245	149.05	133.65	31.900000000000002	194.70000000000002	186.45000000000002	42.35	1187.0
2049.0	161.40562565720296	173.4992639327024	39.31545741324922	149.05	134.75	35.75	196.35000000000002	186.45000000000002	41.800000000000004	951.0
2050.0	163.3397642679902	178.08263027295274	39.434863523573206	148.5	133.65	35.2	205.15	192.50000000000003	44.550000000000004	1612.0
2051.0	174.70730403800488	166.87731591448934	37.2602137767221	154.0	133.65	31.900000000000002	203.50000000000003	191.95000000000002	41.800000000000004	842.0
2052.0	185.69234088457418	157.94196332254597	23.24120819848976	168.3	146.3	18.700000000000003	199.10000000000002	181.50000000000003	28.05	927.0
2053.0	181.8357558139536	163.9783430232559	21.873691860465115	171.60000000000002	150.15	17.05	191.4	178.75000000000003	25.85	344.0
2054.0	177.3107709750568	152.12675736961444	50.17845804988663	142.45000000000002	125.4	45.1	201.85000000000002	190.3	54.45	882.0
2055.0	179.32413010590017	151.1035552193644	52.594478063540095	143.0	125.95000000000002	46.75000000000001	202.95000000000002	189.20000000000002	57.75000000000001	661.0
2056.0	143.90749999999989	188.60624999999993	51.23375000000001	140.8	185.9	48.400000000000006	147.95000000000002	191.4	54.45	440.0
2057.0	183.33641655886146	163.34501940491612	23.96662354463133	173.8	153.45000000000002	18.700000000000003	190.3	173.25	28.6	773.0
2058.0	187.78212927756658	153.41131178707224	28.023859315589352	184.25000000000003	150.70000000000002	24.750000000000004	191.95000000000002	156.75	31.35	526.0
2059.0	200.60818815331018	177.70797038327547	26.614873693379806	183.15	165.55	20.900000000000002	212.3	189.75000000000003	33.550000000000004	2296.0
2060.0	183.06081081081075	172.8324624624623	55.10108108108107	151.8	129.8	48.400000000000006	221.10000000000002	206.8	61.60000000000001	1665.0
2061.0	161.4106046931409	203.91398916967503	52.71660649819495	154.55	199.10000000000002	46.75000000000001	166.65	206.8	58.300000000000004	1108.0
2062.0	187.14173419773087	172.61085899513765	56.70170178282009	157.3	134.75	51.7	220.00000000000003	208.45000000000002	62.150000000000006	617.0
2063.0	215.5670774647887	140.27711267605633	58.02693661971829	211.20000000000002	136.4	55.00000000000001	219.45000000000002	143.55	62.150000000000006	568.0
2064.0	195.23491561181436	167.45469409282688	33.93175105485232	177.65	156.20000000000002	30.250000000000004	205.70000000000002	184.25000000000003	37.400000000000006	948.0
2065.0	188.99790268456368	170.40171979865767	32.753607382550335	174.35000000000002	162.8	28.05	203.50000000000003	177.10000000000002	37.400000000000006	1192.0
2066.0	190.58997821350778	177.2294117647059	26.512636165577344	188.10000000000002	173.25	23.650000000000002	193.60000000000002	180.4	29.150000000000002	459.0
2067.0	198.05379426644174	173.08336143901084	26.327655986509267	191.4	167.20000000000002	22.55	205.15	179.3	30.800000000000004	1779.0
2068.0	216.50761730652033	186.74695307739182	52.953168799512504	202.95000000000002	175.45000000000002	46.2	224.4	202.4	60.50000000000001	1641.0
2069.0	211.6892199349945	186.1133261105092	56.05173347778983	195.8	171.05	50.6	224.95000000000002	204.05	61.60000000000001	923.0
2070.0	225.14168900804293	181.32747989276123	54.231032171581774	221.65	176.55	51.150000000000006	228.25000000000003	185.9	57.75000000000001	746.0
2071.0	217.19961290322593	166.69329032258048	52.763096774193556	212.85000000000002	150.70000000000002	48.400000000000006	221.65	182.05	58.85	775.0
2072.0	206.65534918276364	184.22466567607702	28.03283803863299	200.20000000000002	173.8	25.3	214.50000000000003	190.85000000000002	30.800000000000004	673.0
2073.0	205.91969273743015	183.06780726257003	25.74245810055866	201.85000000000002	179.3	23.1	210.65	187.00000000000003	28.6	716.0
2074.0	223.25508474576304	149.327966101695	62.35593220338983	218.9	145.75	58.85	227.15	154.55	64.9	649.0
2075.0	226.7143828960155	153.17419825072898	56.94344023323613	220.55	149.05	52.800000000000004	233.75000000000003	157.85000000000002	61.60000000000001	1029.0
2076.0	216.09048507462694	179.58457711442787	48.02033582089553	179.3	154.0	43.45	238.15	221.10000000000002	53.35	804.0
2077.0	199.38335048893504	180.45463201235194	78.74567678847144	184.8	161.15	74.25	215.60000000000002	197.45000000000002	83.05000000000001	1943.0
2078.0	202.23462291870717	195.8210088148873	88.84573947110674	193.05	171.05	85.25	222.75000000000003	203.50000000000003	92.95	1021.0
2079.0	213.42906066536213	190.32206457925636	83.79750489236791	209.55	185.9	78.10000000000001	217.8	195.25000000000003	89.10000000000001	1022.0
2080.0	214.24123616236156	193.51780442804434	82.88408671586716	207.35000000000002	186.45000000000002	77.0	221.65	199.65	86.9	1084.0
2081.0	212.55142857142843	194.27240601503757	56.00902255639099	196.9	171.60000000000002	52.800000000000004	233.20000000000002	210.10000000000002	61.050000000000004	665.0
2082.0	211.22320971867015	194.07615089514073	68.44053708439898	206.25000000000003	188.10000000000002	64.35000000000001	214.50000000000003	199.10000000000002	73.15	782.0
2083.0	219.74115437158449	184.4994535519126	62.519296448087424	198.55	168.3	56.650000000000006	232.65	211.20000000000002	68.2	1464.0
2084.0	215.1415501905973	204.55597204574323	55.04472681067349	209.55	201.85000000000002	49.50000000000001	218.9	207.35000000000002	59.400000000000006	787.0
2085.0	212.43386243386252	154.91812169312186	80.57645502645504	209.00000000000003	150.70000000000002	77.0	215.60000000000002	161.70000000000002	84.7	378.0
2086.0	197.6156684027779	182.94565972222236	72.44340277777778	179.3	152.9	66.55000000000001	222.20000000000002	206.8	79.2	1152.0
2087.0	196.58973313565605	186.78554484803564	77.27438843587844	179.3	154.0	64.9	216.70000000000002	201.3	83.05000000000001	1349.0
2088.0	193.67741738066098	161.44687882496947	35.964749082007344	188.10000000000002	157.3	32.45	202.4	166.10000000000002	39.050000000000004	817.0
2089.0	193.12169966996697	174.8818481848186	32.93465346534654	182.60000000000002	166.65	29.700000000000003	201.3	184.8	35.2	606.0
2090.0	182.22109374999997	173.11484375000012	37.55937500000001	172.15	155.65	34.1	201.3	182.60000000000002	41.25	704.0
2091.0	209.6141342756183	195.90300353356892	53.00989399293287	194.70000000000002	170.5	48.95	232.65	211.75000000000003	57.2	283.0
2092.0	185.17776726584674	171.072374645222	53.30525070955535	150.15	128.15	48.95	222.75000000000003	209.00000000000003	57.75000000000001	1057.0
2093.0	198.1601941747572	149.20351941747572	39.85430825242719	144.65	121.00000000000001	33.550000000000004	224.95000000000002	208.45000000000002	46.2	824.0
2094.0	148.44726027397255	208.7673801369862	42.01378424657535	145.20000000000002	206.8	37.400000000000006	151.25	211.20000000000002	47.300000000000004	584.0
2095.0	197.40366300366296	148.11452991452998	47.67002442002443	142.45000000000002	118.80000000000001	37.95	223.3	208.45000000000002	54.45	819.0
2096.0	171.81796874999986	184.60078125	49.8375	146.85000000000002	123.20000000000002	45.650000000000006	223.85000000000002	211.75000000000003	53.900000000000006	704.0
2097.0	176.04662017167368	175.5385193133046	53.061427038626604	145.20000000000002	122.10000000000001	47.85	222.20000000000002	209.55	57.2	932.0
2098.0	177.45483870967743	183.43480475382006	60.564431239388824	151.25	128.70000000000002	57.75000000000001	224.4	212.3	63.25000000000001	589.0
2099.0	197.42812154696134	181.19613259668503	61.81209944751382	165.0	138.60000000000002	58.300000000000004	232.65	218.35000000000002	65.45	905.0
2100.0	230.02560553633225	144.4920415224913	60.277335640138396	226.60000000000002	142.45000000000002	58.300000000000004	233.20000000000002	146.85000000000002	62.150000000000006	289.0
2101.0	216.44945553539014	175.73248638838479	41.286932849364796	178.75000000000003	146.3	37.400000000000006	238.15	220.55	44.550000000000004	551.0
2102.0	205.99035259549456	197.8750244857982	23.665621939275223	200.20000000000002	193.05	18.150000000000002	211.20000000000002	202.95000000000002	28.05	1021.0
2103.0	215.58019067796604	193.1700211864407	29.180296610169496	207.9	178.20000000000002	24.750000000000004	226.60000000000002	202.4	33.0	472.0
2104.0	211.18211382113805	188.0060975609756	23.89325203252031	200.20000000000002	174.35000000000002	19.25	226.05	200.20000000000002	29.700000000000003	615.0
2105.0	218.40070498915395	185.1245119305857	29.814533622559637	204.05	173.8	25.85	228.8	201.85000000000002	35.75	922.0
2106.0	220.34927652733117	186.60916398713826	33.89573954983923	200.20000000000002	174.35000000000002	26.950000000000003	232.65	205.70000000000002	41.800000000000004	622.0
2107.0	203.95151324085757	205.12919293820937	36.57395964691047	199.10000000000002	200.75000000000003	31.35	208.45000000000002	209.55	41.800000000000004	793.0
2108.0	216.22984628522644	193.64978650725868	42.62288642186166	202.4	174.9	36.85	232.65	206.8	48.400000000000006	1171.0
2109.0	217.72623089983028	191.88276740237697	45.91519524617996	205.70000000000002	178.75000000000003	42.35	229.35000000000002	205.15	50.050000000000004	589.0
2110.0	182.00497409326397	202.60575129533655	33.26274611398964	167.20000000000002	144.65	29.700000000000003	226.60000000000002	216.70000000000002	36.85	965.0
2111.0	212.16788756388422	164.34037478705275	36.965247018739355	171.60000000000002	144.65	31.35	228.25000000000003	211.20000000000002	41.800000000000004	587.0
2112.0	192.31682776801406	175.36010544815466	33.73800527240773	161.15	132.55	29.700000000000003	225.50000000000003	214.50000000000003	37.95	1138.0
2113.0	188.76581415174783	181.4812446717819	35.82877237851663	160.60000000000002	138.60000000000002	31.35	226.05	211.20000000000002	41.25	1173.0
2114.0	183.49866071428562	193.99776785714297	34.51495535714286	166.10000000000002	140.8	30.250000000000004	227.15	213.95000000000002	39.050000000000004	672.0
2115.0	205.72894736842116	175.6180814940577	16.082597623089985	191.4	165.55	13.750000000000002	218.35000000000002	191.4	20.35	589.0
2116.0	216.17110609480807	171.66704288939056	20.715011286681726	210.10000000000002	168.85000000000002	17.05	221.10000000000002	175.45000000000002	24.200000000000003	443.0
2117.0	204.1051610541729	176.78232064421687	17.770717423133235	190.3	164.45000000000002	13.200000000000001	220.55	193.60000000000002	22.0	1366.0
2118.0	205.92067901234572	176.7248456790123	32.292129629629635	174.9	150.15	27.500000000000004	229.9	213.4	36.85	648.0
2119.0	204.59759299781177	183.6169584245076	32.28030634573305	177.10000000000002	150.15	28.05	232.10000000000002	215.05	37.95	457.0
2120.0	182.06504787961686	211.41292749658004	36.71757865937072	179.3	206.8	34.1	184.8	216.70000000000002	40.150000000000006	731.0
2121.0	198.31787726988102	194.91490294301795	30.10604257983721	180.4	158.95000000000002	25.3	231.00000000000003	210.10000000000002	34.650000000000006	1597.0
2122.0	210.72890295358653	181.58122362869207	32.881645569620254	185.35000000000002	156.75	29.150000000000002	231.55	213.4	37.400000000000006	474.0
2123.0	196.39815989847716	194.39987309644664	35.84352791878173	181.50000000000003	157.3	32.45	228.25000000000003	211.20000000000002	40.150000000000006	788.0
2124.0	188.66183465458695	207.0815402038506	37.66845979614949	183.15	203.50000000000003	33.550000000000004	194.70000000000002	210.65	42.35	883.0
2125.0	199.01899494310993	173.21280025284463	65.44339443742098	157.85000000000002	133.10000000000002	59.95	233.75000000000003	218.35000000000002	71.5	1582.0
2126.0	203.33096926713938	174.9884160756503	66.24704491725768	165.55	136.95000000000002	62.7	233.75000000000003	219.45000000000002	69.30000000000001	423.0
2127.0	188.31683908045977	164.257183908046	60.898908045977024	150.15	126.50000000000001	57.2	217.8	206.8	65.45	870.0
2128.0	202.1829772079771	150.21267806267792	65.9349715099715	154.0	128.15	61.60000000000001	221.10000000000002	207.9	69.30000000000001	702.0
2129.0	190.10042689434354	170.76296691568842	67.29018143009606	155.10000000000002	131.45000000000002	62.7	224.4	210.65	71.5	937.0
2130.0	196.2608300907913	175.2081712062256	69.05175097276265	162.25	136.4	66.0	227.70000000000002	213.95000000000002	72.05000000000001	771.0
2131.0	197.6713147410359	174.54885458167325	74.45049800796814	165.0	139.70000000000002	70.95	224.4	209.55	79.2	1004.0
2132.0	192.6459067357512	182.96476683937806	74.93279792746115	165.0	141.9	72.05000000000001	227.15	211.20000000000002	78.65	965.0
2133.0	182.92749287749294	200.86595441595423	88.744301994302	179.3	198.55	86.35000000000001	187.55	203.50000000000003	91.30000000000001	351.0
2134.0	203.0707843137255	207.51176470588234	82.20666666666668	199.65	206.25000000000003	79.2	206.8	209.00000000000003	85.25	255.0
2135.0	213.97750000000002	191.26402777777773	82.55958333333334	199.65	172.15	79.2	227.15	209.55	86.9	360.0
2136.0	221.27389705882362	184.69080882352972	87.21705882352943	202.4	173.8	84.15	228.25000000000003	206.25000000000003	91.30000000000001	680.0
2137.0	179.27538910505857	146.67986381322925	30.91609922178988	140.8	121.00000000000001	25.3	201.3	191.4	36.85	1028.0
2138.0	197.59338790931986	178.28866498740544	20.552959697732994	176.0	149.05	18.150000000000002	220.00000000000003	202.4	23.1	794.0
2139.0	179.38847826086948	194.87456521739125	21.814673913043478	173.8	191.4	19.8	184.25000000000003	198.55	23.650000000000002	460.0
2140.0	178.76760000000004	198.0308	22.83600000000001	173.25	194.15	21.450000000000003	184.8	201.3	24.750000000000004	250.0
2141.0	157.6675314465408	186.11273584905663	20.029166666666633	152.9	181.50000000000003	16.5	162.8	190.3	24.750000000000004	636.0
2142.0	188.26992433795715	150.05428751576312	20.04760403530898	160.60000000000002	132.0	17.05	201.3	188.10000000000002	23.650000000000002	793.0
2143.0	185.594259818731	157.73700906344436	20.797532729103693	157.3	131.45000000000002	15.950000000000001	207.35000000000002	195.25000000000003	25.3	993.0
2144.0	196.8525641025642	149.00128205128195	23.051282051282033	157.85000000000002	132.55	19.8	210.65	195.25000000000003	25.85	429.0
2145.0	196.43761904761902	164.41190476190485	20.185714285714322	172.70000000000002	147.4	15.950000000000001	213.95000000000002	191.95000000000002	24.200000000000003	1155.0
2146.0	197.02722222222224	168.14944444444433	17.750000000000018	175.45000000000002	152.35000000000002	13.750000000000002	213.95000000000002	192.50000000000003	22.0	990.0
2147.0	197.8836429308565	164.17868937048493	17.357069143446854	174.9	147.4	13.200000000000001	213.95000000000002	191.95000000000002	20.900000000000002	969.0
2148.0	194.01753926701574	166.5866492146597	12.958115183246084	178.75000000000003	152.9	11.0	204.60000000000002	185.35000000000002	14.850000000000001	382.0
2149.0	193.0718411552346	178.8373646209386	17.357761732851987	179.85000000000002	156.20000000000002	14.3	211.75000000000003	193.60000000000002	20.35	277.0
2150.0	197.4669632265718	184.38179122182666	26.230367734282332	174.35000000000002	150.70000000000002	22.55	224.4	208.45000000000002	30.800000000000004	843.0
2151.0	213.57930000000002	180.24820000000017	25.4221	188.65	161.15	20.35	231.00000000000003	209.00000000000003	29.700000000000003	500.0
2152.0	206.2693661971831	179.88563380281693	29.119788732394355	180.95000000000002	152.35000000000002	24.750000000000004	227.15	207.9	33.550000000000004	710.0
2153.0	220.48320413436696	174.77706718346258	29.947286821705426	192.50000000000003	162.8	23.650000000000002	231.00000000000003	207.35000000000002	34.650000000000006	774.0
2154.0	178.00187319884716	150.2054755043228	24.531268011527384	147.4	127.05000000000001	20.900000000000002	196.35000000000002	182.60000000000002	28.6	347.0
2155.0	196.49727272727262	133.8909090909091	24.487272727272728	191.95000000000002	128.15	20.900000000000002	200.20000000000002	139.15	28.05	605.0
2156.0	170.95350043215205	163.71555747623154	27.988202247190987	148.5	132.0	24.200000000000003	200.20000000000002	185.35000000000002	31.900000000000002	1157.0
2157.0	179.36027397260267	153.49687975646873	32.487671232876714	148.5	128.70000000000002	27.500000000000004	200.75000000000003	187.00000000000003	36.85	657.0
2158.0	180.29572916666683	156.29510416666673	31.92635416666667	150.70000000000002	129.25	28.05	203.50000000000003	189.20000000000002	35.75	480.0
2159.0	161.18294621026942	185.34798288508532	26.48404645476774	144.10000000000002	125.95000000000002	22.55	214.50000000000003	199.65	31.35	818.0
2160.0	182.24317851959378	162.74492017416554	29.78301886792451	145.75	121.00000000000001	25.85	217.8	201.85000000000002	35.2	689.0
2161.0	192.32342105263163	155.92355263157896	27.44210526315789	151.25	127.05000000000001	24.200000000000003	216.70000000000002	202.4	30.250000000000004	380.0
2162.0	175.39950819672148	160.9197814207653	45.700491803278695	140.25	120.45	36.300000000000004	211.20000000000002	199.65	54.45	915.0
2163.0	176.4866359447004	195.38940092165902	26.126267281105974	173.25	193.60000000000002	24.750000000000004	179.85000000000002	197.45000000000002	28.05	217.0
2164.0	199.61941045606252	170.80406006674113	23.54660734149054	178.75000000000003	155.65	18.700000000000003	216.15	193.05	29.150000000000002	899.0
2165.0	193.23609022556388	166.92810150375936	17.958740601503745	180.95000000000002	151.8	15.950000000000001	201.3	187.00000000000003	20.35	532.0
2166.0	190.7632092198582	179.41507092198606	15.75886524822695	183.15	161.70000000000002	13.750000000000002	209.55	186.45000000000002	19.8	564.0
2167.0	190.4425249169435	180.46029900332218	17.400830564784055	180.95000000000002	160.05	15.400000000000002	211.75000000000003	190.3	20.35	301.0
2168.0	195.14152777777787	177.88527777777767	19.822916666666668	181.50000000000003	157.85000000000002	17.05	214.50000000000003	193.05	23.650000000000002	360.0
2169.0	154.77905882352937	175.87188235294093	31.306000000000004	150.15	172.15	27.500000000000004	158.95000000000002	182.05	33.550000000000004	425.0
2170.0	173.0018927444795	148.46963722397476	37.91443217665615	146.85000000000002	127.60000000000001	33.0	191.95000000000002	179.85000000000002	41.800000000000004	634.0
2171.0	176.83665067945648	146.86582733812935	38.16235011990408	147.95000000000002	129.25	33.0	191.95000000000002	178.75000000000003	42.35	1251.0
2172.0	152.83229483282665	178.54604863221894	34.61489361702128	149.05	174.35000000000002	31.35	156.20000000000002	182.05	37.95	658.0
2173.0	202.19324817518236	146.93832116788323	24.220072992700736	199.65	144.65	22.0	205.70000000000002	148.5	26.950000000000003	274.0
2174.0	182.76367469879503	172.19506024096404	27.878373493975896	162.25	143.0	24.200000000000003	207.9	196.35000000000002	32.45	830.0
2175.0	192.56272600834495	156.8968706536858	24.935118219749665	163.35000000000002	139.15	22.0	207.9	192.50000000000003	28.05	719.0
2176.0	164.31125226860271	178.9955535390201	18.19392014519055	161.15	174.9	14.850000000000001	168.3	182.05	21.450000000000003	551.0
2177.0	190.84619113573405	148.47486149584464	21.558171745152343	163.35000000000002	139.15	17.6	199.10000000000002	184.25000000000003	24.750000000000004	722.0
2178.0	188.04782608695643	151.6913043478261	19.042028985507248	164.45000000000002	141.35000000000002	14.3	196.9	183.70000000000002	23.1	759.0
2179.0	168.92008310249318	178.9465373961218	17.447645429362883	165.55	176.0	14.3	172.15	181.50000000000003	20.900000000000002	361.0
2180.0	192.61425661914458	148.3118126272914	37.71700610997964	187.00000000000003	145.20000000000002	34.650000000000006	198.00000000000003	151.25	40.7	491.0
2181.0	178.81563588850173	164.8246515679443	39.613893728223	162.25	143.55	34.1	197.45000000000002	183.70000000000002	43.45	1148.0
2182.0	186.59272930648788	156.3246830723339	33.618493661446685	170.5	149.05	28.6	195.25000000000003	179.85000000000002	40.7	1341.0
2183.0	182.55175438596478	154.1211500974657	39.36699155295647	162.8	145.75	33.0	191.95000000000002	173.25	44.550000000000004	1539.0
2184.0	165.03157099697881	173.7576283987917	32.75075528700906	161.15	169.4	26.950000000000003	168.85000000000002	177.65	37.95	662.0
2185.0	166.71987951807202	179.16686746987958	33.670481927710846	161.70000000000002	173.8	29.700000000000003	170.5	184.25000000000003	36.300000000000004	913.0
2186.0	194.76448275862063	146.32528735632175	34.93827586206897	190.3	143.55	31.900000000000002	199.10000000000002	148.5	38.5	435.0
2187.0	192.1705989110708	131.65562613430131	41.26197822141562	189.20000000000002	128.70000000000002	37.400000000000006	195.8	135.3	45.650000000000006	551.0
2188.0	185.35550000000006	159.5650833333334	39.014250000000004	151.8	134.20000000000002	35.75	206.8	194.70000000000002	42.900000000000006	600.0
2189.0	176.7462461300309	158.7392801857586	34.824535603715184	153.45000000000002	130.9	28.05	198.00000000000003	183.70000000000002	40.150000000000006	1292.0
2190.0	159.60170316301713	180.68905109489054	33.57542579075426	155.65	178.20000000000002	29.700000000000003	164.45000000000002	183.15	36.85	411.0
2191.0	179.53985426008956	170.91188340807156	30.016311659192827	162.25	140.8	25.85	204.05	191.95000000000002	34.650000000000006	892.0
2192.0	180.93670886075944	156.2189873417722	35.06645569620253	143.55	121.55000000000001	29.700000000000003	212.3	198.00000000000003	39.6	869.0
2193.0	193.54458646616536	140.0093233082707	40.589172932330825	145.75	126.50000000000001	35.75	207.9	191.95000000000002	44.0	665.0
2194.0	198.14994272623147	134.33293241695307	40.193470790378	140.8	119.35000000000001	33.550000000000004	210.65	199.10000000000002	44.0	873.0
2195.0	190.21433021806868	152.03073727933574	27.408047767393548	164.45000000000002	143.55	23.1	199.65	184.25000000000003	30.800000000000004	963.0
2196.0	192.77902930402934	184.68163919413928	36.972390109890114	174.9	151.25	33.0	222.20000000000002	206.8	41.25	1092.0
2197.0	180.95772471910124	205.14845505617998	37.64101123595506	178.75000000000003	201.85000000000002	34.1	183.70000000000002	207.35000000000002	40.7	356.0
2198.0	166.92113402061838	169.2608247422681	52.136082474226804	144.10000000000002	123.75000000000001	46.75000000000001	205.70000000000002	195.25000000000003	60.50000000000001	1067.0
2199.0	189.39476614699353	164.91547884187085	24.113028953229374	167.75	146.3	20.35	210.65	193.60000000000002	27.500000000000004	898.0
2200.0	187.78504273504285	173.51168091168097	25.84529914529916	168.85000000000002	146.85000000000002	23.650000000000002	213.95000000000002	195.25000000000003	28.05	351.0
2201.0	185.21790794979086	177.49673640167373	23.952845188284506	174.9	157.3	19.8	198.55	183.70000000000002	28.6	1195.0
2202.0	187.98195876288685	172.53530927835018	26.636082474226797	178.20000000000002	160.05	22.0	200.20000000000002	180.95000000000002	31.900000000000002	2134.0
2203.0	197.9073684210528	159.06578947368413	23.29461538461538	193.05	154.55	18.150000000000002	204.05	165.0	28.05	1235.0
2204.0	177.19435665914224	188.6040632054177	34.48363431151242	173.8	184.8	31.35	180.4	191.4	37.95	443.0
2205.0	208.55794392523367	169.4996405463694	30.18950395398994	195.8	159.5	24.200000000000003	214.50000000000003	191.95000000000002	35.2	1391.0
2206.0	214.86639586410632	173.9641063515508	32.20140324963073	211.75000000000003	171.60000000000002	26.400000000000002	218.9	176.0	36.300000000000004	677.0
2207.0	203.2151515151513	174.25378787878793	57.746212121212096	167.75	141.9	55.00000000000001	232.10000000000002	214.50000000000003	61.050000000000004	726.0
2208.0	172.67417391304363	212.270347826087	36.45782608695652	168.3	208.45000000000002	33.550000000000004	177.65	215.60000000000002	39.050000000000004	575.0
2209.0	201.9660550458715	177.49610091743114	37.69392201834863	169.95000000000002	142.45000000000002	33.550000000000004	229.9	217.25000000000003	40.150000000000006	436.0
2210.0	202.55926443202978	174.6014432029795	39.85963687150838	170.5	140.8	34.650000000000006	228.8	213.95000000000002	43.45	1074.0
2211.0	204.65112179487167	172.53605769230768	43.76143162393163	169.4	142.45000000000002	40.7	228.25000000000003	213.4	47.300000000000004	936.0
2212.0	212.55276946107765	163.1968562874251	42.4751497005988	168.85000000000002	140.8	38.5	229.9	216.15	45.650000000000006	668.0
2213.0	221.00357142857152	166.04928571428567	39.997142857142855	179.3	154.0	36.85	234.3	211.75000000000003	43.45	770.0
2214.0	200.5514732965009	192.78563535911604	41.04438305709024	179.85000000000002	155.10000000000002	37.400000000000006	235.95000000000002	217.25000000000003	45.1	543.0
2215.0	180.2485507246377	178.09797101449286	17.541014492753625	177.10000000000002	175.45000000000002	14.850000000000001	183.70000000000002	180.95000000000002	20.35	345.0
2216.0	183.5481343283582	178.0912313432835	15.906902985074629	180.95000000000002	174.35000000000002	14.3	185.9	181.50000000000003	17.6	268.0
2217.0	203.8277442702051	171.31537997587424	20.718878166465586	183.70000000000002	162.25	16.5	216.15	187.00000000000003	27.500000000000004	829.0
2218.0	207.35843558282207	162.43895705521473	23.4812883435583	204.05	158.95000000000002	20.35	211.20000000000002	166.10000000000002	26.950000000000003	326.0
2219.0	212.98280182232355	169.34612756264252	25.941457858769922	209.55	165.0	22.55	216.70000000000002	172.15	29.150000000000002	439.0
2220.0	199.73842182890863	186.70309734513265	25.352728613569337	192.50000000000003	171.60000000000002	21.450000000000003	215.60000000000002	193.60000000000002	28.6	678.0
2221.0	199.398079658606	174.93129445234692	21.540753911806554	189.75000000000003	166.10000000000002	17.6	209.00000000000003	187.00000000000003	25.3	703.0
2222.0	199.41077669902913	157.1216504854369	31.34679611650485	195.8	153.45000000000002	26.400000000000002	202.95000000000002	160.60000000000002	35.2	515.0
2223.0	184.27581486310297	164.9619947848762	35.43591916558018	172.15	151.25	30.800000000000004	196.35000000000002	182.60000000000002	42.900000000000006	767.0
2224.0	187.5073375262055	163.60597484276732	35.69234800838575	172.70000000000002	154.0	33.550000000000004	198.55	179.85000000000002	39.050000000000004	477.0
2225.0	186.73086353944572	170.92627931769758	54.51684434968021	156.20000000000002	136.4	51.150000000000006	216.15	202.95000000000002	58.300000000000004	938.0
2226.0	187.70487472766894	175.88047385620936	31.798747276688445	178.20000000000002	158.4	26.400000000000002	201.85000000000002	184.8	36.300000000000004	1836.0
2227.0	187.83079416531623	180.32244732576982	28.851377633711504	184.25000000000003	176.0	25.85	191.4	184.25000000000003	31.35	617.0
2228.0	206.11119873817037	193.77465825446887	50.416666666666664	199.65	173.8	45.650000000000006	219.45000000000002	201.3	58.300000000000004	951.0
2229.0	208.70986842105248	196.76578947368412	51.120394736842115	200.20000000000002	176.55	45.1	223.3	204.05	56.650000000000006	836.0
2230.0	220.44792944785266	176.41503067484658	52.587423312883445	216.70000000000002	173.8	47.85	223.85000000000002	179.3	56.1	652.0
2231.0	223.9225274725275	178.9373626373626	51.81181318681319	220.55	175.45000000000002	48.400000000000006	226.60000000000002	183.15	56.650000000000006	546.0
2232.0	183.31854237288096	182.39230508474563	57.99461016949149	157.85000000000002	134.75	52.25000000000001	224.95000000000002	211.75000000000003	62.150000000000006	1475.0
2233.0	210.9376611418048	184.6581952117865	22.436556169429096	202.95000000000002	176.0	19.25	218.9	193.60000000000002	26.400000000000002	543.0
2234.0	213.38263810597536	182.71099210823024	28.191995490417145	202.95000000000002	175.45000000000002	23.1	218.9	193.60000000000002	32.45	887.0
2235.0	214.30398496240616	187.07278195488723	27.017819548872197	204.60000000000002	178.20000000000002	23.1	223.85000000000002	195.8	33.550000000000004	665.0
2236.0	206.59465592972182	189.1138360175696	81.07950219619327	189.20000000000002	166.65	77.55000000000001	227.15	209.55	84.7	683.0
2237.0	204.7677559912854	192.36220043572973	81.33169934640523	189.75000000000003	163.35000000000002	78.65	226.60000000000002	210.10000000000002	84.7	459.0
2238.0	215.80423728813582	186.71694915254264	82.08220338983051	211.75000000000003	184.25000000000003	78.10000000000001	220.55	189.20000000000002	87.45	649.0
2239.0	211.76466666666687	196.4810833333332	76.2355	205.15	181.50000000000003	73.7	223.3	205.15	79.75	600.0
2240.0	219.22402173913045	186.80391304347825	85.67744565217392	215.60000000000002	182.60000000000002	81.4	222.20000000000002	190.85000000000002	90.2	920.0
2241.0	216.86644736842106	189.08179824561404	73.27785087719299	203.50000000000003	177.65	70.95	224.95000000000002	206.25000000000003	75.9	684.0
2242.0	214.07175213675217	190.64363247863238	78.52965811965812	201.85000000000002	176.55	73.15	225.50000000000003	204.60000000000002	84.7	1170.0
2243.0	198.83390526824547	181.22433542774291	75.76628806186564	187.55	160.05	72.05000000000001	212.85000000000002	198.55	79.75	2069.0
2244.0	202.60618323081889	182.70309161540976	78.07436063450955	188.10000000000002	161.15	73.7	215.60000000000002	200.20000000000002	81.95	3089.0
2245.0	193.8747460757157	175.81209602954738	39.493859649122804	179.85000000000002	157.85000000000002	34.1	210.10000000000002	192.50000000000003	43.45	1083.0
2246.0	196.5595238095236	183.91109523809536	46.3597619047619	183.15	161.15	42.35	214.50000000000003	199.10000000000002	51.150000000000006	1050.0
2247.0	200.6582336956523	180.89201086956538	25.390869565217418	195.25000000000003	174.35000000000002	21.450000000000003	208.45000000000002	187.00000000000003	33.0	1840.0
2248.0	183.83853904282117	208.17430730478586	45.902141057934514	180.95000000000002	205.15	42.900000000000006	187.00000000000003	211.20000000000002	50.050000000000004	397.0
2249.0	219.47365591397852	171.25783410138263	46.17887864823348	185.9	156.20000000000002	42.900000000000006	233.20000000000002	213.95000000000002	51.7	651.0
2250.0	214.7545792079209	178.33545792079238	48.53069306930693	183.15	158.4	45.650000000000006	233.75000000000003	211.75000000000003	52.25000000000001	808.0
2251.0	176.9244872846597	185.28187038556186	47.13802296964725	152.9	132.0	42.900000000000006	224.4	211.20000000000002	51.150000000000006	1219.0
2252.0	179.99586956521742	161.13684782608695	51.54695652173913	141.9	119.9	46.75000000000001	216.15	205.70000000000002	55.550000000000004	460.0
2253.0	167.91057471264367	181.6314942528739	49.70061302681991	142.45000000000002	119.9	45.1	219.45000000000002	208.45000000000002	54.45	1305.0
2254.0	219.08690807799454	127.76699164345405	50.65362116991644	216.15	123.20000000000002	47.300000000000004	222.75000000000003	132.0	55.550000000000004	718.0
2255.0	204.64953810623552	141.87713625866053	52.7587182448037	150.70000000000002	123.75000000000001	47.85	219.45000000000002	205.70000000000002	58.85	866.0
2256.0	186.49850523168897	167.49925261584445	53.747907324364746	152.9	128.15	48.95	218.35000000000002	207.35000000000002	58.300000000000004	669.0
2257.0	198.55	166.97102510460257	47.04341004184101	156.20000000000002	129.25	44.0	231.00000000000003	213.4	50.050000000000004	478.0
2258.0	184.43270762229787	182.66632536973825	63.25875995449376	155.10000000000002	130.9	58.300000000000004	227.70000000000002	215.05	67.65	879.0
2259.0	196.80792410714275	165.06261160714314	65.0663504464286	156.20000000000002	129.25	61.050000000000004	225.50000000000003	212.3	68.75	896.0
2260.0	195.68187192118233	177.41157635467994	64.22970443349753	162.25	135.3	61.050000000000004	229.35000000000002	216.15	67.65	1015.0
2261.0	191.38286604361372	185.70124610591895	65.22297507788163	162.8	138.05	62.7	232.10000000000002	217.25000000000003	67.65	642.0
2262.0	208.41641221374044	164.89783715012743	67.83053435114505	165.0	137.5	66.55000000000001	232.10000000000002	217.25000000000003	69.30000000000001	393.0
2263.0	192.9965177398162	190.34770039421798	41.45670170827858	161.15	137.5	36.85	237.60000000000002	221.65	46.2	1522.0
2264.0	181.9125000000001	198.8889705882353	45.87058823529413	163.35000000000002	138.60000000000002	41.25	232.10000000000002	219.45000000000002	52.25000000000001	748.0
2265.0	172.03548158640217	205.18194050991485	31.38739376770538	166.10000000000002	200.75000000000003	28.05	176.0	209.00000000000003	35.2	706.0
2266.0	191.13462164361277	174.62656631407648	32.477298616761594	165.0	141.9	27.500000000000004	219.45000000000002	204.60000000000002	37.95	1229.0
2267.0	208.7492227979275	182.33497409326424	34.00310880829016	183.15	158.4	30.250000000000004	229.9	211.20000000000002	37.400000000000006	386.0
2268.0	190.35862403100776	208.10465116279067	32.06734496124031	185.9	205.15	28.6	194.70000000000002	211.75000000000003	35.2	516.0
2269.0	206.4494152046784	192.3964327485381	39.15035087719298	187.55	163.35000000000002	34.650000000000006	233.75000000000003	212.85000000000002	46.2	855.0
2270.0	193.56839080459773	210.78528735632185	32.48666666666667	190.3	207.9	29.700000000000003	196.9	213.95000000000002	36.85	435.0
2271.0	219.31786786786793	156.45930930930933	36.71621621621622	214.50000000000003	154.0	34.650000000000006	223.85000000000002	158.4	39.050000000000004	333.0
2272.0	217.71106382978726	128.3781914893617	62.57244680851062	215.05	125.4	58.85	220.55	132.0	65.45	470.0
2273.0	191.75480682839165	163.22695417789765	58.12556154537291	150.70000000000002	126.50000000000001	53.900000000000006	221.65	210.10000000000002	63.25000000000001	1113.0
2274.0	155.05011933174237	208.13102625298336	63.15286396181384	151.8	205.70000000000002	60.50000000000001	158.95000000000002	210.10000000000002	66.0	419.0
2275.0	199.83015184381787	165.0155097613882	65.4619305856833	163.35000000000002	132.55	63.25000000000001	223.85000000000002	211.75000000000003	67.65	461.0
2276.0	200.25906040268467	170.91859060402678	61.6465100671141	165.0	141.9	59.400000000000006	226.05	211.20000000000002	64.35000000000001	745.0
2277.0	186.05635451505037	189.01237458193984	65.54319955406912	166.10000000000002	144.10000000000002	61.60000000000001	224.4	210.65	68.2	897.0
2278.0	178.2349546044099	203.50000000000028	80.12166018158237	173.8	200.75000000000003	74.80000000000001	182.60000000000002	206.25000000000003	85.80000000000001	771.0
2279.0	202.30932062966036	178.70124275062136	80.50915492957746	176.55	149.60000000000002	75.35000000000001	223.3	207.9	86.9	1207.0
2280.0	193.46301115241639	169.58197026022307	13.886988847583643	179.85000000000002	158.4	11.55	202.4	184.25000000000003	15.950000000000001	269.0
2281.0	207.887917860554	173.84990448901635	19.742215854823307	186.45000000000002	158.4	15.400000000000002	221.65	200.20000000000002	24.200000000000003	1047.0
2282.0	205.69820846905534	162.26433224755695	14.403908794788284	202.4	158.95000000000002	12.100000000000001	209.55	165.0	17.05	307.0
2283.0	193.48637724550906	182.79925149700608	21.29191616766467	178.75000000000003	155.65	18.150000000000002	216.15	198.55	24.200000000000003	334.0
2284.0	195.28999999999994	190.94999999999996	21.79375000000002	183.15	155.65	19.25	221.10000000000002	205.70000000000002	25.3	440.0
2285.0	189.11038793103455	163.4325	15.699655172413793	176.0	152.35000000000002	12.100000000000001	199.10000000000002	179.3	18.700000000000003	1160.0
2286.0	155.7168471720816	182.87003610108303	20.815282791817115	150.15	179.3	17.05	161.15	187.55	23.650000000000002	831.0
2287.0	176.95549597855228	157.46809651474518	24.200000000000003	155.10000000000002	137.5	19.8	195.25000000000003	180.4	27.500000000000004	373.0
2288.0	174.04767080745367	165.77831262939947	22.21863354037267	157.3	135.3	17.6	200.20000000000002	185.9	25.85	966.0
2289.0	167.84688612099637	176.01565836298926	22.790747330960862	154.55	134.20000000000002	19.25	201.85000000000002	189.75000000000003	25.85	562.0
2290.0	183.62519999999978	161.95666666666688	22.401866666666685	161.15	136.95000000000002	19.8	204.05	191.95000000000002	24.750000000000004	375.0
2291.0	169.73652291105117	165.99326145552547	23.90053908355797	144.65	124.85000000000001	20.35	206.25000000000003	193.05	28.05	371.0
2292.0	184.66541313559333	154.89666313559346	25.717161016949138	149.60000000000002	127.05000000000001	21.450000000000003	209.55	193.60000000000002	30.250000000000004	944.0
2293.0	183.92518867924545	159.097358490566	23.882452830188676	155.10000000000002	130.9	20.900000000000002	205.15	193.60000000000002	28.05	530.0
2294.0	173.45021582733807	158.61050359712226	33.34187050359713	142.45000000000002	119.9	28.05	207.9	195.8	39.6	695.0
2295.0	145.32278287461781	200.09067278287475	31.085932721712545	141.35000000000002	196.9	28.6	151.8	202.4	33.550000000000004	327.0
2296.0	204.9230263157895	180.23421052631596	19.15131578947365	190.3	165.0	15.400000000000002	220.55	195.8	23.650000000000002	836.0
2297.0	214.50220883534138	169.08855421686738	19.455421686747	211.20000000000002	166.65	16.5	218.35000000000002	171.60000000000002	22.55	249.0
2298.0	193.6466884328358	164.33404850746265	21.589039179104464	169.95000000000002	145.75	17.6	216.15	191.4	26.400000000000002	1072.0
2299.0	177.68381877022662	195.98689320388362	24.135922330097074	172.70000000000002	190.85000000000002	22.0	182.05	201.85000000000002	26.950000000000003	618.0
2300.0	215.8880222841226	155.98857938718663	25.28008356545959	211.20000000000002	152.35000000000002	23.650000000000002	219.45000000000002	160.05	26.950000000000003	359.0
2301.0	211.84402573529405	161.25716911764704	22.41755514705884	206.25000000000003	157.3	18.700000000000003	217.8	164.45000000000002	25.85	544.0
2302.0	214.2006048387097	158.62620967741938	24.375201612903233	211.20000000000002	155.10000000000002	22.0	216.70000000000002	161.15	26.950000000000003	248.0
2303.0	194.80103046594988	166.58248207885313	19.618145161290347	176.0	151.8	14.850000000000001	209.00000000000003	187.55	24.750000000000004	1116.0
2304.0	185.21836065573777	180.6759016393442	22.47245901639345	173.25	153.45000000000002	20.35	212.3	193.05	25.3	305.0
2305.0	188.23045822102426	180.9544474393532	21.097169811320747	178.20000000000002	155.10000000000002	18.150000000000002	211.20000000000002	192.50000000000003	24.200000000000003	371.0
2306.0	196.63406593406586	180.8754578754578	19.09890109890109	184.25000000000003	161.15	15.950000000000001	215.05	195.8	22.0	546.0
2307.0	201.15395480226	172.5430790960453	15.943785310734464	188.10000000000002	161.70000000000002	13.200000000000001	210.65	190.3	18.700000000000003	354.0
2308.0	200.37094594594598	178.64966216216214	17.59070945945946	185.9	162.8	14.850000000000001	216.70000000000002	194.70000000000002	22.0	592.0
2309.0	195.20992063492054	138.54365079365036	43.05515873015873	138.05	116.05000000000001	35.2	215.60000000000002	203.50000000000003	52.25000000000001	1386.0
2310.0	182.89515706806287	152.58324607329848	37.746989528795815	140.25	117.7	30.250000000000004	213.95000000000002	201.85000000000002	43.45	382.0
2311.0	189.51457378551785	145.35779101741537	54.924381301558206	141.9	117.7	48.95	215.05	204.60000000000002	61.050000000000004	1091.0
2312.0	167.7706026058633	182.1198697068404	57.85480456026058	146.85000000000002	126.50000000000001	51.7	214.50000000000003	204.05	63.25000000000001	614.0
2313.0	175.77961672473862	171.48214285714278	58.136149825783974	145.75	123.20000000000002	53.900000000000006	216.70000000000002	205.70000000000002	63.25000000000001	574.0
2314.0	170.32260273972597	158.31506849315068	32.871232876712334	149.05	130.9	27.500000000000004	193.60000000000002	182.60000000000002	37.95	803.0
2315.0	152.50626740947087	185.0252089136491	33.134818941504186	148.5	182.05	29.700000000000003	157.3	189.20000000000002	36.85	718.0
2316.0	195.57542787286067	134.37212713936432	35.471638141809294	191.95000000000002	130.35000000000002	32.45	199.10000000000002	139.15	37.95	409.0
2317.0	173.42141255605384	163.5170964125563	28.070964125560547	159.5	140.25	24.200000000000003	193.05	181.50000000000003	31.900000000000002	892.0
2318.0	185.54988276670596	155.4855803048065	29.87731535756155	157.3	138.60000000000002	26.400000000000002	201.85000000000002	185.9	33.550000000000004	853.0
2319.0	174.95132408575014	152.34653215636837	47.172383354350586	141.9	125.95000000000002	41.25	198.55	191.4	52.25000000000001	793.0
2320.0	167.16567164179085	182.81417910447726	39.09925373134328	161.15	176.55	34.650000000000006	173.25	187.55	42.35	737.0
2321.0	171.76263992537332	174.45825559701467	29.752332089552247	166.65	169.95000000000002	23.650000000000002	177.10000000000002	179.85000000000002	35.2	1072.0
2322.0	193.1621019108279	154.1243630573246	32.34052547770701	185.9	151.8	28.6	198.55	157.3	35.75	628.0
2323.0	173.14423076923083	172.08137898686678	31.601782363977485	167.75	167.75	25.85	177.65	176.55	36.85	1066.0
2324.0	182.44883040935665	168.27212475633536	29.678557504873286	172.15	154.0	25.3	195.8	179.85000000000002	34.650000000000006	513.0
2325.0	146.0211267605634	186.17732394366186	37.69591549295774	143.0	182.60000000000002	34.650000000000006	149.60000000000002	189.75000000000003	39.6	355.0
2326.0	186.97475409836076	157.1575409836065	32.540163934426225	159.5	137.5	29.700000000000003	204.05	189.75000000000003	35.75	305.0
2327.0	189.67657766990294	154.3203883495145	35.06917475728156	158.4	135.85000000000002	31.35	205.15	194.15	37.400000000000006	412.0
2328.0	190.22064676616924	137.91865671641793	30.453855721393037	186.45000000000002	134.75	27.500000000000004	194.15	140.8	33.550000000000004	402.0
2329.0	186.9012037037036	165.77101851851853	27.70472222222223	163.9	150.15	22.55	201.3	193.60000000000002	34.1	540.0
2330.0	194.7456399437413	159.05365682137844	40.01075949367089	162.8	136.4	34.1	212.3	195.8	45.650000000000006	711.0
2331.0	213.8736111111111	156.23864379084952	36.90751633986928	210.65	152.9	33.550000000000004	216.70000000000002	161.15	40.150000000000006	612.0
2332.0	220.98667054714798	160.3400465657742	38.53713620488941	215.05	156.75	34.650000000000006	226.05	164.45000000000002	42.35	859.0
2333.0	202.53073770491804	180.25686475409842	34.59364754098361	180.95000000000002	160.60000000000002	31.35	222.20000000000002	201.85000000000002	37.400000000000006	488.0
2334.0	223.98824163969803	164.95550161812307	40.351132686084156	218.9	161.15	34.650000000000006	227.70000000000002	168.85000000000002	45.1	927.0
2335.0	191.3280147058825	158.8763970588237	21.969264705882363	172.15	149.60000000000002	18.700000000000003	200.75000000000003	183.70000000000002	24.750000000000004	680.0
2336.0	194.87294921875005	165.5661132812499	24.334277343749996	178.75000000000003	152.9	20.35	204.60000000000002	186.45000000000002	27.500000000000004	512.0
2337.0	194.64910447761213	172.23208955223882	25.442014925373144	178.75000000000003	158.4	22.0	208.45000000000002	187.55	28.6	670.0
2338.0	176.76349942062612	185.3047508690613	43.641830822711476	161.15	142.45000000000002	40.150000000000006	212.85000000000002	198.00000000000003	47.85	863.0
2339.0	146.65376884422085	192.14346733668313	47.45201005025126	143.0	189.20000000000002	45.1	150.15	195.25000000000003	50.050000000000004	398.0
2340.0	204.0375664893618	127.52393617021279	54.59993351063831	200.20000000000002	123.75000000000001	50.050000000000004	208.45000000000002	132.55	58.85	752.0
2341.0	194.90187130663142	162.03982271831885	22.339100459619196	171.60000000000002	148.5	17.6	209.00000000000003	189.75000000000003	26.400000000000002	1523.0
2342.0	196.57393247269118	188.28952333664344	41.08997020854022	176.0	152.35000000000002	34.650000000000006	228.8	213.4	46.75000000000001	1007.0
2343.0	210.62991886409753	171.12028397565902	38.68073022312373	177.65	151.8	33.550000000000004	228.8	210.10000000000002	41.800000000000004	493.0
2344.0	197.37670915411363	152.2824449594439	30.768134414831977	166.10000000000002	139.15	23.650000000000002	207.9	189.75000000000003	35.75	863.0
2345.0	184.0751213592232	167.74199029126234	27.13622572815535	167.20000000000002	146.3	23.650000000000002	203.50000000000003	187.55	30.800000000000004	824.0
2346.0	170.60354058721947	185.89620034542324	30.090414507772017	167.20000000000002	181.50000000000003	26.400000000000002	173.25	189.75000000000003	34.1	579.0
2347.0	173.47944785276064	187.52750511247459	25.98721881390592	169.4	183.70000000000002	23.1	177.65	190.85000000000002	29.150000000000002	489.0
2348.0	184.16164259927808	185.8930505415162	33.432851985559566	175.45000000000002	152.9	28.6	211.20000000000002	198.55	37.95	554.0
2349.0	190.29198250728876	182.46477162293465	28.116277939747327	178.20000000000002	155.10000000000002	25.3	212.85000000000002	198.00000000000003	31.900000000000002	1029.0
2350.0	198.59135999999992	164.4236	19.111839999999994	194.15	160.60000000000002	16.5	202.4	168.3	22.55	625.0
2351.0	192.05822580645165	167.62225806451616	19.278387096774196	182.05	161.70000000000002	16.5	198.55	176.55	22.0	620.0
2352.0	189.67907542579093	172.96094890510943	20.549391727493912	179.3	161.70000000000002	17.6	203.50000000000003	182.60000000000002	23.650000000000002	411.0
2353.0	185.10085470085468	177.15327635327628	19.01495726495726	182.05	174.35000000000002	17.05	188.10000000000002	180.4	22.0	351.0
2354.0	188.82062552831772	170.85240912933207	22.78803888419271	178.75000000000003	158.4	19.25	198.00000000000003	181.50000000000003	27.500000000000004	1183.0
2355.0	193.8793043478261	179.52669565217397	29.64165217391304	189.20000000000002	174.9	26.400000000000002	197.45000000000002	183.15	33.550000000000004	575.0
2356.0	200.15164429530194	168.89244966442936	36.01909395973155	177.10000000000002	155.10000000000002	31.35	214.50000000000003	197.45000000000002	40.150000000000006	1490.0
2357.0	194.51769230769233	180.3184615384616	38.96769230769232	178.20000000000002	158.4	33.0	214.50000000000003	198.55	44.550000000000004	715.0
2358.0	180.5155797101449	189.61847826086955	31.246376811594214	177.10000000000002	185.35000000000002	27.500000000000004	184.25000000000003	193.60000000000002	34.650000000000006	414.0
2359.0	187.19853658536627	193.9416260162602	29.681219512195117	180.95000000000002	190.85000000000002	26.400000000000002	193.05	196.9	34.1	615.0
2360.0	181.67560975609757	186.04390243902455	29.98170731707318	178.75000000000003	182.60000000000002	27.500000000000004	185.35000000000002	189.20000000000002	33.0	451.0
2361.0	195.38314873417715	175.58837025316478	30.304245780590712	180.4	158.95000000000002	25.3	210.10000000000002	190.85000000000002	34.650000000000006	1896.0
2362.0	207.75141745414112	175.3650083379654	35.7683435241801	191.95000000000002	161.15	31.900000000000002	216.15	194.15	39.6	1799.0
2363.0	199.96844325153396	177.05149539877317	40.47139570552147	177.10000000000002	156.75	34.650000000000006	220.00000000000003	202.4	46.75000000000001	1304.0
2364.0	213.25333333333336	177.37455284552848	25.160487804878038	195.25000000000003	169.4	20.900000000000002	220.00000000000003	195.8	28.6	615.0
2365.0	199.06700000000018	205.74230769230775	45.57215384615386	194.70000000000002	202.95000000000002	41.800000000000004	204.05	207.9	49.50000000000001	650.0
2366.0	216.47120000000004	184.77946666666668	50.71586666666667	193.60000000000002	168.3	47.300000000000004	231.55	209.00000000000003	53.35	375.0
2367.0	199.4624713958809	186.62074752097644	45.87948131197561	185.35000000000002	158.4	40.150000000000006	225.50000000000003	204.60000000000002	52.25000000000001	1311.0
2368.0	169.72590361445776	214.9777108433735	43.96265060240964	162.25	209.55	39.6	177.65	219.45000000000002	48.400000000000006	913.0
2369.0	228.23598200899548	137.5173163418291	47.67601199400301	224.95000000000002	134.75	43.45	232.10000000000002	140.8	51.7	667.0
2370.0	199.35545545545554	181.8118868868869	57.100900900900925	170.5	139.15	51.7	230.45000000000002	216.15	62.150000000000006	1998.0
2371.0	203.25746382330547	182.56900228484363	38.80872048743336	173.8	146.3	34.650000000000006	234.3	218.35000000000002	42.35	1313.0
2372.0	210.70092592592584	172.67644675925933	41.614120370370365	172.70000000000002	146.3	38.5	232.65	216.70000000000002	44.0	864.0
2373.0	203.82712418300656	202.18431372549026	36.13032679738563	199.10000000000002	199.10000000000002	28.6	209.55	206.25000000000003	41.800000000000004	765.0
2374.0	210.03125000000003	195.70060240963858	32.938704819277106	199.10000000000002	173.25	27.500000000000004	231.00000000000003	206.8	41.25	664.0
2375.0	229.80729058945192	174.72766287487076	43.721302998965875	225.50000000000003	171.05	37.400000000000006	233.75000000000003	178.20000000000002	48.400000000000006	967.0
2376.0	186.45804878048776	178.44146341463426	15.336951219512198	181.50000000000003	173.8	13.200000000000001	190.85000000000002	182.60000000000002	17.05	410.0
2377.0	208.86509433962271	162.79716981132074	28.962264150943394	204.05	158.4	25.85	214.50000000000003	167.20000000000002	32.45	583.0
2378.0	206.92107243650048	180.68871119473195	27.6241768579492	188.10000000000002	166.10000000000002	21.450000000000003	219.45000000000002	195.8	33.0	1063.0
2379.0	203.17164179104475	182.0729850746268	31.772761194029847	184.8	163.9	26.400000000000002	220.00000000000003	198.00000000000003	35.2	670.0
2380.0	188.92768292682936	194.41426829268303	35.98341463414634	183.70000000000002	191.95000000000002	33.550000000000004	194.15	196.35000000000002	38.5	410.0
2381.0	213.7784946236559	164.12275985663084	41.50232974910395	210.65	161.70000000000002	39.050000000000004	217.8	167.75	44.0	279.0
2382.0	185.12715185444353	173.73957312806155	28.17855143456961	174.9	156.20000000000002	23.1	196.9	183.70000000000002	32.45	1429.0
2383.0	197.26320754716988	163.45566037735858	29.367924528301884	193.05	157.85000000000002	24.750000000000004	200.20000000000002	168.3	33.0	583.0
2384.0	194.52810143934198	168.7938313913638	26.28163125428376	178.75000000000003	154.55	20.35	204.05	185.9	30.800000000000004	1459.0
2385.0	202.46193693693698	160.62229729729722	29.501801801801804	198.00000000000003	157.3	25.85	206.25000000000003	165.55	32.45	444.0
2386.0	197.2251637043966	181.96973807296519	23.774508886810096	187.55	166.10000000000002	18.700000000000003	212.3	191.95000000000002	28.05	1069.0
2387.0	183.70360201511338	169.87879093198984	31.328942065491184	173.8	155.65	25.3	197.45000000000002	183.70000000000002	35.75	1985.0
2388.0	164.1119153674834	201.66380846325166	55.67494432071268	156.75	198.55	53.35	171.05	204.05	58.300000000000004	449.0
2389.0	197.73864503816813	176.3957061068704	31.568320610687035	187.00000000000003	164.45000000000002	25.85	206.8	187.00000000000003	36.85	1048.0
2390.0	203.04612748457845	173.92816997943768	28.89252912954082	191.95000000000002	167.75	23.1	208.45000000000002	185.9	34.1	1459.0
2391.0	198.33581213307244	186.85362035225066	30.254305283757336	195.25000000000003	184.25000000000003	27.500000000000004	202.4	190.3	33.0	511.0
2392.0	201.95055066079303	159.49999999999994	61.95495594713659	156.75	132.55	58.300000000000004	223.85000000000002	211.20000000000002	64.9	908.0
2393.0	220.7301488833747	136.32630272952855	59.41910669975186	217.8	132.0	56.1	223.85000000000002	141.35000000000002	62.150000000000006	403.0
2394.0	198.5283805031446	167.70676100628933	61.43223270440254	160.05	134.75	58.300000000000004	226.05	214.50000000000003	64.9	636.0
2395.0	187.1431766055044	180.49713302752266	52.700344036697246	158.95000000000002	136.4	47.85	223.85000000000002	211.75000000000003	56.650000000000006	872.0
2396.0	192.02836787564772	179.30237478411053	52.859369602763394	163.9	139.70000000000002	48.95	225.50000000000003	212.3	56.1	1158.0
2397.0	175.63051282051273	207.8567521367522	58.66572649572651	171.60000000000002	205.15	55.00000000000001	179.3	210.65	62.7	585.0
2398.0	201.80675300647525	175.38233117483784	62.68829787234044	172.70000000000002	147.95000000000002	59.400000000000006	226.05	210.10000000000002	66.55000000000001	1081.0
2399.0	209.9228687415426	181.30351826792977	23.198240866035224	192.50000000000003	167.20000000000002	18.150000000000002	223.85000000000002	200.20000000000002	28.6	739.0
2400.0	205.76666666666682	192.7528985507247	29.06449275362316	188.65	167.20000000000002	23.650000000000002	229.35000000000002	207.35000000000002	36.85	759.0
2401.0	210.75570032573293	182.3653094462541	22.366069489685096	196.9	170.5	18.150000000000002	222.20000000000002	198.55	26.950000000000003	921.0
2402.0	208.6367346938777	184.86530612244917	28.412244897959187	194.70000000000002	167.20000000000002	24.200000000000003	223.85000000000002	199.65	34.650000000000006	539.0
2403.0	209.0478978978979	186.20720720720715	25.083633633633628	199.65	172.15	21.450000000000003	221.65	195.8	29.150000000000002	333.0
2404.0	219.07261469752336	184.04053999187977	34.38850994721884	206.25000000000003	177.10000000000002	26.950000000000003	226.05	197.45000000000002	42.900000000000006	2463.0
2405.0	215.5030769230769	191.59538461538463	34.21769230769231	205.15	177.10000000000002	29.150000000000002	227.15	201.3	41.800000000000004	715.0
2406.0	184.97532467532443	201.88116883116876	83.38831168831169	177.10000000000002	198.55	77.0	194.15	207.35000000000002	86.9	847.0
2407.0	219.9223282442748	160.0940839694659	92.03893129770992	217.8	155.65	90.75000000000001	222.20000000000002	165.0	93.50000000000001	262.0
2408.0	196.31105150214594	204.41706008583688	84.19484978540773	193.05	201.3	80.85000000000001	201.3	208.45000000000002	87.45	466.0
2409.0	212.05114436619724	188.5338028169013	85.47174295774649	196.35000000000002	170.5	81.4	226.05	206.25000000000003	90.2	568.0
2410.0	209.43232558139547	189.50356589147285	87.84651162790699	192.50000000000003	167.75	84.15	226.05	206.8	91.85000000000001	645.0
2411.0	207.37594339622638	193.35267295597492	89.8627358490566	197.45000000000002	172.70000000000002	87.45	223.85000000000002	204.60000000000002	91.85000000000001	318.0
2412.0	217.2844000000002	173.59760000000023	62.643600000000035	189.75000000000003	162.25	57.2	227.15	206.8	66.55000000000001	1375.0
2413.0	192.00701219512197	204.5932926829268	61.777743902439035	188.65	202.4	58.85	195.8	206.8	64.35000000000001	328.0
2414.0	171.5443037974684	200.2009945750452	60.04249547920435	167.20000000000002	198.00000000000003	56.1	175.45000000000002	202.4	64.35000000000001	553.0
2415.0	207.87773136246776	199.97660668380465	69.64569408740361	199.65	180.4	64.9	222.20000000000002	207.9	74.80000000000001	1556.0
2416.0	210.77856079404472	187.22682382133988	40.78516129032258	201.85000000000002	180.4	36.300000000000004	220.00000000000003	192.50000000000003	46.2	2015.0
2417.0	217.17096296296262	192.73059259259247	60.82918518518518	203.50000000000003	179.85000000000002	57.2	228.25000000000003	207.35000000000002	64.35000000000001	675.0
2418.0	213.02594086021503	187.01145833333328	63.100302419354826	204.05	172.70000000000002	41.800000000000004	220.55	199.10000000000002	83.60000000000001	1488.0
2419.0	219.9084005869405	188.6750183418928	55.9628026412326	208.45000000000002	180.4	49.50000000000001	226.60000000000002	204.05	61.050000000000004	1363.0
2420.0	209.97165546731844	188.54450213805728	82.86420281001833	193.60000000000002	168.3	76.45	226.05	209.00000000000003	86.9	1637.0
2421.0	199.73564476885662	203.08783454987827	79.77274939172749	195.8	200.75000000000003	76.45	203.50000000000003	205.70000000000002	82.5	411.0
2422.0	209.64567708333328	194.15401041666658	80.45411458333334	197.45000000000002	173.8	74.80000000000001	224.95000000000002	209.00000000000003	85.80000000000001	960.0
2423.0	213.9182080924854	191.12420520231174	80.80628612716768	204.05	180.95000000000002	73.7	224.4	205.15	85.80000000000001	1384.0
2424.0	213.17844733984808	188.10597176981537	85.51992399565691	201.85000000000002	179.3	81.4	220.55	201.85000000000002	89.65	921.0
2425.0	200.17460964018989	180.32569585879173	41.39860828241684	186.45000000000002	162.8	34.1	213.95000000000002	192.50000000000003	48.400000000000006	1473.0
2426.0	204.6996331828444	182.035411963883	40.19221218961626	194.15	170.5	33.0	215.05	194.15	45.650000000000006	1772.0
2427.0	195.6590163934427	183.86475409836063	34.12049180327869	190.3	180.4	31.900000000000002	201.85000000000002	187.55	36.300000000000004	671.0
2428.0	204.11130298273144	180.96813186813202	37.457849293563584	200.75000000000003	177.10000000000002	34.650000000000006	207.35000000000002	184.8	41.25	637.0
2429.0	207.72177215189902	186.17569620253175	58.668059071729964	189.20000000000002	165.55	54.45	227.70000000000002	209.55	63.25000000000001	1185.0
2430.0	219.46390449438198	180.73988764044938	56.32247191011237	193.05	167.75	50.6	231.00000000000003	210.65	61.050000000000004	356.0
2431.0	218.274039087948	173.12315960912042	58.05456026058632	187.00000000000003	160.05	51.150000000000006	231.55	210.65	62.7	1535.0
2432.0	211.92536231884068	190.57181159420287	36.14376811594203	200.20000000000002	174.9	28.6	226.60000000000002	202.4	42.35	690.0
2433.0	191.8611038107753	149.74382391590015	36.04270696452037	145.20000000000002	122.10000000000001	30.250000000000004	215.60000000000002	200.20000000000002	40.7	761.0
2434.0	178.72099156118145	167.63106540084405	42.92494725738396	144.10000000000002	123.20000000000002	37.95	216.70000000000002	205.15	52.25000000000001	948.0
2435.0	182.19236334405127	166.32371382636666	45.23086816720258	144.10000000000002	123.75000000000001	39.050000000000004	220.55	206.25000000000003	49.50000000000001	622.0
2436.0	196.8116192830655	160.11186650185422	49.22262051915945	151.25	127.05000000000001	44.550000000000004	225.50000000000003	210.65	54.45	809.0
2437.0	192.8968120805371	171.40682326621953	46.09172259507831	154.55	129.8	43.45	227.70000000000002	213.95000000000002	49.50000000000001	894.0
2438.0	221.13007812500007	135.35263671875	52.58300781250001	217.8	133.10000000000002	48.95	224.4	138.05	56.650000000000006	512.0
2439.0	199.6073394495414	188.17431192660564	46.79128440366972	171.05	145.75	41.800000000000004	235.95000000000002	219.45000000000002	51.150000000000006	1199.0
2440.0	211.45739999999998	183.01689999999994	43.964800000000004	174.9	149.05	37.95	238.70000000000002	221.65	48.95	500.0
2441.0	218.0629597197898	171.3563047285463	46.4591068301226	174.35000000000002	145.75	41.800000000000004	238.70000000000002	221.65	51.150000000000006	571.0
2442.0	197.2988172920065	156.22915986949434	31.34551386623165	154.55	128.15	26.950000000000003	220.55	205.70000000000002	34.650000000000006	1226.0
2443.0	214.38391003460208	138.60000000000002	30.434602076124577	211.20000000000002	134.75	29.150000000000002	218.35000000000002	142.45000000000002	31.900000000000002	289.0
2444.0	162.85878859857476	206.121971496437	29.359026128266038	160.05	202.4	26.400000000000002	166.10000000000002	210.65	31.900000000000002	421.0
2445.0	185.87374701670655	169.9526252983294	31.822553699284015	152.35000000000002	124.85000000000001	28.6	223.85000000000002	207.9	35.2	419.0
2446.0	169.2094488188975	203.5216535433071	33.06784776902887	165.0	199.65	29.700000000000003	173.25	207.35000000000002	35.75	381.0
2447.0	210.82557003257335	154.2078175895768	33.37681867535288	166.10000000000002	136.95000000000002	30.250000000000004	223.3	207.9	37.400000000000006	921.0
2448.0	191.0674868189808	181.41445518453438	28.526054481546552	172.15	147.95000000000002	25.3	221.10000000000002	204.05	31.35	1138.0
2449.0	194.81085271317824	182.20633074935392	27.3593023255814	173.8	150.15	25.3	223.85000000000002	205.15	30.250000000000004	387.0
2450.0	177.4151685393258	205.60730337078627	30.518820224719097	174.9	202.95000000000002	28.05	180.4	209.55	33.0	356.0
2451.0	180.54939024390225	208.09634146341457	30.25000000000001	176.55	203.50000000000003	26.950000000000003	184.25000000000003	211.75000000000003	34.1	902.0
2452.0	208.04102564102564	175.86837606837602	34.63119658119658	177.10000000000002	153.45000000000002	30.250000000000004	228.8	212.3	39.050000000000004	468.0
2453.0	218.57758620689648	158.86724137931034	34.61724137931035	215.05	154.55	30.800000000000004	222.20000000000002	161.70000000000002	37.400000000000006	319.0
2454.0	218.12726244343892	167.03823529411764	33.95814479638009	184.8	155.65	29.700000000000003	226.60000000000002	207.35000000000002	37.95	884.0
2455.0	215.1021052631579	174.57771929824565	36.512280701754385	182.05	158.95000000000002	33.0	230.45000000000002	207.35000000000002	40.150000000000006	570.0
2456.0	183.47790973871741	206.38194774346795	79.45997624703088	180.4	204.05	73.7	186.45000000000002	209.00000000000003	83.60000000000001	421.0
2457.0	150.2164987405543	186.62594458438298	26.34458438287153	145.75	183.15	23.650000000000002	155.10000000000002	190.85000000000002	29.700000000000003	397.0
2458.0	198.55435356200525	132.03047493403696	28.752374670184693	195.25000000000003	128.15	25.85	201.3	135.3	31.35	379.0
2459.0	154.5810654685493	186.6109756097557	27.153337612323504	147.95000000000002	182.05	24.200000000000003	160.05	190.3	29.700000000000003	779.0
2460.0	200.87368421052642	136.3092105263158	28.851315789473677	198.00000000000003	131.45000000000002	26.400000000000002	204.05	141.35000000000002	31.35	418.0
2461.0	176.3614285714284	176.45857142857133	25.80999999999999	158.95000000000002	137.5	22.0	209.55	195.8	29.150000000000002	385.0
2462.0	162.64395348837215	164.93732558139533	30.152790697674433	140.8	124.85000000000001	24.200000000000003	198.00000000000003	187.55	35.2	430.0
2463.0	187.77260556127706	140.74052523171983	30.177497425334707	144.10000000000002	123.20000000000002	23.1	202.95000000000002	190.3	34.650000000000006	971.0
2464.0	173.9199410609042	161.37637524557962	28.21586444007857	144.65	122.10000000000001	22.0	208.45000000000002	195.25000000000003	35.2	1018.0
2465.0	156.82974413646065	179.7503198294244	30.436460554371006	144.10000000000002	123.75000000000001	26.400000000000002	204.60000000000002	195.25000000000003	36.300000000000004	469.0
2466.0	148.72218543046344	195.29735099337745	28.757836644591613	144.10000000000002	191.95000000000002	25.85	152.35000000000002	198.00000000000003	31.35	453.0
2467.0	169.25311572700292	162.22307121661734	36.348145400593474	142.45000000000002	124.30000000000001	31.35	204.05	191.4	41.800000000000004	674.0
2468.0	183.99649837133555	149.77377850162867	36.05903908794789	141.9	122.65	31.35	207.9	196.35000000000002	40.150000000000006	614.0
2469.0	144.31036324786322	192.63514957264954	35.14711538461539	140.25	189.20000000000002	32.45	147.95000000000002	196.9	37.400000000000006	468.0
2470.0	208.9272988505747	122.86810344827587	35.68520114942529	205.70000000000002	118.80000000000001	33.550000000000004	212.3	126.50000000000001	37.95	348.0
2471.0	204.2184243964422	141.57992376111844	29.30235069885643	155.10000000000002	127.60000000000001	25.3	213.4	198.55	32.45	787.0
2472.0	207.9273946360153	175.22662835249045	17.75172413793104	191.4	165.0	14.850000000000001	217.25000000000003	196.35000000000002	20.35	261.0
2473.0	197.75947761194027	187.71212686567173	25.384552238805988	180.95000000000002	154.55	20.900000000000002	225.50000000000003	206.8	31.35	1340.0
2474.0	223.6950704225353	163.12825704225347	25.98943661971832	218.35000000000002	158.4	22.55	228.8	169.95000000000002	30.800000000000004	568.0
2475.0	211.12970954356842	178.56240663900397	24.227842323651434	189.75000000000003	161.15	16.5	225.50000000000003	206.25000000000003	30.250000000000004	1205.0
2476.0	207.34425087108016	161.94721254355397	20.108536585365844	202.95000000000002	158.4	17.6	211.75000000000003	164.45000000000002	22.55	287.0
2477.0	192.5462740384614	183.676201923077	20.638221153846146	184.25000000000003	161.15	17.6	210.10000000000002	193.05	23.650000000000002	416.0
2478.0	171.047127937337	179.24686684073092	19.000130548302877	167.75	176.55	14.850000000000001	173.8	182.05	22.55	383.0
2479.0	192.03475409836062	143.44360655737725	26.816557377049186	188.65	141.35000000000002	24.200000000000003	195.25000000000003	146.3	30.250000000000004	305.0
2480.0	174.52934782608685	158.85285326086958	47.91127717391304	144.10000000000002	128.70000000000002	44.0	204.05	189.75000000000003	51.7	368.0
2481.0	152.5976415094339	186.33018867924534	42.39905660377359	146.3	181.50000000000003	39.050000000000004	158.95000000000002	190.3	45.1	1166.0
2482.0	198.08559602649012	131.4245033112583	47.84878587196468	193.05	126.50000000000001	44.550000000000004	204.05	135.85000000000002	51.150000000000006	906.0
2483.0	177.06560137457043	168.80728522336767	48.926185567010315	150.70000000000002	130.9	43.45	211.75000000000003	199.10000000000002	56.650000000000006	1455.0
2484.0	188.681296101159	160.53856691253932	39.90542676501581	166.65	146.3	36.300000000000004	202.4	187.00000000000003	44.0	949.0
2485.0	194.3499077490776	148.48071955719553	43.40027675276753	189.75000000000003	145.20000000000002	41.25	200.20000000000002	151.25	45.650000000000006	542.0
2486.0	160.3725855130783	185.15412474849091	32.22092555331992	155.65	180.95000000000002	29.150000000000002	165.55	191.4	35.75	994.0
2487.0	196.64533073929962	143.76400778210117	33.64523346303502	192.50000000000003	140.25	31.35	200.20000000000002	147.4	36.300000000000004	514.0
2488.0	194.3378242074926	144.33695965417877	31.338112391930846	157.3	133.65	27.500000000000004	203.50000000000003	187.55	34.650000000000006	694.0
2489.0	178.66424731182795	179.81648745519706	43.10600358422939	156.75	137.5	37.400000000000006	218.9	201.3	50.050000000000004	1116.0
2490.0	212.08223981900449	141.50305429864238	41.12680995475112	208.45000000000002	138.05	37.95	214.50000000000003	145.20000000000002	44.550000000000004	442.0
2491.0	179.7475708502022	171.06558704453448	47.61693657219974	151.8	133.65	41.25	213.4	200.75000000000003	52.800000000000004	741.0
2492.0	180.92430997876866	174.1946921443739	49.532696390658174	155.10000000000002	134.20000000000002	46.2	215.60000000000002	201.85000000000002	52.800000000000004	471.0
2493.0	177.36176778242665	185.92646443514647	34.717887029288704	162.8	141.9	30.250000000000004	213.4	200.75000000000003	38.5	956.0
2494.0	184.3133018867925	189.78735849056602	35.801886792452834	172.70000000000002	146.3	32.45	218.35000000000002	204.60000000000002	39.050000000000004	530.0
2495.0	173.1235632183908	178.85172413793077	42.01954022988506	154.0	134.75	37.400000000000006	210.65	198.55	46.75000000000001	957.0
2496.0	197.44035764375855	154.42812061711084	42.39435483870968	157.85000000000002	137.5	37.400000000000006	210.10000000000002	199.10000000000002	47.300000000000004	1426.0
2497.0	171.2489041095891	192.7456164383562	34.02465753424658	168.3	188.10000000000002	31.900000000000002	173.8	196.35000000000002	36.300000000000004	365.0
2498.0	187.46422018348625	175.61903669724768	36.00649847094802	171.05	150.15	32.45	212.3	195.25000000000003	41.25	654.0
2499.0	159.5058303886926	189.50901060070677	28.70494699646644	155.65	187.00000000000003	26.400000000000002	163.35000000000002	192.50000000000003	30.800000000000004	283.0
2500.0	151.3360189573461	195.957701421801	30.631872037914693	146.85000000000002	193.60000000000002	28.6	156.20000000000002	198.55	32.45	422.0
2501.0	187.99993638676852	155.85992366412216	32.9118320610687	150.70000000000002	128.70000000000002	28.6	211.20000000000002	195.8	36.85	786.0
2502.0	210.11538461538467	130.51057692307694	33.23173076923077	206.25000000000003	124.85000000000001	30.800000000000004	213.4	135.3	35.75	572.0
2503.0	198.6228310502284	181.10382420091312	26.389954337899553	178.75000000000003	152.9	22.55	222.20000000000002	202.4	30.800000000000004	876.0
2504.0	206.75533980582512	186.0723300970874	25.55582524271842	188.10000000000002	164.45000000000002	18.150000000000002	227.15	206.25000000000003	30.800000000000004	1133.0
2505.0	192.03866120218575	201.62759562841535	27.962841530054646	187.55	199.10000000000002	25.3	195.8	204.60000000000002	30.800000000000004	366.0
2506.0	203.59577114427873	159.1388059701491	22.090298507462713	200.20000000000002	154.55	16.5	206.8	165.0	25.3	402.0
2507.0	206.40897009966775	174.2796511627906	24.282225913621254	185.35000000000002	162.25	18.150000000000002	219.45000000000002	195.8	28.6	602.0
2508.0	212.94464285714287	135.59464285714287	46.14642857142859	210.65	133.10000000000002	44.0	215.05	138.60000000000002	48.95	308.0
2509.0	191.4571536144578	166.64337349397576	47.1467620481928	156.75	134.75	44.0	217.8	203.50000000000003	50.050000000000004	664.0
2510.0	193.69103009259265	147.90162037037038	37.37708333333334	153.45000000000002	128.70000000000002	31.900000000000002	209.00000000000003	197.45000000000002	41.25	864.0
2511.0	175.27310810810812	168.0666216216217	35.83398648648649	146.3	127.05000000000001	30.800000000000004	213.4	199.10000000000002	40.7	740.0
2512.0	150.83630434782594	196.2415942028986	38.15565217391304	145.75	193.05	35.2	155.65	199.10000000000002	41.800000000000004	690.0
2513.0	198.30312500000005	138.0260416666667	42.147916666666674	141.9	118.80000000000001	35.2	215.60000000000002	202.4	47.85	1056.0
2514.0	186.85380747126433	151.04374999999996	48.62284482758622	143.0	119.9	43.45	212.85000000000002	200.75000000000003	55.00000000000001	696.0
2515.0	214.11115591397854	122.66330645161291	49.121505376344096	211.75000000000003	119.9	45.1	216.15	124.85000000000001	53.35	372.0
2516.0	175.09844097995523	202.8728285077951	38.95363771343726	164.45000000000002	139.70000000000002	34.650000000000006	227.15	214.50000000000003	44.0	1347.0
2517.0	220.94285714285704	147.59849624060163	39.117543859649125	217.25000000000003	144.10000000000002	37.400000000000006	223.85000000000002	151.25	41.25	399.0
2518.0	182.406308851224	174.52090395480218	28.311016949152545	166.10000000000002	145.20000000000002	24.750000000000004	207.35000000000002	195.25000000000003	30.250000000000004	531.0
2519.0	204.48584905660377	150.04207547169807	28.939339622641512	199.65	147.4	25.3	209.00000000000003	152.9	33.0	530.0
2520.0	172.7028871391075	193.41089238845151	29.326115485564305	169.95000000000002	190.3	26.950000000000003	176.0	196.35000000000002	31.900000000000002	381.0
2521.0	184.01402027027032	176.86402027027017	31.916722972972973	168.3	146.85000000000002	29.150000000000002	210.10000000000002	195.8	36.85	592.0
2522.0	196.66897018970198	165.42479674796755	31.211382113821145	168.85000000000002	146.3	28.05	214.50000000000003	198.00000000000003	34.1	369.0
2523.0	211.05740740740742	146.5066137566138	33.28227513227513	207.35000000000002	144.65	30.800000000000004	214.50000000000003	148.5	34.650000000000006	189.0
2524.0	200.77981029810314	151.75677506775068	32.12953929539296	196.9	149.05	28.6	205.15	154.0	35.75	369.0
2525.0	203.50914127423832	150.44404432132978	32.33421052631579	199.10000000000002	147.4	28.05	207.35000000000002	153.45000000000002	35.2	361.0
2526.0	190.03544303797457	192.7193037974683	25.25474683544304	183.15	189.20000000000002	22.0	194.15	196.35000000000002	27.500000000000004	316.0
2527.0	194.43346153846161	190.0408653846154	30.619134615384624	183.70000000000002	162.8	25.3	218.9	200.20000000000002	35.2	520.0
2528.0	208.7217317487266	154.53132427843798	32.189473684210526	205.15	151.25	26.950000000000003	212.3	157.3	36.300000000000004	589.0
2529.0	193.12492753623178	171.90528985507262	31.50623188405796	172.70000000000002	150.15	27.500000000000004	215.05	198.00000000000003	35.2	690.0
2530.0	174.73469101123595	191.17598314606755	32.10702247191011	172.15	187.55	29.150000000000002	177.10000000000002	196.9	34.650000000000006	356.0
2531.0	194.03279400157857	174.31266771902125	29.141752170481453	172.70000000000002	150.15	24.750000000000004	214.50000000000003	198.55	34.1	1267.0
2532.0	207.5576923076924	170.1093406593408	30.72582417582417	184.25000000000003	155.10000000000002	24.750000000000004	217.8	200.20000000000002	36.300000000000004	1001.0
2533.0	183.42953296703294	167.3516025641026	24.99226190476193	174.35000000000002	153.45000000000002	21.450000000000003	193.60000000000002	179.3	29.700000000000003	1092.0
2534.0	184.5706896551725	163.28103448275866	19.996551724137944	175.45000000000002	154.55	16.5	190.3	176.55	23.1	319.0
2535.0	191.4030898876404	158.39536516853934	19.664044943820226	188.10000000000002	154.55	17.6	194.70000000000002	162.25	21.450000000000003	356.0
2536.0	186.52167352537728	166.24485596707822	21.214609053497956	177.65	155.10000000000002	17.05	194.70000000000002	178.20000000000002	25.85	729.0
2537.0	182.77230843840925	173.54820562560622	36.70809893307469	172.70000000000002	152.9	32.45	198.00000000000003	185.9	41.800000000000004	1031.0
2538.0	186.5483275663207	175.05288350634368	37.42156862745099	170.5	154.55	31.900000000000002	210.65	189.20000000000002	44.0	867.0
2539.0	195.0986021505377	167.29107526881725	46.94279569892475	168.85000000000002	144.65	44.0	212.85000000000002	199.65	50.050000000000004	465.0
2540.0	192.9414473684211	188.0674342105262	29.006469298245623	188.65	185.35000000000002	26.400000000000002	196.9	190.85000000000002	32.45	456.0
2541.0	189.19637362637357	192.42384615384617	34.61010989010989	184.25000000000003	189.75000000000003	30.250000000000004	195.25000000000003	195.25000000000003	37.95	455.0
2542.0	190.88992490613276	181.63113266583267	46.451251564455575	172.70000000000002	152.9	41.25	218.9	200.75000000000003	51.150000000000006	1598.0
2543.0	185.20271966527207	195.16715481171556	42.077301255230125	180.95000000000002	191.4	37.95	190.85000000000002	199.10000000000002	46.75000000000001	478.0
2544.0	223.31063988095224	153.37961309523817	51.751562500000006	215.60000000000002	150.15	49.50000000000001	231.00000000000003	157.3	54.45	672.0
2545.0	210.51040609137053	173.3868020304569	48.78807106598986	178.75000000000003	151.8	43.45	229.35000000000002	212.85000000000002	51.7	591.0
2546.0	208.5432713347921	187.81777899343558	29.51044857768052	198.00000000000003	172.15	24.200000000000003	221.10000000000002	198.55	34.650000000000006	914.0
2547.0	223.59982471516219	171.1030236634532	54.858282208588946	218.35000000000002	167.20000000000002	50.6	228.25000000000003	175.45000000000002	59.400000000000006	1141.0
2548.0	204.67731629392972	192.9979872204473	40.91789137380192	192.50000000000003	166.65	27.500000000000004	229.35000000000002	207.35000000000002	51.150000000000006	1565.0
2549.0	220.49547187797907	153.97797902764512	50.318446139180175	167.20000000000002	140.8	46.2	232.10000000000002	216.15	54.45	1049.0
2550.0	194.05785340314154	191.91667913238564	49.560882572924456	170.5	145.75	45.1	232.10000000000002	215.60000000000002	53.35	1337.0
2551.0	206.28479318734801	179.69008515815077	52.17104622871048	175.45000000000002	146.85000000000002	47.85	231.55	218.35000000000002	55.550000000000004	822.0
2552.0	213.9624024284476	174.26079791847368	49.96079791847355	174.9	149.05	44.550000000000004	235.4	218.9	53.900000000000006	1153.0
2553.0	218.0167164179104	164.44343283582103	51.05039800995025	172.70000000000002	141.9	44.550000000000004	235.4	218.9	55.00000000000001	1005.0
2554.0	197.39918851435746	174.97965043695376	58.15855181023723	166.65	141.9	54.45	226.05	211.75000000000003	60.50000000000001	801.0
2555.0	207.77301587301588	187.4928571428571	32.11349206349207	191.95000000000002	168.3	26.950000000000003	224.4	204.05	36.85	693.0
2556.0	214.5064489112229	182.46319095477392	35.77164991624791	193.60000000000002	169.95000000000002	30.250000000000004	227.15	203.50000000000003	42.900000000000006	1194.0
2557.0	212.54778156996588	189.2685153583618	40.56672354948806	195.8	170.5	36.300000000000004	229.35000000000002	207.35000000000002	46.75000000000001	586.0
2558.0	203.1835234474018	197.98954372623564	32.18022813688213	196.35000000000002	172.70000000000002	26.950000000000003	228.25000000000003	204.60000000000002	37.95	789.0
2559.0	206.5305628847846	197.52981530343015	36.50026385224275	195.25000000000003	169.95000000000002	30.250000000000004	229.9	209.55	40.150000000000006	1137.0
2560.0	218.9379795396419	181.519693094629	39.75719309462916	192.50000000000003	168.85000000000002	30.250000000000004	233.20000000000002	208.45000000000002	47.300000000000004	1564.0
2561.0	196.20253623188407	208.9853864734297	39.49371980676328	192.50000000000003	206.25000000000003	35.75	200.20000000000002	211.20000000000002	42.35	414.0
2562.0	184.54787775891344	180.81553480475392	19.896179966044148	176.0	176.55	16.5	191.4	184.8	24.750000000000004	589.0
2563.0	198.7203539823009	158.68554572271398	19.791887905604717	193.60000000000002	154.0	16.5	203.50000000000003	162.8	23.650000000000002	678.0
2564.0	193.3983855650523	176.7171415004747	21.428062678062663	180.95000000000002	160.60000000000002	18.150000000000002	207.35000000000002	187.00000000000003	25.3	1053.0
2565.0	196.3044452887539	178.9330547112463	22.690007598784206	183.70000000000002	162.25	18.700000000000003	211.75000000000003	192.50000000000003	26.400000000000002	1316.0
2566.0	214.12932773109247	165.77000000000012	37.53033613445378	209.55	162.25	33.550000000000004	218.9	169.4	41.25	595.0
2567.0	214.10981132075466	169.23707547169795	39.53669811320755	211.20000000000002	165.55	36.300000000000004	217.8	172.70000000000002	42.900000000000006	530.0
2568.0	216.21660156250002	168.58359374999984	41.536816406250004	212.85000000000002	165.0	37.95	218.9	173.8	45.1	512.0
2569.0	197.33667489204208	168.7051202961134	51.9568476249229	162.25	137.5	46.75000000000001	221.65	209.00000000000003	58.300000000000004	1621.0
2570.0	203.40368159203976	176.60582089552247	33.32562189054727	189.20000000000002	168.3	29.150000000000002	211.20000000000002	189.20000000000002	37.400000000000006	1005.0
2571.0	209.2463129496403	172.8216726618705	36.27428057553958	205.15	167.75	33.0	214.50000000000003	178.20000000000002	40.150000000000006	556.0
2572.0	209.68749999999994	173.89453124999997	30.58837890625001	206.25000000000003	169.4	26.950000000000003	212.85000000000002	177.65	34.650000000000006	512.0
2573.0	209.42849915682987	189.62757166947733	29.254806070826312	194.70000000000002	169.4	23.650000000000002	227.15	204.60000000000002	34.1	593.0
2574.0	230.56301369863013	172.94217221135034	37.760567514677106	225.50000000000003	169.95000000000002	31.35	234.3	176.0	42.35	511.0
2575.0	216.04781065088767	181.93479289940825	27.23053254437873	196.9	170.5	22.0	227.15	201.85000000000002	33.0	845.0
2576.0	215.6457962813259	183.8529506871461	29.946321746160056	199.10000000000002	171.60000000000002	24.750000000000004	227.70000000000002	202.4	36.85	1237.0
2577.0	192.18923410404616	188.5093208092487	79.08157514450868	178.75000000000003	153.45000000000002	73.15	217.8	204.05	84.7	692.0
2578.0	211.49264705882356	165.83014705882357	76.52205882352942	179.85000000000002	151.8	73.15	222.75000000000003	203.50000000000003	80.30000000000001	748.0
2579.0	191.7695614035089	194.61894736842106	79.01377192982457	182.05	155.65	73.15	219.45000000000002	206.8	83.05000000000001	570.0
2580.0	198.0533860045147	178.18013544018055	84.25553047404063	177.10000000000002	151.8	77.55000000000001	218.35000000000002	204.60000000000002	90.75000000000001	443.0
2581.0	209.24661105318043	170.4787799791449	87.23321167883212	186.45000000000002	152.9	80.85000000000001	220.55	201.3	93.50000000000001	959.0
2582.0	217.2611432706221	166.11114327062253	83.52995658465991	212.85000000000002	160.05	80.85000000000001	221.65	172.15	85.80000000000001	691.0
2583.0	202.73846153846156	174.0039609644085	89.65757749712976	177.65	154.55	84.7	219.45000000000002	203.50000000000003	92.95	871.0
2584.0	199.86654013015186	174.62291214750545	68.76103579175705	172.15	147.4	63.25000000000001	223.85000000000002	207.35000000000002	74.80000000000001	1844.0
2585.0	214.23082917705779	162.31240648379037	61.950436408977545	175.45000000000002	147.4	56.650000000000006	226.60000000000002	207.35000000000002	67.65	1604.0
2586.0	214.242354368932	176.71241909385117	83.16881067961167	192.50000000000003	166.65	79.75	221.65	201.85000000000002	86.35000000000001	1236.0
2587.0	208.43405797101457	206.90163043478265	60.50597826086957	204.60000000000002	204.05	58.300000000000004	212.3	209.00000000000003	63.25000000000001	276.0
2588.0	212.30767888307187	189.54235020360653	43.89441535776615	202.4	176.0	35.2	223.3	199.10000000000002	51.150000000000006	1719.0
2589.0	212.93552465233884	196.53843236409608	45.61384323640962	208.45000000000002	192.50000000000003	40.7	216.70000000000002	201.3	48.95	791.0
2590.0	218.23077342047924	188.78420479302855	45.01192810457517	209.00000000000003	179.85000000000002	40.150000000000006	226.05	199.65	50.6	918.0
2591.0	188.20336605890603	185.60764375876576	40.59046283309958	179.3	159.5	36.300000000000004	210.65	194.70000000000002	46.2	713.0
2592.0	211.38282548476457	160.89861495844875	43.59321329639889	208.45000000000002	157.85000000000002	39.6	214.50000000000003	163.35000000000002	46.75000000000001	361.0
2593.0	200.9464048338368	178.337583081571	30.83522658610273	194.15	172.15	27.500000000000004	206.25000000000003	183.15	35.75	1655.0
2594.0	200.37657894736827	177.25052631578933	26.93914473684211	196.35000000000002	173.25	23.650000000000002	204.05	180.95000000000002	30.250000000000004	760.0
2595.0	203.13361801242232	173.87259316770187	33.62771739130435	198.55	169.95000000000002	30.250000000000004	206.8	178.20000000000002	36.85	644.0
2596.0	195.55272479564036	182.68542234332415	51.04359673024524	173.8	154.0	48.400000000000006	220.55	207.35000000000002	54.45	734.0
2597.0	173.88809034907598	202.45985626283365	55.30492813141686	167.75	200.20000000000002	51.150000000000006	180.95000000000002	206.25000000000003	59.400000000000006	487.0
2598.0	191.055388471178	182.0486215538845	59.114661654135354	169.95000000000002	148.5	56.650000000000006	216.15	205.70000000000002	62.150000000000006	399.0
2599.0	207.0504189944135	182.45558659217863	46.97929469273744	180.4	156.75	30.800000000000004	227.70000000000002	211.20000000000002	56.1	1432.0
2600.0	214.96671114076057	175.06364242828542	54.09519679786523	181.50000000000003	155.65	47.300000000000004	232.10000000000002	212.3	59.400000000000006	1499.0
2601.0	206.89858490566024	192.80937499999996	46.08649764150943	194.15	173.25	41.800000000000004	226.60000000000002	203.50000000000003	51.150000000000006	848.0
2602.0	219.84213893967103	178.49360146252283	35.762065813528345	216.15	175.45000000000002	32.45	223.3	182.60000000000002	39.6	547.0
2603.0	213.72299250535326	188.61084047109227	39.695101713062115	200.75000000000003	175.45000000000002	29.700000000000003	225.50000000000003	201.3	46.2	1868.0
2604.0	182.66291512915132	163.58238007380075	34.5830258302583	143.55	122.10000000000001	30.250000000000004	221.65	204.60000000000002	39.050000000000004	542.0
2605.0	157.15201577563528	196.88409290096408	37.540753724802805	144.10000000000002	124.85000000000001	31.900000000000002	218.9	207.9	46.2	1141.0
2606.0	184.99487410071953	173.81533273381288	41.668435251798556	152.35000000000002	123.20000000000002	35.75	222.75000000000003	213.4	46.2	1112.0
2607.0	226.81153846153848	137.13461538461542	42.22307692307691	223.3	133.65	37.400000000000006	229.9	140.8	46.75000000000001	858.0
2608.0	196.79927597955705	158.89752981260642	36.65183134582624	151.8	124.30000000000001	29.700000000000003	226.60000000000002	211.20000000000002	43.45	1174.0
2609.0	169.80592105263156	192.98552631578949	33.77565789473685	152.9	127.05000000000001	29.150000000000002	222.75000000000003	212.85000000000002	39.050000000000004	1672.0
2610.0	193.1522882181109	175.24756572541372	30.887828627069137	169.4	145.20000000000002	26.400000000000002	218.35000000000002	202.95000000000002	36.300000000000004	1027.0
2611.0	211.02106164383568	150.58886986301374	31.50445205479453	208.45000000000002	147.4	28.6	213.95000000000002	154.0	33.550000000000004	292.0
2612.0	219.57207792207797	150.6558441558441	32.77597402597402	213.95000000000002	146.85000000000002	28.05	223.85000000000002	154.55	36.300000000000004	847.0
2613.0	188.02435732647808	186.7136889460156	32.60128534704371	173.8	148.5	29.700000000000003	218.9	204.05	37.400000000000006	778.0
2614.0	179.51039156626507	203.96054216867475	32.59412650602409	176.55	200.75000000000003	30.250000000000004	182.05	207.35000000000002	34.650000000000006	332.0
2615.0	219.05910714285713	153.80357142857164	32.34196428571429	213.95000000000002	150.70000000000002	27.500000000000004	223.3	156.75	35.75	560.0
2616.0	220.30029673590505	152.6992581602374	36.77002967359051	217.25000000000003	147.95000000000002	34.650000000000006	223.3	156.20000000000002	39.050000000000004	337.0
2617.0	202.4654662623198	179.58938589840778	85.53396512509478	178.20000000000002	150.15	81.4	222.75000000000003	206.25000000000003	89.10000000000001	1319.0
2618.0	208.52309368191757	173.3957879448076	84.32973856209149	179.3	151.25	79.75	225.50000000000003	209.00000000000003	88.0	1377.0
2619.0	208.11060126582268	179.2669303797467	82.75150316455696	183.15	154.55	78.65	225.50000000000003	209.55	86.9	632.0
2620.0	210.425	179.8159090909091	89.88409090909092	188.65	161.15	87.45	224.4	206.8	91.85000000000001	242.0
2621.0	184.79270557029196	147.9427055702919	25.79018567639257	149.60000000000002	132.55	22.0	199.65	183.15	29.700000000000003	377.0
2622.0	171.89791666666656	165.90312499999993	24.882291666666674	152.35000000000002	133.65	20.900000000000002	198.55	185.35000000000002	28.6	1056.0
2623.0	174.84434523809523	166.88080357142857	24.78437500000002	150.70000000000002	132.0	22.0	202.4	189.75000000000003	29.150000000000002	672.0
2624.0	177.05163599182	158.39325153374227	27.627096114519432	147.4	125.95000000000002	23.650000000000002	204.05	191.4	32.45	489.0
2625.0	204.5207724425887	126.61826722338206	31.267327766179545	201.85000000000002	123.75000000000001	27.500000000000004	207.35000000000002	129.25	34.650000000000006	479.0
2626.0	174.6598101265823	161.83459915611806	31.206118143459918	147.4	125.4	25.3	207.35000000000002	194.15	36.300000000000004	474.0
2627.0	187.45925306577453	155.93879598662227	26.612151616499453	151.8	130.35000000000002	23.650000000000002	209.55	194.70000000000002	30.250000000000004	897.0
2628.0	180.846305732484	163.84114649681533	29.640445859872596	149.60000000000002	123.20000000000002	25.85	214.50000000000003	199.10000000000002	34.1	785.0
2629.0	183.31172370088714	158.94651457541187	32.476489226869454	143.0	121.55000000000001	27.500000000000004	217.8	201.3	36.85	789.0
2630.0	190.90919282511203	157.99304932735433	31.121860986547087	150.15	125.4	27.500000000000004	217.8	202.95000000000002	33.550000000000004	446.0
2631.0	190.36794117647057	192.80088235294107	19.83235294117646	186.45000000000002	189.75000000000003	18.150000000000002	193.60000000000002	195.25000000000003	21.450000000000003	170.0
2632.0	188.59310344827585	200.2967241379311	23.388275862068966	185.35000000000002	195.25000000000003	20.35	191.4	204.60000000000002	26.400000000000002	290.0
2633.0	191.33818443804037	197.4896253602306	21.45951008645532	188.10000000000002	194.15	18.150000000000002	194.15	200.75000000000003	25.3	347.0
2634.0	217.0978723404256	163.15886524822687	23.417907801418437	213.95000000000002	160.05	19.8	220.55	166.10000000000002	26.400000000000002	282.0
2635.0	208.76643835616431	175.0732876712329	28.262842465753423	186.45000000000002	161.15	25.3	220.55	200.75000000000003	33.0	292.0
2636.0	187.46804308797124	160.13491921005394	22.040484739676852	165.0	141.35000000000002	18.700000000000003	203.50000000000003	187.55	26.400000000000002	557.0
2637.0	184.75514563106756	159.18815533980555	23.186504854368923	163.9	143.0	17.6	199.10000000000002	184.25000000000003	28.05	1545.0
2638.0	194.43552631578942	150.34605263157903	27.448684210526324	155.10000000000002	135.3	24.750000000000004	209.55	192.50000000000003	30.800000000000004	418.0
2639.0	206.84442649434578	135.47059773828758	30.684491114701135	202.95000000000002	130.9	28.05	211.20000000000002	139.15	33.0	619.0
2640.0	203.51901595744707	136.76422872340427	31.513829787234048	200.75000000000003	132.0	29.150000000000002	206.25000000000003	139.70000000000002	34.1	376.0
2641.0	168.88179871520336	178.04159528907905	26.174464668094227	158.4	139.70000000000002	23.1	201.3	190.3	29.150000000000002	934.0
2642.0	188.34950071326676	157.69778887303843	26.90057061340941	158.95000000000002	136.4	22.0	205.15	191.4	30.800000000000004	701.0
2643.0	194.78391544117656	154.84522058823532	28.179411764705875	161.70000000000002	138.60000000000002	24.750000000000004	210.10000000000002	193.05	31.35	544.0
2644.0	185.83847457627115	149.32468926553685	42.79497175141243	151.25	129.25	37.95	204.60000000000002	194.15	47.300000000000004	885.0
2645.0	163.53203677510626	178.27779349363507	43.74172560113155	146.85000000000002	130.35000000000002	40.150000000000006	206.25000000000003	194.70000000000002	48.400000000000006	707.0
2646.0	188.6640528634361	159.78396475770938	52.98026431718063	150.70000000000002	130.35000000000002	47.300000000000004	214.50000000000003	201.3	58.85	1135.0
2647.0	169.71077529566352	172.2706964520369	47.058607095926426	147.4	126.50000000000001	41.800000000000004	210.10000000000002	197.45000000000002	53.900000000000006	761.0
2648.0	169.1352747252748	174.19769230769222	52.146043956043954	145.20000000000002	128.70000000000002	47.85	209.00000000000003	199.65	57.2	455.0
2649.0	151.93010752688173	191.92634408602143	47.43602150537635	149.05	185.9	44.550000000000004	155.10000000000002	196.35000000000002	52.25000000000001	372.0
2650.0	188.30433436532525	157.1254643962848	47.118653250773995	150.70000000000002	130.9	41.25	211.20000000000002	198.55	51.7	646.0
2651.0	159.4087168758717	175.51059972105983	36.92824267782427	145.75	128.70000000000002	33.0	200.20000000000002	190.85000000000002	41.25	717.0
2652.0	176.1032381997806	161.11739846322703	37.53221734357849	146.85000000000002	130.35000000000002	33.0	204.05	194.15	42.35	911.0
2653.0	177.9377358490566	166.86698113207552	30.006603773584896	159.5	140.25	26.400000000000002	202.95000000000002	189.20000000000002	34.650000000000006	583.0
2654.0	181.8716666666667	200.57166666666672	34.465	178.20000000000002	197.45000000000002	31.35	185.35000000000002	203.50000000000003	36.85	330.0
2655.0	181.0511290322579	180.3946774193548	48.65962365591399	157.3	138.60000000000002	44.0	218.9	204.60000000000002	52.800000000000004	1860.0
2656.0	190.10796413502112	174.115611814346	51.96571729957806	162.25	140.25	47.85	216.70000000000002	204.60000000000002	56.650000000000006	948.0
2657.0	214.682845744681	150.57127659574476	50.40984042553192	211.75000000000003	146.3	46.75000000000001	217.8	154.0	53.35	376.0
2658.0	187.81665261382793	173.56998313659355	44.275000000000006	157.85000000000002	136.95000000000002	40.150000000000006	221.65	205.15	47.85	1186.0
2659.0	165.65476190476198	201.6021258503402	42.29294217687076	162.25	196.35000000000002	36.300000000000004	168.85000000000002	207.35000000000002	46.2	588.0
2660.0	203.26740535549405	166.66371191135713	41.180424746075715	169.95000000000002	143.0	37.400000000000006	221.10000000000002	205.70000000000002	45.1	1083.0
2661.0	194.26735052754975	170.54384525205177	37.62760844079719	173.25	147.4	33.550000000000004	213.4	198.55	41.800000000000004	853.0
2662.0	200.65994718309858	166.60061619718292	42.60079225352113	166.65	145.75	37.400000000000006	218.35000000000002	199.65	46.75000000000001	568.0
2663.0	213.55543478260873	148.9516908212563	47.47403381642513	211.20000000000002	144.65	45.1	215.60000000000002	152.9	50.6	414.0
2664.0	186.90038265306114	169.35089285714278	35.1452806122449	166.65	145.75	31.900000000000002	207.35000000000002	193.05	39.050000000000004	392.0
2665.0	185.53150000000005	171.35250000000008	37.77216666666668	167.20000000000002	147.4	35.2	206.8	192.50000000000003	41.25	900.0
2666.0	179.39340379008755	160.4276239067055	32.42474489795919	149.05	125.95000000000002	25.85	209.55	194.70000000000002	37.95	1372.0
2667.0	204.18665987780048	134.83289205702647	34.95356415478615	201.3	130.35000000000002	32.45	207.35000000000002	140.25	38.5	491.0
2668.0	213.26682389937125	168.00165094339653	30.23789308176101	182.60000000000002	154.0	25.85	224.4	204.05	34.1	636.0
2669.0	205.74334625323007	179.288630490956	28.610658914728685	184.8	157.3	23.650000000000002	224.95000000000002	205.15	32.45	774.0
2670.0	181.91107266436	198.86528258362168	28.817589388696657	178.20000000000002	194.70000000000002	25.3	186.45000000000002	202.95000000000002	34.650000000000006	867.0
2671.0	182.33050000000017	202.81662499999985	31.15062500000001	179.3	199.65	27.500000000000004	185.35000000000002	205.15	35.2	400.0
2672.0	180.3313883299798	193.90211267605622	25.425050301810867	175.45000000000002	189.75000000000003	22.55	185.9	198.00000000000003	28.05	497.0
2673.0	203.31407232704424	177.17350628930794	27.165330188679235	183.70000000000002	159.5	23.1	218.9	199.65	32.45	636.0
2674.0	196.6416829745598	156.74677103718196	44.687769080234844	154.55	130.35000000000002	40.150000000000006	218.9	203.50000000000003	48.400000000000006	511.0
2675.0	215.04343936381713	135.84781312127237	42.176143141153084	213.4	131.45000000000002	39.6	217.8	140.25	44.550000000000004	503.0
2676.0	146.3222319859402	195.5622144112479	40.31722319859403	143.0	193.05	35.75	149.60000000000002	198.55	46.2	569.0
2677.0	187.03625000000008	150.11750000000006	48.472500000000004	144.65	126.50000000000001	42.35	207.9	195.8	51.7	440.0
2678.0	191.8979833101533	145.03859527121003	52.216342141863706	144.65	123.75000000000001	45.650000000000006	211.20000000000002	198.00000000000003	57.2	719.0
2679.0	176.01235507246372	166.06293478260835	41.87173913043478	142.45000000000002	122.10000000000001	34.1	213.95000000000002	203.50000000000003	49.50000000000001	1380.0
2680.0	212.35305118110236	138.80570866141733	33.19488188976378	209.55	133.10000000000002	30.250000000000004	215.05	143.0	35.2	508.0
2681.0	195.28268251273354	157.8247877758914	34.63412563667233	161.15	132.55	28.05	215.05	198.55	39.050000000000004	589.0
2682.0	187.20056980056978	171.22079772079772	32.25569800569801	162.25	136.95000000000002	27.500000000000004	215.05	200.20000000000002	35.75	351.0
2683.0	162.47967032967037	200.48104395604406	31.70206043956044	157.85000000000002	198.55	28.05	166.10000000000002	202.95000000000002	34.650000000000006	364.0
2684.0	191.76986062717776	164.52090592334514	36.62290940766551	158.95000000000002	136.4	33.0	215.60000000000002	199.65	40.150000000000006	574.0
2685.0	149.07579737335837	201.20919324577864	34.72532833020638	143.55	198.55	30.250000000000004	154.55	203.50000000000003	39.050000000000004	533.0
2686.0	213.81574803149596	132.7990157480315	38.503248031496064	210.65	127.60000000000001	34.650000000000006	216.15	138.60000000000002	41.25	508.0
2687.0	162.81805251641111	200.00382932166303	37.164113785557994	157.85000000000002	198.00000000000003	34.1	167.75	201.85000000000002	41.25	457.0
2688.0	169.22693482688405	204.01415478615067	38.25636456211813	163.9	199.65	35.2	174.9	207.9	42.35	982.0
2689.0	187.64749821300956	186.83330950679036	43.24360257326662	167.20000000000002	144.65	36.300000000000004	221.65	208.45000000000002	47.85	1399.0
2690.0	189.84601837672287	185.91516079632459	40.57787136294028	169.4	143.55	36.300000000000004	223.3	209.55	44.0	653.0
2691.0	200.02258064516127	177.05981973434518	43.45887096774194	170.5	145.75	37.400000000000006	226.05	210.65	47.300000000000004	1054.0
2692.0	186.7775555555554	169.9557037037037	32.08659259259258	165.0	143.0	25.85	211.75000000000003	195.8	36.300000000000004	675.0
2693.0	197.0264179104478	157.1555223880597	34.310149253731346	163.9	140.25	31.900000000000002	211.20000000000002	195.25000000000003	37.95	335.0
2694.0	210.29007352941173	144.95330882352926	30.85459558823529	206.25000000000003	141.9	28.05	215.05	147.95000000000002	34.650000000000006	544.0
2695.0	208.33959107806692	150.33401486988853	36.00148698884759	203.50000000000003	146.3	34.1	212.85000000000002	154.0	37.95	269.0
2696.0	201.15655216284998	163.55642493638675	34.190966921119596	169.95000000000002	145.75	30.800000000000004	216.15	200.75000000000003	36.85	786.0
2697.0	180.82939759036145	172.44951807228918	26.009036144578307	171.05	147.95000000000002	22.0	197.45000000000002	185.35000000000002	30.800000000000004	415.0
2698.0	195.47842019543978	165.46758957654723	26.829967426710102	175.45000000000002	152.35000000000002	22.55	206.25000000000003	191.95000000000002	30.250000000000004	614.0
2699.0	188.44739583333336	167.25156249999984	30.02500000000001	168.85000000000002	148.5	24.750000000000004	206.8	188.10000000000002	35.75	1056.0
2700.0	199.72672268907553	169.60890756302533	30.53424369747898	174.35000000000002	156.75	24.200000000000003	217.25000000000003	189.20000000000002	36.300000000000004	1190.0
2701.0	197.26025437201926	175.1885532591416	31.156756756756756	179.3	154.55	28.05	215.05	196.9	34.1	629.0
2702.0	191.02344771241815	168.16250000000008	40.095629084967314	172.15	151.25	35.75	208.45000000000002	191.95000000000002	45.1	1224.0
2703.0	184.69934114202056	175.5015373352857	41.03177159590044	168.3	146.3	37.95	209.00000000000003	195.8	45.1	683.0
2704.0	193.22967436974778	167.23986344537846	42.701260504201684	171.05	148.5	38.5	210.65	194.15	46.75000000000001	952.0
2705.0	208.4608757062147	164.4810734463276	35.431497175141246	204.05	161.70000000000002	33.550000000000004	211.75000000000003	167.20000000000002	38.5	354.0
2706.0	202.39193154034223	179.36858190709034	32.82249388753056	192.50000000000003	161.15	29.700000000000003	213.95000000000002	194.15	36.85	409.0
2707.0	192.0928146679881	185.26660059464805	33.323785926660065	183.15	161.70000000000002	29.150000000000002	209.55	193.60000000000002	40.150000000000006	1009.0
2708.0	214.57419354838717	168.79677419354834	32.95645161290323	211.75000000000003	163.9	30.250000000000004	217.25000000000003	172.15	36.300000000000004	341.0
2709.0	214.1348178137651	177.02058029689616	46.51174089068827	183.70000000000002	161.70000000000002	42.900000000000006	229.35000000000002	208.45000000000002	50.050000000000004	741.0
2710.0	201.9877450980394	185.89950980392175	41.96323529411766	185.9	162.25	36.300000000000004	225.50000000000003	205.70000000000002	47.85	1122.0
2711.0	179.785409252669	199.75765124555159	38.337544483985766	177.10000000000002	196.9	34.650000000000006	182.05	203.50000000000003	41.25	281.0
2712.0	219.11445623342175	157.48090185676384	41.15736074270557	213.95000000000002	153.45000000000002	37.95	223.85000000000002	160.60000000000002	45.650000000000006	754.0
2713.0	200.0209635416666	180.87408854166662	44.31653645833333	177.65	152.9	41.25	225.50000000000003	206.25000000000003	47.85	384.0
2714.0	182.55163316582923	202.37374371859298	39.33052763819095	178.20000000000002	198.55	34.1	187.00000000000003	207.35000000000002	44.0	398.0
2715.0	204.699	176.58960000000002	37.22253333333334	182.05	160.60000000000002	30.250000000000004	220.55	199.65	44.0	750.0
2716.0	186.74875	198.50875000000002	40.71	184.25000000000003	195.8	36.85	189.75000000000003	201.85000000000002	44.550000000000004	440.0
2717.0	211.5077814569537	173.2937086092717	42.71697019867549	180.95000000000002	158.4	35.75	224.95000000000002	205.70000000000002	47.300000000000004	1208.0
2718.0	186.88116515837098	192.43467194570138	46.18320135746606	169.4	145.20000000000002	41.25	226.05	210.65	50.6	884.0
2719.0	207.0300000000001	182.39666666666668	27.70428571428572	187.00000000000003	164.45000000000002	22.0	222.75000000000003	203.50000000000003	34.650000000000006	1155.0
2720.0	204.7751809720785	189.77104446742499	32.02171664943123	190.3	165.55	24.200000000000003	228.8	206.8	39.050000000000004	967.0
2721.0	203.4055736371034	194.25113913751005	39.28852725793328	190.85000000000002	166.10000000000002	24.200000000000003	233.20000000000002	210.10000000000002	50.6	1229.0
2722.0	230.32632541133466	166.63793418647145	42.96032906764168	226.05	164.45000000000002	38.5	233.75000000000003	169.4	47.85	547.0
2723.0	217.96638655462183	182.94201680672282	38.32991596638656	193.05	166.65	31.900000000000002	234.3	209.55	43.45	595.0
2724.0	207.2667517006803	186.51547619047616	48.859268707483004	185.9	160.60000000000002	45.1	229.9	209.00000000000003	53.35	588.0
2725.0	209.355923566879	186.73866242038233	37.06509554140128	194.70000000000002	169.95000000000002	30.800000000000004	224.4	201.3	42.900000000000006	785.0
2726.0	214.2077079107507	183.75020283975647	43.18782961460447	195.25000000000003	170.5	37.95	227.70000000000002	202.95000000000002	48.400000000000006	986.0
2727.0	212.3894703656999	175.21071878940722	45.32471626733922	178.75000000000003	151.25	41.800000000000004	232.65	216.15	48.400000000000006	793.0
2728.0	227.05702005730657	141.04899713467066	53.2191977077364	222.75000000000003	138.05	50.050000000000004	231.55	143.55	56.1	349.0
2729.0	205.12000000000015	168.96000000000015	51.540000000000006	169.95000000000002	141.9	47.85	228.25000000000003	212.85000000000002	55.550000000000004	990.0
2730.0	197.37916666666655	178.99947916666676	54.87239583333332	168.85000000000002	140.25	51.7	229.9	213.4	57.75000000000001	1056.0
2731.0	168.36351522842645	206.81675126903565	55.698667512690335	163.35000000000002	203.50000000000003	52.25000000000001	173.25	210.10000000000002	57.75000000000001	788.0
2732.0	197.801388888889	172.85730452674903	53.73194444444447	167.75	141.9	48.95	221.65	209.00000000000003	58.300000000000004	972.0
2733.0	220.31470588235314	149.28823529411753	56.1264705882353	216.70000000000002	146.85000000000002	53.35	223.85000000000002	152.35000000000002	58.85	374.0
2734.0	202.57955882352942	181.87691176470594	34.43161764705883	184.25000000000003	164.45000000000002	31.35	220.55	199.65	37.95	340.0
2735.0	199.80707705192637	189.4505862646568	35.65925460636517	184.8	163.35000000000002	28.05	225.50000000000003	204.05	40.150000000000006	1194.0
2736.0	191.19129979035637	196.03406708595386	34.00660377358491	187.00000000000003	193.60000000000002	30.800000000000004	196.35000000000002	198.55	36.85	477.0
2737.0	193.88139534883734	198.17037209302313	31.468697674418614	188.65	194.70000000000002	26.950000000000003	198.55	201.85000000000002	36.300000000000004	1075.0
2738.0	200.9179916317992	186.4200836820083	38.31820083682009	187.00000000000003	165.55	35.75	221.10000000000002	201.85000000000002	42.35	478.0
2739.0	210.3721565731167	181.29039881831625	35.90679468242246	189.75000000000003	167.20000000000002	31.35	225.50000000000003	204.05	40.150000000000006	677.0
2740.0	212.88450704225363	180.36830985915478	39.51619718309859	191.95000000000002	167.20000000000002	34.650000000000006	226.05	203.50000000000003	44.0	781.0
2741.0	201.41156893819357	190.5144215530902	87.56156893819335	190.85000000000002	161.70000000000002	82.5	221.10000000000002	203.50000000000003	90.75000000000001	631.0
2742.0	197.96340725806456	194.42721774193546	92.15050403225807	188.10000000000002	164.45000000000002	88.0	223.3	206.25000000000003	94.60000000000001	496.0
2743.0	201.3323529411764	193.96936274509807	90.48578431372552	191.95000000000002	163.35000000000002	85.25	224.4	205.70000000000002	94.60000000000001	408.0
2744.0	209.1255150554672	158.05890121500278	69.27559429477022	171.60000000000002	129.8	65.45	225.50000000000003	206.25000000000003	73.7	1893.0
2745.0	192.6518943170487	186.1314057826518	74.18721335992025	173.25	142.45000000000002	70.4	226.05	207.35000000000002	79.75	2006.0
2746.0	210.28532608695645	169.45903532608702	79.53702445652175	181.50000000000003	150.15	74.25	222.75000000000003	205.70000000000002	84.15	736.0
2747.0	212.75438741721857	190.0113410596026	63.01142384105961	195.8	172.70000000000002	58.85	227.70000000000002	208.45000000000002	66.55000000000001	604.0
2748.0	213.77539682539685	193.9442176870749	62.14625850340137	201.3	178.20000000000002	58.300000000000004	228.8	208.45000000000002	66.0	441.0
2749.0	216.16941176470613	187.14170588235265	65.82011764705884	198.55	175.45000000000002	61.050000000000004	226.60000000000002	206.8	69.85000000000001	850.0
2750.0	222.67079288025874	176.84991909385127	67.9356796116505	218.9	172.70000000000002	64.35000000000001	226.05	182.05	70.95	618.0
2751.0	214.8824372759857	186.7254928315412	58.87661290322582	196.35000000000002	169.4	52.800000000000004	229.35000000000002	206.25000000000003	63.25000000000001	1116.0
2752.0	212.9978013029315	191.6758957654724	60.55016286644952	200.20000000000002	177.10000000000002	55.550000000000004	223.85000000000002	206.8	64.35000000000001	614.0
2753.0	209.7296812749004	186.76992031872507	59.084462151394405	193.60000000000002	168.85000000000002	53.900000000000006	225.50000000000003	206.8	64.35000000000001	1004.0
2754.0	208.81586115992985	188.5842706502636	61.09108084358521	193.60000000000002	167.75	56.1	224.95000000000002	207.35000000000002	65.45	1138.0
2755.0	189.65865724381632	188.0455830388693	34.145671378091876	184.8	184.25000000000003	30.250000000000004	194.15	191.4	37.400000000000006	566.0
2756.0	206.26643426294797	185.27038512616198	40.170451527224444	198.00000000000003	174.35000000000002	31.35	216.15	192.50000000000003	46.75000000000001	1506.0
2757.0	207.4075444839857	180.1404626334518	52.33024911032028	185.9	160.05	44.550000000000004	224.95000000000002	206.8	59.95	1405.0
2758.0	213.70670426065166	170.1953634085211	57.580451127819536	183.15	156.20000000000002	51.7	225.50000000000003	207.9	63.25000000000001	798.0
2759.0	206.39337078651695	179.94887640449426	57.74629213483148	185.9	160.05	53.900000000000006	222.20000000000002	205.15	62.7	445.0
2760.0	214.36002349256103	161.00571652310117	55.902310101801085	176.55	149.05	52.25000000000001	224.95000000000002	206.8	60.50000000000001	1277.0
2761.0	219.1630000000001	156.24299999999985	60.04100000000002	215.05	152.35000000000002	55.550000000000004	223.3	159.5	63.800000000000004	550.0
2762.0	209.0389763779529	183.6987626546681	38.73107424071991	201.85000000000002	177.65	31.35	214.50000000000003	188.10000000000002	45.1	1778.0
2763.0	208.9144753476612	182.34759797724416	32.03002528445006	201.85000000000002	177.65	28.6	214.50000000000003	188.65	36.85	791.0
2764.0	207.99679999999998	191.11057777777785	45.235911111111115	204.05	187.00000000000003	39.6	212.3	195.25000000000003	49.50000000000001	1125.0
2765.0	209.93189368770737	183.71248615725406	45.461184939091936	203.50000000000003	177.65	40.7	216.70000000000002	193.05	51.7	1806.0
2766.0	216.7988836662751	175.58960047003532	40.95205640423032	213.4	172.15	35.2	221.10000000000002	179.3	48.95	851.0
2767.0	216.57863636363635	180.47045454545463	45.39318181818182	212.3	175.45000000000002	38.5	221.65	185.35000000000002	50.050000000000004	1210.0
2768.0	213.01764705882366	185.1294117647059	48.36176470588236	203.50000000000003	172.70000000000002	44.550000000000004	220.55	199.65	54.45	561.0
2769.0	206.22625348189416	192.5091922005571	37.78760445682452	199.65	173.8	29.700000000000003	222.20000000000002	200.20000000000002	44.550000000000004	2154.0
2770.0	218.77623490669595	177.07464324917697	44.55543358946212	215.60000000000002	169.95000000000002	37.400000000000006	222.75000000000003	183.70000000000002	54.45	911.0
2771.0	222.76285971223032	171.55350719424462	50.72958633093525	219.45000000000002	168.85000000000002	47.300000000000004	226.05	174.35000000000002	53.35	556.0
2772.0	158.6160230073951	189.7617502054232	44.43023829087922	141.9	119.9	37.95	219.45000000000002	207.9	51.150000000000006	1217.0
2773.0	216.85035046728967	123.32207943925235	42.17394859813084	213.95000000000002	120.45	37.95	220.00000000000003	125.4	45.650000000000006	428.0
2774.0	221.51677018633535	127.843400621118	42.06902173913044	216.70000000000002	124.30000000000001	37.400000000000006	226.60000000000002	132.55	46.75000000000001	644.0
2775.0	158.94829896907217	212.61242268041244	39.2779381443299	153.45000000000002	208.45000000000002	34.1	164.45000000000002	217.8	44.0	970.0
2776.0	171.88262773722622	192.49116788321183	42.99313868613139	152.35000000000002	129.25	39.6	226.05	213.4	46.2	685.0
2777.0	185.79364640883972	202.807182320442	91.81657458563537	181.50000000000003	200.75000000000003	90.2	188.65	204.60000000000002	92.95	181.0
2778.0	211.35284834488053	170.4872979214781	88.49538106235566	181.50000000000003	153.45000000000002	85.80000000000001	223.3	205.70000000000002	92.4	1299.0
2779.0	196.91164705882363	185.77835294117656	22.984176470588256	184.25000000000003	162.8	19.8	218.35000000000002	198.55	28.6	850.0
2780.0	199.42271914132382	187.14561717352407	24.24230769230768	185.9	161.70000000000002	19.25	221.10000000000002	200.75000000000003	28.6	559.0
2781.0	196.135960591133	142.81847290640403	25.9570197044335	193.60000000000002	139.15	23.1	199.10000000000002	145.75	29.150000000000002	406.0
2782.0	178.95681818181825	160.07556818181817	34.716477272727275	151.8	129.25	29.700000000000003	204.05	192.50000000000003	40.150000000000006	968.0
2783.0	153.3322580645161	190.70806451612896	32.55483870967742	149.05	188.10000000000002	29.150000000000002	157.85000000000002	193.60000000000002	35.75	341.0
2784.0	187.98087557603674	146.15172811059904	44.023444700460836	145.20000000000002	127.60000000000001	36.300000000000004	205.70000000000002	194.70000000000002	50.050000000000004	868.0
2785.0	200.7254950495048	132.07623762376238	42.751608910891086	195.25000000000003	129.8	39.6	205.15	135.3	45.650000000000006	404.0
2786.0	182.33880308880322	157.91583011582998	42.39156094870381	145.20000000000002	124.85000000000001	36.85	211.20000000000002	196.35000000000002	47.300000000000004	1813.0
2787.0	186.66666666666652	178.64027777777784	44.61388888888889	162.8	141.35000000000002	41.800000000000004	216.15	205.15	47.300000000000004	792.0
2788.0	221.98658536585367	152.17195121951215	44.415853658536605	218.35000000000002	145.20000000000002	40.150000000000006	225.50000000000003	155.65	48.400000000000006	451.0
2789.0	190.98205128205134	173.72564102564095	48.035897435897425	161.15	137.5	42.900000000000006	220.55	207.35000000000002	52.25000000000001	858.0
2790.0	176.50839243498802	200.90472813238765	40.48286052009457	173.8	196.35000000000002	36.300000000000004	179.3	204.60000000000002	43.45	423.0
2791.0	215.72282430213463	157.8052955665023	47.965599343185545	173.8	145.75	42.35	223.85000000000002	205.70000000000002	52.25000000000001	1218.0
2792.0	214.01504149377595	147.15238589211629	39.651348547717845	210.65	142.45000000000002	37.400000000000006	216.70000000000002	151.25	42.35	482.0
2793.0	201.5308153477219	165.59880095923245	40.545683453237416	171.60000000000002	144.65	37.400000000000006	217.25000000000003	201.3	44.0	417.0
2794.0	186.22330210772836	172.65620608899314	41.18946135831382	165.0	143.0	37.95	211.75000000000003	196.35000000000002	44.0	427.0
2795.0	179.11910029498517	185.41002949852503	38.775	166.10000000000002	144.65	34.650000000000006	213.95000000000002	198.55	44.550000000000004	678.0
2796.0	210.48110236220475	146.01633858267704	40.445570866141736	206.25000000000003	142.45000000000002	37.95	213.4	149.60000000000002	43.45	508.0
2797.0	214.41826625386983	155.94117647058823	28.85201238390093	211.20000000000002	152.9	25.85	217.8	158.95000000000002	31.900000000000002	323.0
2798.0	218.2319791666668	156.24010416666664	32.1509375	214.50000000000003	153.45000000000002	29.150000000000002	221.65	158.95000000000002	35.75	480.0
2799.0	212.58185053380788	172.50524911032028	29.337900355871877	190.85000000000002	160.60000000000002	21.450000000000003	222.20000000000002	198.55	35.75	562.0
2800.0	186.69763681592042	158.66131840796024	38.78047263681592	152.9	133.10000000000002	34.650000000000006	208.45000000000002	196.35000000000002	41.800000000000004	402.0
2801.0	199.5025583982202	149.7449944382647	32.55033370411568	162.8	133.65	27.500000000000004	211.75000000000003	195.8	37.400000000000006	899.0
2802.0	159.80813253012045	196.3091365461848	36.061445783132534	155.65	194.15	33.0	165.0	198.55	38.5	498.0
2803.0	173.12515337423315	183.34458077709627	34.278834355828224	160.05	137.5	31.35	209.55	198.00000000000003	37.400000000000006	489.0
2804.0	182.93231261425962	162.69844606946975	49.980621572212065	147.4	125.95000000000002	43.45	213.95000000000002	201.3	56.1	1094.0
2805.0	210.97664122137397	129.33984732824425	58.13877862595421	207.35000000000002	125.95000000000002	53.900000000000006	213.95000000000002	133.10000000000002	63.25000000000001	655.0
2806.0	200.76333333333335	147.14555555555512	53.681666666666636	150.15	126.50000000000001	46.2	217.25000000000003	204.05	59.400000000000006	990.0
2807.0	172.6220360824743	183.46658075601374	41.13612542955328	149.05	134.75	34.1	221.65	206.25000000000003	49.50000000000001	1164.0
2808.0	185.06359447004616	161.34009216589868	42.59281105990784	147.4	125.95000000000002	36.300000000000004	215.60000000000002	202.95000000000002	49.50000000000001	1085.0
2809.0	195.56854166666662	154.19020833333312	45.1695138888889	151.8	128.15	40.150000000000006	219.45000000000002	204.05	48.95	720.0
2810.0	150.37924865831886	198.43193202146693	42.8252236135957	146.85000000000002	195.8	38.5	154.0	201.3	46.75000000000001	559.0
2811.0	170.9172181372548	182.85140931372544	30.580943627451	155.10000000000002	135.3	28.05	210.65	199.65	34.1	816.0
2812.0	183.51418918918915	164.76216216216216	33.99512012012012	152.9	130.9	30.250000000000004	212.85000000000002	198.55	37.95	666.0
2813.0	155.19958847736615	198.93251028806583	31.03312757201646	151.25	196.9	28.6	158.95000000000002	200.20000000000002	33.0	243.0
2814.0	215.5399049881234	129.21538004750593	36.24317102137768	212.3	124.30000000000001	33.0	219.45000000000002	135.85000000000002	39.6	842.0
2815.0	209.88257477243167	143.79674902470757	34.115019505851755	154.55	127.05000000000001	29.700000000000003	223.3	202.95000000000002	37.95	769.0
2816.0	196.60898058252417	162.23338727076566	40.57807443365697	154.0	127.05000000000001	35.75	226.05	211.75000000000003	47.85	1854.0
2817.0	213.3526949541285	149.54449541284407	40.92895642201836	162.8	134.75	35.2	225.50000000000003	208.45000000000002	44.550000000000004	872.0
2818.0	186.76371552975328	177.61248185776503	37.40319303338171	160.60000000000002	137.5	34.1	221.10000000000002	206.8	40.7	689.0
2819.0	162.58060522696036	208.46966987620377	37.99387895460797	158.95000000000002	205.70000000000002	34.650000000000006	166.10000000000002	212.85000000000002	42.900000000000006	727.0
2820.0	215.92898773006127	141.68236196319006	38.75306748466258	213.95000000000002	138.05	35.2	218.35000000000002	146.85000000000002	41.800000000000004	326.0
2821.0	182.89553571428576	184.93035714285728	40.82767857142858	161.15	137.5	36.85	222.75000000000003	209.00000000000003	44.550000000000004	616.0
2822.0	175.0184615384615	179.36599999999996	23.739692307692316	172.70000000000002	175.45000000000002	20.900000000000002	177.65	182.60000000000002	26.400000000000002	325.0
2823.0	192.43508771929822	154.4447368421053	24.243859649122818	188.10000000000002	151.25	20.900000000000002	195.8	157.85000000000002	27.500000000000004	627.0
2824.0	185.3166666666667	169.1314102564102	21.653846153846146	174.35000000000002	155.10000000000002	18.700000000000003	197.45000000000002	182.05	25.85	858.0
2825.0	183.96860465116293	170.6613049095609	40.763953488372096	168.85000000000002	147.4	36.85	204.60000000000002	189.20000000000002	44.0	774.0
2826.0	196.4158730158731	163.01190476190484	43.731746031746034	170.5	151.25	39.050000000000004	209.00000000000003	189.75000000000003	47.300000000000004	693.0
2827.0	203.35631691648834	163.73688436830838	45.191274089935774	167.75	149.60000000000002	40.7	215.60000000000002	202.95000000000002	50.050000000000004	934.0
2828.0	191.23900836320192	180.71475507765834	34.536977299880526	180.4	160.05	30.800000000000004	209.55	191.95000000000002	39.050000000000004	837.0
2829.0	194.2142184557439	174.25574387947265	35.251789077212806	180.4	158.95000000000002	33.0	207.35000000000002	189.75000000000003	37.95	531.0
2830.0	202.05361173814893	172.17110609480804	31.209706546275406	185.9	158.95000000000002	25.85	212.85000000000002	191.95000000000002	36.85	443.0
2831.0	203.5975020145044	190.7981466559227	38.0621273166801	183.15	163.9	34.1	232.10000000000002	209.00000000000003	41.800000000000004	1241.0
2832.0	205.43970297029696	187.21673267326744	42.38811881188119	182.60000000000002	161.70000000000002	39.050000000000004	229.9	209.00000000000003	46.2	505.0
2833.0	210.9637645107795	185.6719734660033	40.74560530679934	189.75000000000003	166.10000000000002	35.75	230.45000000000002	205.70000000000002	45.1	603.0
2834.0	216.39121306376353	177.77146189735643	44.3156298600311	191.4	165.55	38.5	229.35000000000002	205.15	48.95	643.0
2835.0	199.75822444273632	191.42113758647173	42.96383551114528	186.45000000000002	164.45000000000002	37.400000000000006	224.95000000000002	205.70000000000002	49.50000000000001	1301.0
2836.0	193.1344013490725	200.70826306914	38.57234401349073	188.10000000000002	196.35000000000002	35.2	198.00000000000003	204.60000000000002	42.35	593.0
2837.0	210.88714759535657	180.048839137645	43.76285240464345	195.25000000000003	169.95000000000002	36.300000000000004	219.45000000000002	197.45000000000002	51.150000000000006	603.0
2838.0	177.45739299610887	209.28784046692616	50.23137159533074	173.25	205.15	45.650000000000006	182.60000000000002	213.4	54.45	1028.0
2839.0	178.29601955307282	210.66766759776556	46.46655027932961	173.8	207.35000000000002	42.900000000000006	182.60000000000002	214.50000000000003	50.050000000000004	716.0
2840.0	207.73141025641036	180.77948717948715	42.73461538461538	183.15	160.60000000000002	27.500000000000004	225.50000000000003	207.35000000000002	55.550000000000004	1716.0
2841.0	214.9089304257528	166.29475597092429	54.781256490134986	176.55	150.70000000000002	51.150000000000006	229.35000000000002	211.20000000000002	58.85	963.0
2842.0	210.14249720044785	182.84020156774923	32.29294512877939	200.20000000000002	174.9	27.500000000000004	219.45000000000002	193.05	39.6	893.0
2843.0	196.8028846153847	196.16634615384612	42.67884615384615	187.00000000000003	191.4	38.5	205.15	200.75000000000003	46.75000000000001	572.0
2844.0	168.38633720930235	209.13003875968997	44.474321705426355	165.55	205.70000000000002	41.25	172.15	212.3	47.300000000000004	516.0
2845.0	225.54875886524832	144.19849290780158	46.68953900709219	222.20000000000002	141.35000000000002	43.45	228.8	148.5	49.50000000000001	564.0
2846.0	211.6555343511451	132.99398854961834	63.340267175572535	209.55	128.70000000000002	59.95	213.95000000000002	137.5	66.55000000000001	524.0
2847.0	159.29057301293915	200.43077634011104	59.24343807763401	155.10000000000002	197.45000000000002	56.650000000000006	165.0	204.05	63.25000000000001	541.0
2848.0	198.59442307692305	161.5942307692308	63.603269230769236	158.95000000000002	134.20000000000002	61.050000000000004	221.10000000000002	206.8	66.55000000000001	520.0
2849.0	195.02526881720425	170.88342293906814	62.44668458781363	165.0	139.70000000000002	59.95	218.9	207.9	64.9	1116.0
2850.0	203.78075313807537	163.65951882845204	63.630857740585775	162.8	139.15	61.050000000000004	223.3	209.55	66.55000000000001	478.0
2851.0	213.6162760416665	147.1765625	63.34453125	210.65	144.10000000000002	60.50000000000001	216.70000000000002	150.15	67.65	384.0
2852.0	199.68446866485004	180.84397138964553	39.06985694822888	183.70000000000002	162.25	35.2	214.50000000000003	194.15	43.45	1468.0
2853.0	197.17585139318885	181.60727554179584	42.079256965944275	184.25000000000003	161.15	39.6	212.85000000000002	195.25000000000003	45.650000000000006	646.0
2854.0	191.4141267123288	205.89683219178085	54.436815068493146	187.00000000000003	202.4	49.50000000000001	195.8	209.00000000000003	58.85	584.0
2855.0	226.4015761821366	165.59912434325744	55.701225919439594	222.75000000000003	160.05	52.800000000000004	229.9	169.95000000000002	58.85	571.0
2856.0	206.83610687022906	182.91992366412222	31.14679389312977	202.95000000000002	180.4	26.950000000000003	209.55	185.9	35.2	655.0
2857.0	163.76271585557302	179.67731554160127	23.8459968602826	160.60000000000002	175.45000000000002	20.35	167.20000000000002	184.25000000000003	26.950000000000003	637.0
2858.0	174.46254826254844	168.82734877734865	20.652960102960126	162.25	144.65	15.950000000000001	196.35000000000002	182.60000000000002	23.650000000000002	777.0
2859.0	169.3850136239781	198.63692098092653	37.45095367847412	165.0	195.8	35.2	174.35000000000002	200.75000000000003	39.6	367.0
2860.0	169.93575129533667	199.00880829015537	40.31670984455959	165.55	196.35000000000002	36.85	174.9	201.85000000000002	43.45	386.0
2861.0	184.0971848225215	183.2960832313341	40.005263157894746	163.9	141.35000000000002	36.300000000000004	218.35000000000002	203.50000000000003	43.45	817.0
2862.0	193.13343151693664	160.11804123711354	47.41016200294552	152.9	128.70000000000002	41.800000000000004	220.55	205.70000000000002	52.25000000000001	679.0
2863.0	197.8420160570919	166.5970115967885	46.10285459411242	156.20000000000002	136.95000000000002	42.35	225.50000000000003	210.10000000000002	50.6	1121.0
2864.0	219.2077586206899	140.56896551724157	49.06896551724139	214.50000000000003	134.75	44.550000000000004	223.3	146.3	52.800000000000004	638.0
2865.0	193.99871553884722	145.2565162907261	49.060275689223076	143.0	122.65	40.150000000000006	215.60000000000002	200.75000000000003	57.2	1596.0
2866.0	208.62988235294102	128.66505882352942	47.57823529411766	205.70000000000002	124.85000000000001	45.1	211.75000000000003	132.0	50.050000000000004	425.0
2867.0	190.37488015340364	162.29798657718123	37.163758389261744	151.8	128.15	30.800000000000004	220.00000000000003	203.50000000000003	44.0	1043.0
2868.0	190.9514258555134	156.98317490494293	39.72652091254753	147.95000000000002	127.05000000000001	32.45	217.8	202.95000000000002	44.550000000000004	526.0
2869.0	177.52899999999994	181.2311874999998	38.95546875	151.8	130.9	34.1	221.10000000000002	206.8	45.1	1600.0
2870.0	218.66607594936704	136.64784810126582	39.52481012658228	214.50000000000003	133.10000000000002	35.75	223.3	141.35000000000002	42.900000000000006	790.0
2871.0	174.6903010033444	194.89314381270916	39.822575250836124	172.15	190.3	36.85	177.10000000000002	198.55	43.45	299.0
2872.0	191.65631067961158	172.88096008629984	41.88306364617045	168.85000000000002	147.95000000000002	37.95	212.3	199.10000000000002	46.2	927.0
2873.0	197.96933333333354	194.63033333333334	39.74333333333334	189.75000000000003	172.70000000000002	27.500000000000004	214.50000000000003	207.9	51.150000000000006	1650.0
2874.0	210.85251282051274	182.28635897435916	52.62287179487179	188.10000000000002	162.8	46.2	227.15	207.9	57.2	975.0
2875.0	193.39668803418817	178.46677350427342	49.487660256410265	164.45000000000002	136.4	44.550000000000004	226.60000000000002	213.95000000000002	53.900000000000006	936.0
2876.0	190.06186511240648	194.60062447960053	45.67976686094921	168.85000000000002	145.75	41.800000000000004	229.9	217.25000000000003	50.050000000000004	1201.0
2877.0	206.39104838709673	161.09411290322586	59.054919354838724	166.10000000000002	141.35000000000002	57.2	221.65	205.70000000000002	61.60000000000001	620.0
2878.0	184.65235368956772	181.77080152671778	73.15139949109415	159.5	133.10000000000002	70.4	222.75000000000003	211.20000000000002	75.35000000000001	786.0
2879.0	173.4576763485477	198.634439834025	71.36421161825726	168.85000000000002	194.15	67.10000000000001	178.20000000000002	201.85000000000002	76.45	482.0
2880.0	205.24016393442645	181.16188524590154	30.736133879781434	200.20000000000002	177.65	26.950000000000003	210.10000000000002	185.9	35.2	732.0
2881.0	204.276712723086	182.99231433506054	38.37714450201497	194.15	172.70000000000002	31.900000000000002	212.85000000000002	189.20000000000002	44.0	1737.0
2882.0	211.73661257606508	155.31196754563908	46.037119675456395	172.70000000000002	144.10000000000002	42.35	219.45000000000002	203.50000000000003	50.050000000000004	986.0
2883.0	216.6345945945946	153.08135135135146	41.29558558558559	211.75000000000003	150.15	37.400000000000006	220.55	156.75	44.550000000000004	555.0
2884.0	192.30026315789482	181.15070175438598	46.29198830409354	169.95000000000002	147.95000000000002	40.7	220.00000000000003	205.70000000000002	51.150000000000006	1710.0
2885.0	204.5968616262483	142.67282453637662	38.91583452211127	154.55	129.8	32.45	213.95000000000002	198.00000000000003	44.550000000000004	701.0
2886.0	187.99710351377033	157.8113485280154	38.84995251661919	150.70000000000002	126.50000000000001	32.45	212.85000000000002	199.10000000000002	44.0	1053.0
2887.0	210.66594202898543	139.13724637681162	41.74260869565217	207.9	134.75	39.050000000000004	212.85000000000002	142.45000000000002	45.1	345.0
2888.0	192.2085820895522	170.7921019900498	35.451741293532336	160.60000000000002	134.20000000000002	31.35	222.75000000000003	206.25000000000003	39.050000000000004	804.0
2889.0	216.9095238095238	143.0104761904761	35.61555555555556	214.50000000000003	139.70000000000002	33.0	219.45000000000002	146.3	37.95	315.0
2890.0	218.64912280701753	139.99774436090226	34.73684210526316	215.60000000000002	135.3	32.45	222.20000000000002	145.20000000000002	36.85	399.0
2891.0	191.6406807131282	201.1306320907618	46.22139384116694	187.55	197.45000000000002	43.45	195.8	205.15	49.50000000000001	617.0
2892.0	174.00996398559425	192.09789915966368	59.39339735894359	161.15	139.70000000000002	56.1	217.8	205.15	62.150000000000006	833.0
2893.0	202.60034364261176	165.99793814432985	63.977663230240545	172.70000000000002	145.75	58.85	218.35000000000002	204.05	68.75	582.0
2894.0	186.18461538461503	185.3869230769229	60.61307692307693	168.3	141.9	57.2	218.35000000000002	206.8	64.35000000000001	715.0
2895.0	214.16123188405803	136.1058695652174	67.56391304347828	210.10000000000002	132.0	63.800000000000004	218.35000000000002	140.25	70.95	690.0
2896.0	178.61614704513715	189.0310842252209	65.24499767333644	159.5	138.05	61.050000000000004	222.75000000000003	207.35000000000002	69.30000000000001	2149.0
2897.0	183.36403425309237	174.18306374881078	67.0665080875357	158.95000000000002	138.60000000000002	63.25000000000001	213.4	200.20000000000002	72.60000000000001	1051.0
2898.0	215.718372703412	137.4956692913386	72.07020997375328	211.75000000000003	134.20000000000002	69.85000000000001	219.45000000000002	140.8	74.25	381.0
2899.0	194.2712673611111	163.44453125000007	66.25494791666668	156.20000000000002	133.65	63.800000000000004	220.00000000000003	206.25000000000003	69.30000000000001	576.0
2900.0	170.08555555555552	207.81000000000006	70.19888888888889	163.9	205.15	67.10000000000001	174.35000000000002	211.75000000000003	73.15	495.0
2901.0	162.86351706036717	207.60118110236223	67.25157480314961	159.5	204.05	63.800000000000004	166.10000000000002	211.20000000000002	70.95	381.0
2902.0	215.68537735849048	147.13915094339643	69.07169811320755	163.9	135.3	65.45	225.50000000000003	208.45000000000002	72.60000000000001	1166.0
2903.0	175.8377914951989	190.12043895747613	72.52002743484225	161.15	139.70000000000002	67.65	216.70000000000002	203.50000000000003	75.9	729.0
2904.0	192.21404275996122	177.99101068999022	72.68926141885326	167.75	139.70000000000002	70.4	222.75000000000003	206.25000000000003	75.9	1029.0
2905.0	196.50352517985604	170.4082014388489	70.70507194244604	169.4	143.0	64.9	220.00000000000003	204.05	74.80000000000001	1390.0
2906.0	171.73972491909393	202.7542071197411	49.750970873786414	166.65	199.10000000000002	46.75000000000001	176.55	206.25000000000003	52.800000000000004	618.0
2907.0	183.7281111111111	189.1181111111112	54.184777777777796	169.4	146.85000000000002	50.050000000000004	218.35000000000002	205.70000000000002	57.2	450.0
2908.0	199.4482142857145	178.28214285714293	52.525000000000006	174.35000000000002	147.95000000000002	49.50000000000001	223.85000000000002	210.10000000000002	57.2	616.0
2909.0	209.98773500447626	181.46454789615035	46.188675022381375	192.50000000000003	166.65	40.150000000000006	221.10000000000002	200.75000000000003	52.800000000000004	1117.0
2910.0	209.18002577319598	184.98711340206174	45.78296391752579	191.95000000000002	166.65	37.400000000000006	225.50000000000003	204.05	52.800000000000004	1940.0
2911.0	186.9600806451612	171.88387096774187	64.90295698924733	159.5	137.5	61.60000000000001	216.15	202.95000000000002	68.75	1116.0
2912.0	174.0334002677377	188.39230254350724	68.9892904953146	159.5	138.60000000000002	66.55000000000001	215.60000000000002	204.05	72.05000000000001	747.0
2913.0	186.07701900237515	179.3222090261283	70.3372921615202	162.25	139.15	67.10000000000001	218.9	205.70000000000002	74.80000000000001	1684.0
2914.0	184.77132701421803	181.30658767772505	70.86554502369668	158.95000000000002	133.65	68.2	222.75000000000003	209.00000000000003	73.15	1055.0
2915.0	203.055046583851	160.10722049689429	66.3467391304348	168.85000000000002	143.0	62.7	217.8	202.4	70.95	644.0
2916.0	216.58879415347124	141.80755176613914	67.80609013398295	211.75000000000003	137.5	64.35000000000001	220.55	145.20000000000002	70.95	821.0
2917.0	204.57046605876383	153.8473150962513	67.9598277608916	165.55	141.35000000000002	62.150000000000006	216.15	200.75000000000003	72.05000000000001	987.0
2918.0	202.20040190532913	168.90206906817485	129.30960107174755	172.15	140.8	113.30000000000001	222.75000000000003	208.45000000000002	185.9	3359.0
2919.0	154.51966777408643	135.78184385382062	233.5497342192691	118.80000000000001	92.4	173.25	184.25000000000003	209.55	256.3	3010.0
2920.0	178.2617021276597	113.01595744680853	235.25744680851062	176.0	108.9	227.70000000000002	179.85000000000002	117.15	240.9	517.0
2921.0	135.7469756097561	164.2654146341461	235.57224390243906	130.35000000000002	161.15	228.25000000000003	142.45000000000002	169.4	240.9	1025.0
2922.0	135.39539823008852	135.22374631268434	252.3773156342183	118.80000000000001	100.10000000000001	237.60000000000002	177.10000000000002	159.5	261.8	1695.0
2923.0	137.35975000000005	148.14249999999993	244.96083333333334	123.75000000000001	102.85000000000001	233.75000000000003	177.65	163.9	250.8	600.0
2924.0	151.1708673469387	200.59734693877547	103.64413265306123	144.10000000000002	197.45000000000002	99.00000000000001	156.75	204.05	108.35000000000001	980.0
2925.0	170.3964594127805	184.20060449050084	105.8346286701209	148.5	122.10000000000001	101.75000000000001	215.60000000000002	206.8	109.45	1158.0
2926.0	157.13399668325047	100.10364842454399	258.48358208955227	141.35000000000002	97.35000000000001	250.8	168.3	102.85000000000001	267.3	603.0
2927.0	169.58801916932916	171.04372432679148	167.42542218165227	140.25	119.35000000000001	161.70000000000002	207.35000000000002	206.25000000000003	177.10000000000002	2191.0
2928.0	203.44422277639237	118.85051953449708	161.89727763923526	176.0	100.10000000000001	100.10000000000001	213.95000000000002	132.55	237.60000000000002	2406.0
2929.0	130.18179611650487	112.83276699029129	268.6696601941748	121.00000000000001	99.00000000000001	265.1	144.65	122.10000000000001	270.6	206.0
2930.0	138.99520958083832	205.89760479041905	181.12619760479043	134.75	204.05	178.75000000000003	143.0	207.9	183.70000000000002	334.0
2931.0	164.8197507788163	203.20872274143335	118.51454828660437	159.5	194.15	114.95	168.85000000000002	209.00000000000003	121.55000000000001	1605.0
2932.0	113.30570370370371	162.1677037037036	208.79140740740743	111.65	154.55	201.3	115.50000000000001	171.05	215.60000000000002	675.0
2933.0	173.5927725118482	171.8798874407584	148.99135071090046	145.20000000000002	121.00000000000001	99.55000000000001	212.85000000000002	207.35000000000002	175.45000000000002	1688.0
2934.0	188.20690413368527	154.66512752858387	171.60967458223396	147.95000000000002	122.10000000000001	167.20000000000002	210.65	208.45000000000002	176.0	1137.0
2935.0	182.06295694557278	154.47627944760376	112.14951259138911	137.5	110.00000000000001	107.80000000000001	215.60000000000002	207.9	116.60000000000001	1231.0
2936.0	199.65667475728162	134.28588187702266	111.5142799352751	146.3	112.2	107.80000000000001	215.05	206.8	114.95	1236.0
2937.0	128.07126556016598	121.0136929460581	267.53620331950214	119.35000000000001	101.75000000000001	262.90000000000003	150.70000000000002	135.3	270.6	482.0
2938.0	200.7618615209988	165.42514188422243	113.21696935300795	163.9	128.70000000000002	108.9	222.75000000000003	213.4	117.7	881.0
2939.0	174.21820830298594	169.24156955571735	141.1801529497451	122.65	103.4	108.9	218.9	207.35000000000002	261.25	2746.0
2940.0	119.06934156378603	126.488683127572	263.91399176954735	114.95	124.30000000000001	260.15000000000003	122.65	129.25	266.75	243.0
2941.0	135.19145802650954	114.63328424153167	263.9513991163476	119.9	98.45	250.8	165.55	132.0	269.5	679.0
2942.0	127.35937500000001	111.36583333333338	267.8591666666667	118.80000000000001	97.9	265.1	141.35000000000002	118.80000000000001	270.05	240.0
2943.0	177.03051075268834	192.78534946236547	169.7459677419355	173.25	188.65	166.10000000000002	180.95000000000002	196.9	173.25	372.0
2944.0	195.93037037037018	168.6422222222222	111.41506172839507	163.9	129.8	107.80000000000001	221.65	213.4	115.50000000000001	405.0
2945.0	126.26100746268658	140.9529850746269	198.96492537313435	103.95	90.75000000000001	187.00000000000003	169.95000000000002	168.3	213.4	2948.0
2946.0	134.86899736147748	129.94947229551445	202.187401055409	102.30000000000001	86.9	193.60000000000002	172.70000000000002	171.05	212.3	1516.0
2947.0	177.62172671353258	173.86186291739898	139.8145430579965	129.8	103.4	106.7	220.00000000000003	212.3	257.40000000000003	2276.0
2948.0	207.65151915455735	135.12054161162484	179.38936591809778	205.15	130.9	173.25	210.10000000000002	139.70000000000002	185.9	757.0
2949.0	127.18346501128669	58.90773137697516	228.00355530474044	122.65	53.900000000000006	223.85000000000002	130.35000000000002	63.25000000000001	231.55	886.0
2950.0	177.56238938053107	184.8511061946902	114.03982300884957	157.85000000000002	128.15	110.55000000000001	218.35000000000002	210.65	116.60000000000001	452.0
2951.0	166.8802456499488	144.69616171954962	196.15690890481068	123.75000000000001	103.4	112.2	216.70000000000002	162.25	259.6	977.0
2952.0	215.7370431893687	132.86885382059802	113.68006644518273	212.3	126.50000000000001	108.9	218.9	138.60000000000002	116.60000000000001	602.0
2953.0	141.94539403620882	154.4120607028755	170.3140308839191	103.95	90.2	95.7	209.55	203.50000000000003	198.55	1878.0
2954.0	111.32227443609027	181.66851503759406	192.715037593985	107.25000000000001	176.0	189.20000000000002	116.60000000000001	185.9	197.45000000000002	532.0
2955.0	96.39716723549483	107.55784982935153	224.411638225256	74.25	61.60000000000001	211.75000000000003	136.95000000000002	131.45000000000002	232.10000000000002	1465.0
2956.0	133.559236947791	100.05140562248981	246.68674698795184	89.65	70.4	237.60000000000002	161.70000000000002	147.4	258.5	2739.0
2957.0	133.1168504901961	86.4848039215686	246.16341911764707	97.35000000000001	74.80000000000001	242.55	150.70000000000002	123.20000000000002	255.20000000000002	816.0
2958.0	183.6357388316153	205.73685567010313	112.98814432989693	174.35000000000002	202.4	110.00000000000001	189.75000000000003	209.55	116.05000000000001	582.0
2959.0	191.32218225419666	140.48820143884882	183.15105515587533	141.35000000000002	95.7	167.75	213.95000000000002	209.00000000000003	244.20000000000002	2085.0
2960.0	206.3416666666665	159.42308429118785	111.08551245210728	169.4	132.0	104.50000000000001	222.75000000000003	212.3	115.50000000000001	2088.0
2961.0	177.63183183183173	82.53220720720726	150.22349849849851	173.8	77.55000000000001	145.75	180.4	87.45	155.10000000000002	666.0
2962.0	96.41179417122042	145.37982695810624	254.06142987249547	92.4	138.60000000000002	247.50000000000003	100.10000000000001	150.15	258.5	1098.0
2963.0	145.52183908045973	140.49942528735633	144.8264367816092	115.50000000000001	99.00000000000001	141.35000000000002	183.15	178.75000000000003	147.95000000000002	957.0
2964.0	157.43380237648535	109.23467792370231	202.75772357723577	112.2	95.7	194.70000000000002	176.55	162.8	221.65	1599.0
2965.0	116.9873655913978	105.45017921146953	215.53691756272403	80.30000000000001	64.35000000000001	204.60000000000002	151.25	145.20000000000002	226.05	2232.0
2966.0	97.6035856573705	90.01035856573706	227.61972111553786	72.05000000000001	57.2	217.8	128.15	124.30000000000001	234.85000000000002	2761.0
2967.0	98.54935879565095	95.03500139392253	233.7388068023418	71.5	55.00000000000001	222.20000000000002	130.35000000000002	145.75	256.85	3587.0
2968.0	123.92229729729729	130.15810810810817	207.5179054054054	99.00000000000001	71.5	94.60000000000001	176.55	184.8	257.95000000000005	1628.0
2969.0	129.19098360655744	138.11803278688532	183.1734972677596	95.7	79.2	177.10000000000002	177.65	177.10000000000002	190.3	2013.0
2970.0	145.78178438661718	136.61802973977692	143.94516728624538	118.25000000000001	99.00000000000001	140.25	178.20000000000002	169.4	150.70000000000002	2959.0
2971.0	122.47515894641239	170.42306993642148	146.47009536784742	117.7	161.15	141.9	127.60000000000001	177.65	151.25	2202.0
2972.0	139.07569875776426	105.83784937888187	258.7408385093168	110.55000000000001	88.55000000000001	250.25000000000003	160.60000000000002	133.10000000000002	268.40000000000003	1288.0
2973.0	157.02582040572747	126.40581742243434	188.45999403341295	105.05000000000001	89.65	178.20000000000002	189.75000000000003	188.65	195.25000000000003	3352.0
2974.0	79.5278501628664	139.77345276872967	230.53778501628665	77.0	135.85000000000002	227.15	81.95	144.10000000000002	233.20000000000002	307.0
2975.0	118.96156250000006	116.35281250000001	204.314375	94.05000000000001	79.75	143.55	169.4	140.8	225.50000000000003	1760.0
2976.0	96.22125585023409	104.47254290171607	223.73416536661466	80.30000000000001	67.65	211.75000000000003	130.35000000000002	124.30000000000001	232.10000000000002	1282.0
2977.0	174.3994297445258	145.32043795620433	95.7509352189781	113.30000000000001	102.30000000000001	89.65	216.15	210.65	101.75000000000001	2192.0
2978.0	140.36779242174632	79.09308072487643	242.34975288303133	135.3	72.60000000000001	240.35000000000002	149.05	83.05000000000001	244.75000000000003	607.0
2979.0	114.936832412523	98.88047882136274	238.89447513812155	99.55000000000001	83.60000000000001	231.55	134.20000000000002	118.25000000000001	245.3	543.0
2980.0	116.75881704628951	100.54573842762674	244.6804922850845	99.55000000000001	79.75	238.15	140.8	121.55000000000001	253.55	1361.0
2981.0	125.63199052132694	124.8960505529226	258.1090047393365	113.30000000000001	97.35000000000001	249.70000000000002	164.45000000000002	138.05	262.35	633.0
2982.0	145.0526479750779	107.87110591900317	256.0952492211838	116.60000000000001	96.80000000000001	248.05	165.55	131.45000000000002	262.35	642.0
2983.0	146.82439939939948	108.28228228228224	260.2102852852853	117.7	98.45	249.70000000000002	167.75	134.20000000000002	266.20000000000005	666.0
2984.0	145.62775525248773	119.01529671949872	145.84913380022115	94.60000000000001	80.30000000000001	140.8	178.75000000000003	179.85000000000002	150.15	2713.0
2985.0	96.27903861308131	130.97107959022856	216.4754925137904	92.95	124.85000000000001	208.45000000000002	99.55000000000001	139.15	223.3	1269.0
2986.0	104.78427959292978	135.07257632565617	193.6418318157472	90.2	78.65	145.20000000000002	146.85000000000002	161.70000000000002	223.85000000000002	3734.0
2987.0	121.18186103351967	100.77943435754186	241.06861033519556	74.25	56.1	232.10000000000002	160.60000000000002	151.25	250.8	2864.0
2988.0	137.35828220858897	97.03687116564419	252.15239263803682	107.25000000000001	86.35000000000001	246.40000000000003	149.60000000000002	125.4	259.6	815.0
2989.0	141.85975609756113	97.86402439024387	255.87500000000003	111.65	87.45	248.60000000000002	151.25	125.4	264.55	902.0
2990.0	132.28021052631578	109.70242105263162	258.9168421052632	111.65	96.80000000000001	254.10000000000002	153.45000000000002	124.85000000000001	263.45000000000005	475.0
2991.0	118.06190476190477	122.22380952380952	262.94523809523815	113.30000000000001	118.25000000000001	259.05	122.65	125.95000000000002	266.20000000000005	231.0
2992.0	130.80715434083606	112.08593247588418	263.92749196141483	114.95	96.80000000000001	256.85	154.0	125.95000000000002	268.40000000000003	622.0
2993.0	126.75666666666667	111.19395833333334	263.8258333333334	115.50000000000001	96.25000000000001	259.6	149.05	121.55000000000001	266.75	240.0
2994.0	138.99590163934428	192.82540983606572	157.67295081967214	134.75	187.00000000000003	154.0	142.45000000000002	198.55	161.15	671.0
2995.0	138.92762803234552	143.95397574123996	101.13921832884097	107.80000000000001	87.45	96.80000000000001	185.35000000000002	182.05	105.60000000000001	742.0
2996.0	121.31552540233518	109.16363206058695	182.48666771852322	81.4	62.7	160.05	164.45000000000002	171.60000000000002	220.00000000000003	3169.0
2997.0	120.1538032454363	114.40390466531444	197.7403397565923	79.75	62.7	163.35000000000002	180.4	183.15	245.3	1972.0
2998.0	118.55332397003755	107.24948501872663	243.686563670412	81.4	62.7	234.85000000000002	158.95000000000002	146.85000000000002	251.35000000000002	1068.0
2999.0	136.868912386707	143.45561933534736	135.51003021148037	113.30000000000001	92.4	123.75000000000001	194.15	170.5	147.95000000000002	1655.0
3000.0	125.27327188940093	101.6955069124424	178.5611751152074	85.80000000000001	70.4	174.9	151.25	150.70000000000002	182.60000000000002	434.0
3001.0	211.64055837563447	89.90517766497467	170.14543147208124	206.8	85.25	167.20000000000002	216.70000000000002	94.05000000000001	173.8	985.0
3002.0	130.95670103092786	195.17709867452126	111.39646539027983	126.50000000000001	189.75000000000003	109.45	135.3	200.75000000000003	113.85000000000001	679.0
3003.0	184.72300588865096	112.91488222698054	171.74309421841548	102.30000000000001	77.0	165.0	215.60000000000002	211.20000000000002	180.95000000000002	3736.0
3004.0	134.1532726484612	138.67938881664503	216.70357607282187	89.65	74.25	169.4	208.45000000000002	215.60000000000002	263.45000000000005	2307.0
3005.0	175.9395913154536	82.9319923371647	148.07362707535125	172.70000000000002	77.55000000000001	144.10000000000002	178.75000000000003	89.10000000000001	151.25	783.0
3006.0	214.64078091106296	129.22017353579176	104.76008676789588	212.85000000000002	124.85000000000001	101.75000000000001	216.70000000000002	133.65	108.9	461.0
3007.0	118.29812499999998	177.82645833333336	148.86552083333333	114.4	174.35000000000002	146.3	122.10000000000001	180.95000000000002	152.35000000000002	480.0
3008.0	159.8657766990294	153.41862864077675	110.86304611650486	125.95000000000002	100.10000000000001	107.25000000000001	201.3	194.70000000000002	113.85000000000001	824.0
3009.0	159.0355932203391	144.73220338983037	115.48008474576272	123.75000000000001	104.50000000000001	112.75000000000001	194.15	190.3	118.80000000000001	1298.0
3010.0	190.10824773413893	133.5765558912387	178.5911480362538	129.8	110.55000000000001	171.05	211.75000000000003	205.15	185.35000000000002	1655.0
3011.0	99.88067484662577	117.96993865030676	250.22638036809818	97.35000000000001	114.4	248.05	102.30000000000001	122.10000000000001	252.45000000000002	163.0
3012.0	177.19166666666672	80.18444835680752	207.31320422535214	160.60000000000002	66.55000000000001	110.00000000000001	208.45000000000002	110.00000000000001	245.85000000000002	852.0
3013.0	167.90796992481194	72.41749373433571	244.11040100250628	161.15	66.0	240.9	174.35000000000002	78.10000000000001	247.50000000000003	1995.0
3014.0	117.98472222222223	164.44444444444457	247.5354166666667	111.65	157.85000000000002	237.05	124.85000000000001	171.60000000000002	257.95000000000005	792.0
3015.0	175.54081632653072	102.05816326530618	144.86122448979594	171.60000000000002	97.9	141.35000000000002	180.95000000000002	107.80000000000001	149.05	539.0
3016.0	191.08082489146182	110.40142305836946	106.33068017366136	176.55	94.60000000000001	91.30000000000001	209.00000000000003	119.9	117.7	2073.0
3017.0	178.0519230769233	163.0900124069479	114.89063275434246	140.25	116.05000000000001	112.75000000000001	211.75000000000003	204.60000000000002	117.7	806.0
3018.0	142.14056138186308	110.99380012338064	218.06533004318325	86.9	82.5	178.75000000000003	210.10000000000002	119.9	246.95000000000002	1621.0
3019.0	155.31414783427473	173.65576741996213	107.70341337099813	123.75000000000001	120.45	103.4	213.95000000000002	201.85000000000002	112.75000000000001	2124.0
3020.0	120.40480859010272	146.19754901960786	170.04782913165266	96.80000000000001	86.35000000000001	143.0	158.95000000000002	191.4	186.45000000000002	2142.0
3021.0	169.19044117647064	124.63014705882354	109.67279411764707	118.25000000000001	94.05000000000001	105.05000000000001	193.60000000000002	187.00000000000003	114.4	748.0
3022.0	124.85000000000001	182.98088642659286	113.12174515235458	122.10000000000001	178.75000000000003	110.00000000000001	127.05000000000001	186.45000000000002	115.50000000000001	361.0
3023.0	128.2862165525825	94.08063161169879	223.80225575606724	95.7	75.35000000000001	174.35000000000002	169.95000000000002	172.15	248.60000000000002	3214.0
3024.0	125.15380139643133	162.24786656322726	210.25616757176107	98.45	79.2	183.15	163.35000000000002	201.85000000000002	251.35000000000002	1289.0
3025.0	169.814508816121	187.04544080604526	184.14886649874057	138.60000000000002	132.0	171.05	212.3	212.3	190.85000000000002	1985.0
3026.0	126.20963511972634	161.68871151653363	98.54093500570127	113.85000000000001	95.7	93.50000000000001	176.0	177.65	102.30000000000001	877.0
3027.0	154.96135097493067	96.32736768802212	145.5041086350975	82.5	64.9	141.35000000000002	184.25000000000003	184.8	150.70000000000002	2872.0
3028.0	125.43023233849647	138.3807895731016	153.53394408764643	97.9	79.75	147.4	175.45000000000002	171.05	160.05	5294.0
3029.0	121.1398148148147	150.42901234567856	151.82345679012346	95.15	85.25	144.10000000000002	177.65	179.3	157.85000000000002	3564.0
3030.0	125.31718854097268	91.48944037308463	210.88304463690875	83.05000000000001	65.45	204.05	147.95000000000002	138.05	219.45000000000002	1501.0
3031.0	88.5027958387517	135.2184655396619	220.65477893368012	82.5	128.15	215.05	93.50000000000001	140.8	224.95000000000002	1538.0
3032.0	118.04895204262873	104.17781527531085	200.059325044405	84.7	61.60000000000001	177.10000000000002	158.4	152.9	233.20000000000002	2815.0
3033.0	173.27941504178278	129.4267966573817	107.3532590529248	123.20000000000002	96.25000000000001	92.95	210.10000000000002	205.15	117.7	1795.0
3034.0	179.08313539192417	136.1080166270786	107.57627672209027	131.45000000000002	95.7	100.65	207.35000000000002	201.85000000000002	113.85000000000001	1684.0
3035.0	168.19339794064206	184.67674136886737	107.56047849788008	145.75	124.30000000000001	103.4	213.4	205.70000000000002	111.65	1651.0
3036.0	191.5378269139325	117.21093675701381	102.64966714217785	127.05000000000001	96.25000000000001	98.45	207.35000000000002	202.4	108.35000000000001	2103.0
3037.0	188.61588345864664	104.2374060150376	170.05648496240605	176.0	99.55000000000001	141.9	195.8	113.85000000000001	242.00000000000003	532.0
3038.0	162.95501930501942	80.14710424710428	209.4098455598456	160.60000000000002	75.9	206.25000000000003	165.55	85.80000000000001	211.75000000000003	259.0
3039.0	120.31374321880658	128.51103074141048	217.55931283905971	93.50000000000001	73.7	206.8	164.45000000000002	160.05	225.50000000000003	553.0
3040.0	124.64364844903993	133.37405219103897	180.08478581979324	95.15	81.4	174.9	174.35000000000002	174.35000000000002	185.35000000000002	2031.0
3041.0	131.9211604095564	127.78283276450507	182.29440273037545	96.25000000000001	79.2	176.55	174.9	172.70000000000002	189.20000000000002	1465.0
3042.0	138.19517766497464	196.13781725888325	110.45786802030459	134.75	192.50000000000003	108.9	141.35000000000002	200.20000000000002	112.2	197.0
3043.0	137.51413043478263	193.97282608695656	110.89456521739132	133.65	188.65	107.80000000000001	142.45000000000002	200.20000000000002	113.85000000000001	506.0
3044.0	162.46449745252428	149.29201018990275	193.55389069013432	106.15	83.05000000000001	106.15	198.00000000000003	205.15	262.35	2159.0
3045.0	142.524213836478	108.12515723270445	254.04056603773589	107.25000000000001	84.7	243.10000000000002	169.4	143.0	266.75	1749.0
3046.0	147.80216622458013	152.8469938107869	174.5163129973475	100.10000000000001	80.30000000000001	168.3	206.8	211.20000000000002	180.4	1131.0
3047.0	117.18078498293522	129.77146757679185	255.28616040955632	89.65	68.75	242.00000000000003	174.35000000000002	162.25	264.55	2930.0
3048.0	179.59615384615392	90.30862785862783	95.67141372141374	172.70000000000002	86.9	92.95	183.70000000000002	95.15	99.55000000000001	481.0
3049.0	100.54438247011953	85.01378486055785	227.98047808764943	80.30000000000001	62.7	223.3	121.00000000000001	106.15	233.75000000000003	1255.0
3050.0	133.4786590351594	84.38609975470158	173.46676206050697	83.60000000000001	65.45	169.4	149.60000000000002	151.25	178.75000000000003	1223.0
3051.0	133.76634615384614	132.9464046822743	120.1055602006689	112.2	83.05000000000001	95.15	158.4	179.3	150.70000000000002	1196.0
3052.0	138.80229885057472	58.06609195402298	216.37252873563222	132.55	53.900000000000006	212.3	143.55	61.60000000000001	218.9	435.0
3053.0	141.35288966725045	96.21789258610626	156.93172796263866	87.45	64.35000000000001	152.35000000000002	173.25	168.85000000000002	163.35000000000002	1713.0
3054.0	109.29443723645802	108.8297113201427	203.85376256892638	77.55000000000001	62.150000000000006	160.05	169.4	176.0	238.70000000000002	3083.0
3055.0	115.02777777777774	102.54166666666674	238.94305555555556	76.45	62.7	230.45000000000002	147.95000000000002	143.0	248.05	1188.0
3056.0	112.5584637046308	116.90563204005007	191.2148310387985	81.4	64.35000000000001	148.5	143.0	172.70000000000002	222.75000000000003	3196.0
3057.0	153.30510116229044	99.35348687042607	148.1611924235902	92.4	74.80000000000001	143.55	175.45000000000002	174.35000000000002	153.45000000000002	2323.0
3058.0	175.1134038800704	139.42111992945325	195.85092592592596	130.35000000000002	93.50000000000001	176.0	212.3	207.35000000000002	246.40000000000003	1134.0
3059.0	118.27596749226008	113.70739164086682	182.33933178534576	94.60000000000001	80.85000000000001	108.35000000000001	144.10000000000002	184.25000000000003	195.8	3876.0
3060.0	119.56544256120529	104.66494821092273	183.81445386064033	91.85000000000001	78.65	174.9	140.8	141.9	193.60000000000002	2124.0
3061.0	107.67593250444051	154.95956927175874	195.2641651865009	101.2	148.5	183.70000000000002	112.2	161.70000000000002	207.9	2252.0
3062.0	192.95400521002972	114.15177466623251	110.77046564636927	182.05	106.7	104.50000000000001	200.75000000000003	120.45	116.05000000000001	3071.0
3063.0	152.22336086732096	163.76484254001033	113.63051109963862	130.35000000000002	107.25000000000001	108.9	194.70000000000002	189.75000000000003	117.15	1937.0
3064.0	157.78011278195495	162.9563157894739	111.99943609022557	132.55	112.75000000000001	107.80000000000001	196.9	193.05	114.95	1330.0
3065.0	174.98938615467813	130.78532990805843	109.83624932395891	125.4	101.75000000000001	102.30000000000001	202.95000000000002	192.50000000000003	116.60000000000001	3698.0
3066.0	115.55521032504788	114.80750478011483	211.79232791587	84.7	69.30000000000001	200.75000000000003	157.3	150.70000000000002	220.55	2092.0
3067.0	138.94249620060774	156.92260638297867	216.806990881459	117.7	94.60000000000001	163.9	178.75000000000003	204.05	245.3	2632.0
3068.0	139.71678876678874	141.8079975579976	243.6909645909646	119.9	99.00000000000001	232.10000000000002	177.10000000000002	164.45000000000002	255.20000000000002	819.0
3069.0	153.92685149282653	109.1051570376114	155.36487010469176	107.80000000000001	79.75	149.60000000000002	180.4	165.0	162.25	2579.0
3070.0	157.2305460750854	79.143686006826	237.92474402730377	151.25	74.25	235.4	161.15	82.5	240.35000000000002	293.0
3071.0	95.7645035183737	106.99929632525412	236.51419077404216	80.30000000000001	64.35000000000001	226.05	134.20000000000002	125.95000000000002	242.00000000000003	1279.0
3072.0	139.3707296849092	123.08233830845764	196.71575456053066	110.55000000000001	88.55000000000001	183.15	166.10000000000002	166.10000000000002	214.50000000000003	1809.0
3073.0	181.9197782546495	143.56849070100148	107.44867668097282	138.05	107.80000000000001	103.4	207.9	196.9	111.65	1398.0
3074.0	135.4504178674353	110.88095100864561	185.3035590778098	97.9	81.95	174.9	173.8	161.70000000000002	250.25000000000003	3470.0
3075.0	137.82177511415534	130.84569063926958	250.9205479452055	114.95	91.30000000000001	237.05	174.35000000000002	156.75	261.25	1752.0
3076.0	117.73248442156599	145.16706854510974	191.30984827959904	96.80000000000001	84.15	165.55	162.8	207.35000000000002	256.85	7382.0
3077.0	148.0793710691823	147.5729559748427	109.35867924528303	117.7	93.50000000000001	105.60000000000001	188.65	184.25000000000003	113.85000000000001	795.0
3078.0	177.9894838001097	133.5316035145525	112.99132344865457	138.60000000000002	97.35000000000001	105.05000000000001	211.75000000000003	203.50000000000003	117.7	1821.0
3079.0	176.05189020381312	126.46275476660094	107.2268573307035	123.20000000000002	95.15	102.30000000000001	201.85000000000002	193.60000000000002	112.2	3042.0
3080.0	153.2750572082378	150.96713386727714	110.03775743707094	118.25000000000001	99.00000000000001	105.60000000000001	198.00000000000003	191.4	113.30000000000001	1748.0
3081.0	185.22671957671946	73.34232804232798	207.92010582010582	157.3	63.25000000000001	165.0	215.05	86.35000000000001	245.85000000000002	2079.0
3082.0	130.18469101123597	198.74543539325862	112.93384831460675	124.85000000000001	193.60000000000002	110.55000000000001	135.85000000000002	203.50000000000003	114.95	712.0
3083.0	116.39211711711715	175.69324324324324	149.8581081081081	99.00000000000001	84.15	108.35000000000001	179.85000000000002	204.60000000000002	190.85000000000002	2442.0
3084.0	100.35441176470589	118.49852941176468	190.7356617647059	73.7	61.050000000000004	143.0	141.35000000000002	168.85000000000002	215.60000000000002	1496.0
3085.0	116.46612403100781	129.24850775193806	158.4415697674419	91.85000000000001	72.05000000000001	152.9	159.5	161.15	163.35000000000002	2580.0
3086.0	137.28763089005224	117.78134816753936	159.95425392670157	99.00000000000001	81.4	155.65	172.15	165.0	163.9	764.0
3087.0	97.66866295264617	111.9055431754876	233.95345403899725	72.05000000000001	56.650000000000006	216.70000000000002	135.85000000000002	155.10000000000002	257.95000000000005	1795.0
3088.0	157.06996855345906	61.74225628930815	161.4552672955975	147.95000000000002	58.300000000000004	158.4	167.20000000000002	64.9	165.0	1272.0
3089.0	120.96527032604232	124.77577383409003	181.3685720181593	82.5	62.7	158.95000000000002	181.50000000000003	185.9	231.00000000000003	2423.0
3090.0	108.33676209779584	127.47821129972115	206.18004813782622	80.85000000000001	63.800000000000004	162.8	180.95000000000002	185.9	247.50000000000003	3947.0
3091.0	165.24808981233244	117.12751340482575	183.24289544235927	135.3	99.00000000000001	133.10000000000002	182.05	172.70000000000002	219.45000000000002	1492.0
3092.0	206.8465211459753	117.7420190995908	182.90163710777628	200.75000000000003	111.65	174.35000000000002	212.3	123.75000000000001	188.10000000000002	733.0
3093.0	128.4985347985348	203.9351648351648	174.4930402930403	122.10000000000001	201.85000000000002	166.65	135.3	206.25000000000003	179.3	546.0
3094.0	120.7796857142857	100.4598571428571	244.92757142857144	102.30000000000001	85.80000000000001	237.60000000000002	141.35000000000002	122.65	253.55	1750.0
3095.0	105.47266009852207	121.45517241379314	251.25246305418722	102.30000000000001	117.15	244.20000000000002	110.00000000000001	125.95000000000002	256.85	406.0
3096.0	114.42005208333327	165.3447048611111	128.69427083333335	112.2	160.60000000000002	124.85000000000001	117.15	169.4	132.55	576.0
3097.0	116.17137702946476	156.2029765484064	143.98622970535178	99.00000000000001	88.0	139.70000000000002	177.10000000000002	173.8	146.85000000000002	1663.0
3098.0	134.68053914327933	107.22806499261439	145.81661742983752	88.55000000000001	74.80000000000001	140.8	163.35000000000002	164.45000000000002	150.70000000000002	1354.0
3099.0	134.86261127596467	102.25484668644911	147.8776458951533	94.05000000000001	78.10000000000001	141.9	154.0	156.20000000000002	156.75	1011.0
3100.0	130.9764974619289	111.06482233502538	153.37852791878174	95.7	79.75	145.75	156.75	156.75	159.5	985.0
3101.0	92.99058252427177	123.03766990291265	214.85990291262138	90.2	119.35000000000001	209.00000000000003	95.7	126.50000000000001	218.9	515.0
3102.0	206.42868268802857	122.09412550066754	145.55785491766804	195.25000000000003	111.65	92.95	212.85000000000002	133.65	180.95000000000002	2247.0
3103.0	122.66867647058815	127.3569117647059	208.57764705882354	89.10000000000001	76.45	185.9	183.15	162.25	249.70000000000002	3740.0
3104.0	158.81722445336902	152.41307452030358	209.00760821062025	123.75000000000001	99.00000000000001	160.05	214.50000000000003	208.45000000000002	248.05	2241.0
3105.0	145.2367469879519	137.73915662650606	239.23855421686747	113.30000000000001	91.85000000000001	228.25000000000003	184.8	168.85000000000002	252.45000000000002	913.0
3106.0	131.09432176656154	92.37917981072546	253.5152996845426	122.10000000000001	89.10000000000001	244.75000000000003	138.05	97.35000000000001	261.25	317.0
3107.0	126.57169966996697	104.8426155115511	252.9482673267327	106.7	89.65	240.9	145.75	123.75000000000001	262.90000000000003	1212.0
3108.0	140.54684115523466	91.5025270758122	253.87960288808665	136.4	87.45	248.05	145.20000000000002	96.80000000000001	260.15000000000003	554.0
3109.0	164.06011163589557	125.71526406182907	150.2286389008158	110.00000000000001	95.15	122.10000000000001	213.4	173.25	178.20000000000002	2329.0
3110.0	117.60667981961683	107.24534949267183	223.00360766629086	88.55000000000001	73.15	211.20000000000002	147.95000000000002	139.70000000000002	231.55	1774.0
3111.0	104.73169826875517	82.51768342951348	224.66343775762573	70.95	56.650000000000006	216.15	128.70000000000002	125.4	234.3	1213.0
3112.0	129.01584158415844	69.68585572843	204.11612446958983	125.4	64.9	201.3	132.55	75.35000000000001	206.8	707.0
3113.0	141.12481884057974	66.2590579710145	202.7646739130435	136.95000000000002	63.800000000000004	200.75000000000003	145.20000000000002	68.75	205.70000000000002	276.0
3114.0	133.71621679520138	95.05951156812347	193.85614824335906	77.0	61.050000000000004	139.15	183.15	146.3	222.20000000000002	2334.0
3115.0	122.80124999999995	98.75708333333337	209.17966666666666	81.95	68.75	201.3	150.15	143.0	220.00000000000003	1200.0
3116.0	143.66619268717355	139.14170052234476	171.2102437608822	112.75000000000001	97.35000000000001	86.35000000000001	182.60000000000002	178.20000000000002	215.05	1723.0
3117.0	126.20339036755391	144.43320659062104	207.18548795944233	114.95	100.10000000000001	190.3	166.10000000000002	162.8	216.70000000000002	1578.0
3118.0	149.16890597794554	147.20927161926852	174.39931804991295	97.35000000000001	103.4	162.25	214.50000000000003	207.35000000000002	188.10000000000002	3446.0
3119.0	168.96525198939008	152.86436150056838	163.32499052671466	124.30000000000001	101.75000000000001	118.25000000000001	216.15	210.10000000000002	180.4	2639.0
3120.0	195.29294670846397	134.80995297805643	163.11152037617555	132.55	110.00000000000001	156.20000000000002	214.50000000000003	206.8	171.60000000000002	7018.0
3121.0	96.06215250198582	141.81918189038925	194.27319301032563	92.95	133.10000000000002	187.55	100.65	152.9	205.15	2518.0
3122.0	128.3393251273345	114.015513582343	173.3795628183362	95.7	79.2	122.65	152.35000000000002	166.65	194.15	2356.0
3123.0	130.61633237822352	102.82399713467049	260.6511461318052	111.10000000000001	91.85000000000001	256.3	144.65	119.35000000000001	264.55	698.0
3124.0	109.49094292803971	120.98498759305213	255.3828784119107	105.05000000000001	117.7	249.70000000000002	114.95	124.85000000000001	260.15000000000003	403.0
3125.0	99.38216398985627	109.22730346576515	237.34196956889264	77.55000000000001	61.050000000000004	224.95000000000002	140.8	137.5	246.40000000000003	1183.0
3126.0	134.1250254323501	152.75061037639887	183.46920142421163	71.5	58.85	141.35000000000002	173.25	202.4	218.35000000000002	1966.0
3127.0	131.67434210526318	55.718859649122805	208.17017543859652	126.50000000000001	52.25000000000001	204.60000000000002	136.4	59.400000000000006	211.20000000000002	228.0
3128.0	132.83741935483874	99.09225806451613	163.39870967741933	74.25	60.50000000000001	139.70000000000002	177.10000000000002	175.45000000000002	218.9	1705.0
3129.0	101.84513513513512	111.77664864864866	213.95475675675678	75.35000000000001	59.400000000000006	204.60000000000002	147.95000000000002	143.55	222.20000000000002	925.0
3130.0	120.32888601036274	162.7077396373057	184.1000323834197	88.55000000000001	88.0	158.95000000000002	175.45000000000002	205.70000000000002	235.4	1544.0
3131.0	146.13470270270255	148.57447297297298	186.6283783783784	88.0	75.9	154.55	215.05	209.55	247.50000000000003	3700.0
3132.0	145.31214896214885	135.41886446886448	121.11416361416362	117.15	101.75000000000001	117.7	174.35000000000002	170.5	124.30000000000001	819.0
3133.0	107.01453674121413	116.84893503727373	250.30505857294997	103.95	111.10000000000001	245.3	111.65	122.65	255.75000000000003	939.0
3134.0	135.8865558912387	89.4082326283988	246.62432024169186	130.35000000000002	87.45	240.35000000000002	140.25	92.95	253.55	662.0
3135.0	152.60857142857145	125.45190476190474	224.64476190476194	119.35000000000001	96.25000000000001	213.4	178.20000000000002	168.85000000000002	237.60000000000002	1155.0
3136.0	85.65111856823275	148.46431767337836	178.47069351230425	83.05000000000001	141.9	174.9	88.55000000000001	154.0	182.05	447.0
3137.0	119.15515695067268	87.57002989536625	216.61614349775786	90.75000000000001	72.60000000000001	211.20000000000002	130.35000000000002	122.65	223.3	669.0
3138.0	112.78805535324113	132.99865258557898	146.4442097596504	84.15	66.55000000000001	140.8	162.8	173.25	150.70000000000002	1373.0
3139.0	114.43521536670545	99.29901047729919	210.60710128055882	78.65	63.25000000000001	202.4	147.4	141.9	221.10000000000002	859.0
3140.0	114.71166666666667	91.99833333333338	220.2675	74.25	57.75000000000001	210.10000000000002	145.75	139.15	231.55	660.0
3141.0	75.08902439024399	130.74878048780488	225.50731707317075	72.05000000000001	127.05000000000001	221.10000000000002	78.10000000000001	135.3	228.8	451.0
3142.0	139.69630611523502	115.78054082714746	143.8711735595617	87.45	70.95	139.15	182.60000000000002	181.50000000000003	148.5	2829.0
3143.0	149.67673170731695	104.57726829268296	141.71702439024392	88.55000000000001	70.95	138.60000000000002	182.60000000000002	179.85000000000002	146.3	1025.0
3144.0	101.82249560632687	152.9415641476275	155.6132688927944	99.00000000000001	149.05	150.70000000000002	105.60000000000001	156.20000000000002	159.5	569.0
3145.0	132.4135110294117	116.41902573529407	151.73630514705886	102.85000000000001	84.7	145.20000000000002	157.3	156.20000000000002	157.3	544.0
3146.0	104.9417899408284	152.41264792899395	153.32795857988168	101.2	149.60000000000002	146.3	109.45	155.65	160.05	676.0
3147.0	145.11023513139693	102.05961272475794	155.02621023513143	101.75000000000001	82.5	149.05	160.05	156.20000000000002	160.60000000000002	723.0
3148.0	93.22858306188911	147.27168159609076	191.85146579804564	89.10000000000001	137.5	184.25000000000003	100.65	156.20000000000002	198.55	2456.0
3149.0	148.75411577270307	121.31019649495487	192.94981412639407	117.15	83.60000000000001	121.55000000000001	185.9	168.85000000000002	248.05	1883.0
3150.0	119.36744402985072	102.94953358208953	248.6092350746269	106.15	87.45	239.25000000000003	133.65	121.55000000000001	258.5	536.0
3151.0	125.61946472019466	101.03205596107054	254.21709245742096	107.80000000000001	88.55000000000001	245.85000000000002	140.25	119.35000000000001	260.70000000000005	822.0
3152.0	154.17490185081328	132.295204711161	213.65510375771174	103.4	85.25	170.5	183.70000000000002	214.50000000000003	245.3	1783.0
3153.0	172.9711068211069	166.6039897039897	105.52992277992279	147.4	105.05000000000001	100.10000000000001	210.10000000000002	209.00000000000003	110.55000000000001	777.0
3154.0	151.78301158301187	139.29794079794084	229.4342342342343	122.10000000000001	98.45	220.00000000000003	184.25000000000003	171.05	240.35000000000002	1554.0
3155.0	135.80435684647313	99.3176763485477	143.52215767634857	81.95	64.9	138.60000000000002	164.45000000000002	168.85000000000002	150.70000000000002	1205.0
3156.0	128.1682539682537	110.4365079365079	148.6698412698413	80.85000000000001	62.7	144.65	168.3	175.45000000000002	152.35000000000002	693.0
3157.0	113.45861607142858	87.49125	212.4846428571429	71.5	53.900000000000006	204.60000000000002	145.20000000000002	139.70000000000002	222.75000000000003	1120.0
3158.0	78.86083333333326	171.38343750000018	154.33458333333334	77.0	163.35000000000002	150.15	80.85000000000001	177.65	158.4	480.0
3159.0	141.18131557707804	120.14903147699748	150.33954802259888	86.35000000000001	70.95	146.85000000000002	182.60000000000002	184.25000000000003	154.55	1239.0
3160.0	130.88976172747581	79.25979151154128	209.5586001489204	127.05000000000001	73.7	202.4	135.85000000000002	83.60000000000001	217.25000000000003	1343.0
3161.0	157.50947265624995	119.39833984375001	106.63447265625001	119.9	98.45	103.4	174.35000000000002	169.95000000000002	110.55000000000001	512.0
3162.0	114.99256965944274	148.54852941176472	155.62871517027864	88.0	75.35000000000001	151.25	179.3	179.85000000000002	159.5	646.0
3163.0	130.89048588145508	123.82625286186723	156.0028618672094	85.80000000000001	77.55000000000001	141.9	175.45000000000002	169.4	215.05	3931.0
3164.0	103.85125260960336	106.88256784968686	210.86586638830897	78.10000000000001	65.45	201.3	141.9	135.85000000000002	218.9	479.0
3165.0	107.83324006715162	108.86091214325687	209.55800223838838	81.95	69.30000000000001	200.20000000000002	143.0	136.4	217.25000000000003	1787.0
3166.0	104.91415034744162	117.86816171825652	212.02135186355025	81.95	71.5	201.85000000000002	146.3	141.9	218.35000000000002	1583.0
3167.0	144.11819951338163	107.4956934306574	146.3907299270073	86.9	69.30000000000001	142.45000000000002	180.4	177.10000000000002	151.25	2055.0
3168.0	121.76033105022839	140.841752283105	147.65867579908675	89.65	73.7	142.45000000000002	179.85000000000002	180.95000000000002	152.35000000000002	1752.0
3169.0	117.6945842450767	94.40021881838075	212.62374179431072	76.45	59.95	205.15	149.05	143.55	222.20000000000002	914.0
3170.0	96.16389776357823	106.74814696485625	215.65482428115018	72.60000000000001	57.75000000000001	202.95000000000002	139.15	136.4	226.05	1565.0
3171.0	115.43420803782502	101.50841607565022	207.6708983451537	77.0	63.25000000000001	147.95000000000002	176.0	136.95000000000002	228.8	2115.0
3172.0	121.52284663865547	81.56157212885165	217.459331232493	73.7	56.650000000000006	207.35000000000002	142.45000000000002	136.4	230.45000000000002	2856.0
3173.0	146.4380308880307	79.89015444015443	184.80318532818535	141.9	77.0	180.4	151.25	82.5	188.10000000000002	518.0
3174.0	140.37649423278563	157.39804264243267	136.90136315973436	115.50000000000001	102.85000000000001	117.15	174.9	207.9	179.3	2861.0
3175.0	158.54612442631304	123.6728709841917	170.12080571137173	88.55000000000001	69.85000000000001	164.45000000000002	205.15	205.70000000000002	175.45000000000002	1961.0
3176.0	140.288470407379	148.29792467332828	176.636664104535	105.05000000000001	122.65	141.9	180.4	180.4	216.70000000000002	1301.0
3177.0	174.6281609195403	106.03620689655173	243.39080459770116	172.70000000000002	103.4	241.45000000000002	176.0	108.35000000000001	245.3	87.0
3178.0	93.34554794520547	124.3885273972603	224.59400684931506	89.65	120.45	222.20000000000002	96.25000000000001	129.25	227.15	292.0
3179.0	133.19354788557217	184.4186256218904	117.20575248756222	126.50000000000001	177.10000000000002	112.75000000000001	140.8	193.60000000000002	121.00000000000001	3216.0
3180.0	176.5604083665338	97.6008964143426	225.4380976095618	172.15	91.30000000000001	220.00000000000003	180.4	102.85000000000001	230.45000000000002	1004.0
3181.0	195.0436484490399	111.74884293451497	117.62742491383555	183.15	106.7	110.55000000000001	204.60000000000002	116.60000000000001	124.30000000000001	2031.0
3182.0	109.34009333899029	90.32134068731435	184.95354263894782	72.05000000000001	58.300000000000004	149.60000000000002	143.55	141.9	231.00000000000003	2357.0
3183.0	103.86566186107474	79.7244102228048	226.13505897771955	74.80000000000001	59.95	220.00000000000003	122.65	108.9	233.75000000000003	1526.0
3184.0	147.92622789783897	111.19400785854616	147.1611984282908	84.7	68.2	142.45000000000002	185.35000000000002	184.25000000000003	151.25	509.0
3185.0	115.14477503628449	79.37721335268508	213.411175616836	71.5	53.900000000000006	205.70000000000002	136.4	135.85000000000002	226.60000000000002	689.0
3186.0	112.06583333333334	93.04333333333336	216.09041666666667	73.7	55.00000000000001	207.35000000000002	146.85000000000002	143.0	225.50000000000003	1320.0
3187.0	84.47649402390438	170.07873505976121	156.37913346613547	78.65	163.9	151.8	90.75000000000001	176.55	159.5	1004.0
3188.0	78.67702312138734	136.37615606936416	222.8906791907514	75.9	131.45000000000002	218.35000000000002	81.95	141.35000000000002	227.15	692.0
3189.0	109.58137651821862	105.3691632928476	219.34757085020243	75.35000000000001	57.75000000000001	208.45000000000002	149.60000000000002	146.3	227.70000000000002	741.0
3190.0	106.75307936507942	135.00247619047636	164.25374603174603	76.45	67.10000000000001	151.8	152.9	179.85000000000002	181.50000000000003	1575.0
3191.0	134.9561946902655	95.50265486725665	190.28141592920358	73.7	63.800000000000004	150.15	184.25000000000003	146.85000000000002	231.55	1243.0
3192.0	128.85622065727682	139.64254694835674	150.75842136150237	85.25	71.5	144.65	185.9	187.55	156.75	1704.0
3193.0	153.96806966618286	90.7735486211902	148.90112481857767	79.2	61.050000000000004	144.65	180.4	179.85000000000002	154.55	1378.0
3194.0	139.03787096774204	116.41832258064515	149.7398064516129	83.05000000000001	64.9	144.65	182.05	181.50000000000003	155.10000000000002	775.0
3195.0	140.20769230769238	110.46538461538462	154.60241660993876	80.85000000000001	61.60000000000001	150.15	181.50000000000003	181.50000000000003	158.95000000000002	1469.0
3196.0	128.07727272727274	156.6681818181818	251.75227272727275	124.85000000000001	154.0	249.15000000000003	132.55	160.05	254.10000000000002	242.0
3197.0	105.90749721293197	168.54280936454848	161.33149386845045	99.55000000000001	160.60000000000002	158.4	112.2	176.55	163.9	1794.0
3198.0	106.73871898441998	110.71661858049626	220.72423542989037	85.80000000000001	75.9	209.55	140.8	134.20000000000002	229.35000000000002	1733.0
3199.0	131.96034883720932	77.9708139534884	208.32337209302327	128.70000000000002	73.7	204.05	135.85000000000002	80.30000000000001	212.85000000000002	430.0
3200.0	126.2598277608916	93.27710233029386	212.27325227963527	91.30000000000001	76.45	205.15	145.20000000000002	129.8	222.75000000000003	987.0
3201.0	114.29605263157896	140.99210526315792	150.13750000000002	86.9	74.80000000000001	140.8	178.20000000000002	178.20000000000002	161.15	1672.0
3202.0	119.17162728658529	93.45116234756091	218.94967606707317	81.95	64.35000000000001	210.65	145.75	136.95000000000002	229.9	2624.0
3203.0	105.10982456140354	121.36203508771926	189.7851228070176	80.30000000000001	66.0	155.10000000000002	135.3	167.75	223.85000000000002	1425.0
3204.0	110.83788571428573	93.5867428571429	218.27205714285716	78.65	64.35000000000001	209.55	136.95000000000002	129.8	226.05	875.0
3205.0	111.61488850021863	93.5250109313513	218.99162658504594	80.30000000000001	61.050000000000004	209.00000000000003	141.35000000000002	128.70000000000002	228.8	2287.0
3206.0	106.38181481481466	170.3256296296297	154.94396296296298	95.7	162.25	149.05	113.85000000000001	177.10000000000002	160.05	1350.0
3207.0	92.9193379790942	132.99939024390244	216.98410278745646	89.10000000000001	124.30000000000001	212.3	96.25000000000001	140.25	221.10000000000002	1148.0
3208.0	145.260926902788	103.52268274302932	147.68639788997743	89.10000000000001	70.4	143.55	176.55	174.35000000000002	153.45000000000002	1327.0
3209.0	134.52027210884356	64.15544217687074	208.65204081632652	129.25	60.50000000000001	205.15	140.25	67.10000000000001	212.3	735.0
3210.0	115.66149388280755	129.31835157759178	170.02933032839667	80.30000000000001	64.35000000000001	143.0	176.55	174.35000000000002	220.55	1553.0
3211.0	167.89360699865406	69.65013458950203	147.0913189771198	158.95000000000002	66.55000000000001	144.65	176.0	73.7	149.05	743.0
3212.0	140.30487012986978	99.99415584415581	150.95097402597403	84.15	67.10000000000001	145.75	175.45000000000002	172.15	156.75	1694.0
3213.0	87.13004807692317	173.1107371794874	152.13934294871797	82.5	166.65	149.60000000000002	90.2	178.20000000000002	155.10000000000002	624.0
3214.0	134.083517495396	77.99182320441993	213.46583793738492	79.2	61.050000000000004	206.8	149.60000000000002	140.25	226.60000000000002	2715.0
3215.0	122.55707762557073	90.27584474885843	216.633698630137	77.55000000000001	58.300000000000004	208.45000000000002	149.60000000000002	143.0	228.25000000000003	1095.0
3216.0	154.1263513513514	95.81636402027034	152.32236064189186	86.9	68.2	146.85000000000002	179.3	177.10000000000002	156.75	2368.0
3217.0	115.62382739212015	98.47270168855535	220.5706378986867	80.85000000000001	61.050000000000004	213.4	146.3	140.25	230.45000000000002	533.0
3218.0	116.08777315296567	91.31488033298643	221.8056711758585	75.35000000000001	59.95	215.05	143.55	136.95000000000002	232.10000000000002	961.0
3219.0	104.31604549854795	105.02630687318504	222.9951839303001	75.35000000000001	62.7	212.3	141.35000000000002	136.4	231.55	2066.0
3220.0	159.0795402951192	143.87307037457433	137.52590805902386	118.25000000000001	102.85000000000001	89.10000000000001	215.60000000000002	207.35000000000002	169.95000000000002	1762.0
3221.0	119.42840549102432	116.40659978880674	182.36652587117214	96.25000000000001	86.35000000000001	177.65	150.70000000000002	147.95000000000002	188.10000000000002	947.0
3222.0	130.823417721519	88.16708860759495	247.1693037974684	126.50000000000001	87.45	243.65	136.4	89.10000000000001	250.25000000000003	158.0
3223.0	106.90545977011496	111.16795977011496	250.87270114942532	103.95	106.15	246.95000000000002	110.55000000000001	115.50000000000001	255.20000000000002	348.0
3224.0	120.51556291390729	97.33634105960269	250.298261589404	104.50000000000001	86.9	242.00000000000003	136.95000000000002	113.85000000000001	258.5	604.0
3225.0	148.94864864864857	137.1216216216216	121.18243243243244	123.75000000000001	105.60000000000001	117.15	174.9	167.75	125.4	407.0
3226.0	166.73369893062798	151.61118727721407	190.92344392651492	123.20000000000002	95.7	152.9	212.3	206.8	243.10000000000002	3647.0
3227.0	139.23436090225564	128.76037593984967	182.54541353383462	97.35000000000001	80.85000000000001	177.65	178.20000000000002	180.4	187.00000000000003	665.0
3228.0	140.82457044673538	73.94948453608245	144.0867697594502	138.05	70.95	141.9	143.55	77.0	146.3	291.0
3229.0	96.0682437275986	95.73548387096773	215.19430107526884	69.30000000000001	56.650000000000006	202.95000000000002	128.70000000000002	125.95000000000002	228.25000000000003	1395.0
3230.0	155.9029673590505	140.29488130563806	209.198293768546	117.7	107.25000000000001	204.60000000000002	189.20000000000002	179.85000000000002	215.60000000000002	674.0
3231.0	107.69127906976743	98.53569767441857	206.70790697674423	81.4	66.0	199.65	137.5	129.8	214.50000000000003	430.0
3232.0	163.00520038167957	117.37776717557253	95.35887404580153	110.00000000000001	90.2	90.2	183.15	182.05	99.55000000000001	1048.0
3233.0	151.2827027027026	130.85045045045052	95.08063063063062	113.85000000000001	91.30000000000001	91.30000000000001	182.05	180.95000000000002	100.65	555.0
3234.0	160.00980191256858	118.90744535519131	95.6504098360656	111.65	92.4	91.30000000000001	180.95000000000002	179.85000000000002	100.10000000000001	1464.0
3235.0	110.75010162601617	125.2330623306233	172.76521002710027	85.25	85.80000000000001	141.35000000000002	162.8	156.20000000000002	213.4	1476.0
3236.0	215.54705607476637	83.7922429906541	169.31827102803737	210.10000000000002	78.65	165.0	219.45000000000002	88.55000000000001	173.25	1070.0
3237.0	211.43142605633807	112.35880281690144	105.23591549295776	207.35000000000002	107.80000000000001	102.30000000000001	215.05	117.15	107.80000000000001	568.0
3238.0	173.8148648648649	106.87094594594595	245.90202702702703	172.15	104.50000000000001	243.65	175.45000000000002	110.00000000000001	247.50000000000003	74.0
3239.0	129.6510587533551	130.7154637637937	150.6878616164629	99.55000000000001	80.85000000000001	144.65	170.5	166.10000000000002	158.95000000000002	3353.0
3240.0	84.55922619047622	167.82202380952376	151.31547619047618	81.95	163.35000000000002	149.60000000000002	86.9	173.8	152.9	336.0
3241.0	135.37541371158412	99.1998029944839	147.6240740740741	84.7	67.65	141.9	163.35000000000002	168.3	154.55	1269.0
3242.0	128.789308437068	101.40752420470271	162.45676348547718	77.55000000000001	68.75	145.20000000000002	162.25	166.10000000000002	224.4	3615.0
3243.0	122.77417257683217	88.22591607565009	209.89277482269503	84.15	70.4	202.4	145.20000000000002	128.70000000000002	223.85000000000002	3384.0
3244.0	155.04917061611363	131.16359597156404	117.63190165876776	116.60000000000001	97.35000000000001	112.75000000000001	184.25000000000003	179.85000000000002	124.85000000000001	1688.0
3245.0	119.4928747306863	176.8384579870729	209.45012311480457	92.95	106.15	168.3	188.10000000000002	227.15	262.90000000000003	3249.0
3246.0	129.67160596026497	92.99917218543052	152.9282284768212	80.30000000000001	59.95	149.05	159.5	162.8	156.20000000000002	604.0
3247.0	120.1525641025641	107.18717948717949	151.2650641025641	80.30000000000001	60.50000000000001	144.10000000000002	155.65	162.25	156.75	1716.0
3248.0	133.87955584585256	99.3578053559765	248.92511430437622	86.9	65.45	239.8	164.45000000000002	152.9	260.15000000000003	1531.0
3249.0	97.60378571428583	109.67864285714285	225.66578571428573	69.85000000000001	53.35	215.60000000000002	146.3	140.8	232.10000000000002	700.0
3250.0	140.93085023400954	88.49422776911078	154.96872074882998	80.30000000000001	59.400000000000006	149.05	171.60000000000002	171.60000000000002	162.8	1282.0
3251.0	84.25541112454667	159.81357315598558	164.81711003627566	80.30000000000001	150.15	160.60000000000002	89.10000000000001	167.20000000000002	169.4	1654.0
3252.0	111.07813121272366	134.3979125248509	152.29095427435388	79.75	63.800000000000004	146.85000000000002	171.05	175.45000000000002	156.75	503.0
3253.0	123.40467012601928	116.49358784284661	210.2634914751668	72.05000000000001	68.2	200.75000000000003	185.9	179.3	220.00000000000003	1349.0
3254.0	219.03422619047635	128.34806547619047	110.34538690476192	217.25000000000003	125.95000000000002	105.60000000000001	221.10000000000002	131.45000000000002	114.4	336.0
3255.0	109.10321285140566	105.66295180722891	216.87836345381527	86.9	78.10000000000001	210.10000000000002	141.9	124.30000000000001	224.4	996.0
3256.0	122.458321479374	133.99267425320062	152.6199146514936	100.65	84.7	145.20000000000002	162.25	160.05	159.5	1406.0
3257.0	131.15269370460058	126.32720944309919	156.64046610169493	100.10000000000001	83.05000000000001	149.05	167.75	167.20000000000002	161.70000000000002	1652.0
3258.0	143.48830798479096	112.39093155893524	155.85933460076046	105.60000000000001	80.30000000000001	146.3	169.4	166.10000000000002	162.8	2630.0
3259.0	121.84403639909013	134.73319792005205	154.31888202794934	88.55000000000001	73.7	147.95000000000002	173.8	175.45000000000002	160.05	3077.0
3260.0	126.36467486818984	204.28875219683647	112.38462214411248	121.00000000000001	200.20000000000002	110.55000000000001	130.35000000000002	207.9	114.95	569.0
3261.0	111.18603112840458	82.76408560311285	218.11715953307396	69.85000000000001	52.25000000000001	209.55	140.8	133.65	230.45000000000002	1285.0
3262.0	167.10439252336448	147.242024922118	113.09165109034268	121.55000000000001	94.60000000000001	107.25000000000001	209.55	204.05	117.15	1605.0
3263.0	122.1442953020134	103.8028763183126	245.6649089165868	75.35000000000001	58.85	236.50000000000003	165.0	151.8	255.75000000000003	1043.0
3264.0	127.22278761061942	105.11911504424785	152.0550442477876	82.5	65.45	146.85000000000002	162.25	166.10000000000002	156.20000000000002	1130.0
3265.0	135.18992220650642	100.48313295615272	154.57061527581328	81.4	63.25000000000001	149.60000000000002	168.3	170.5	159.5	1414.0
3266.0	143.91592442645086	62.78016194331984	217.92543859649123	140.25	57.2	213.4	147.4	71.5	221.10000000000002	741.0
3267.0	111.54635529157687	101.07437904967601	222.1714902807776	72.60000000000001	54.45	212.3	149.60000000000002	144.10000000000002	231.55	1852.0
3268.0	124.06403785488966	123.24164037854888	153.03648790746584	81.95	64.9	147.4	177.65	176.0	156.75	951.0
3269.0	168.8412790697678	69.56220930232558	153.04069767441862	161.15	66.0	149.05	177.10000000000002	74.25	156.75	946.0
3270.0	170.96028368794322	66.0029255319149	152.44459219858157	165.0	63.800000000000004	149.60000000000002	176.0	69.30000000000001	154.55	564.0
3271.0	128.31163849154743	156.83654096228886	99.11014304291288	110.00000000000001	92.4	94.60000000000001	180.4	180.95000000000002	103.4	769.0
3272.0	112.47978260869564	174.7660869565219	100.47782608695653	110.00000000000001	170.5	97.35000000000001	114.95	178.20000000000002	102.85000000000001	230.0
3273.0	116.85789974619294	131.18197969543147	152.34860406091371	91.30000000000001	79.75	145.75	158.95000000000002	162.25	157.85000000000002	1576.0
3274.0	122.77802850356288	127.06306413301664	155.8139548693587	95.15	79.75	151.25	161.15	163.35000000000002	159.5	842.0
3275.0	116.49402439024391	97.9044715447154	210.91918699186994	87.45	68.2	202.4	143.55	132.55	220.55	1230.0
3276.0	120.35837946653245	91.98701560140917	214.81887267237042	84.15	68.2	206.8	143.0	135.85000000000002	226.05	1987.0
3277.0	105.97620624408707	113.01225165562914	219.48538315988648	81.4	71.5	209.55	145.75	137.5	226.05	1057.0
3278.0	145.75	75.73500000000003	176.8962962962963	141.9	73.15	174.35000000000002	148.5	78.10000000000001	179.85000000000002	270.0
3279.0	118.35034722222224	109.90902777777778	210.37187500000002	71.5	52.25000000000001	173.8	143.55	205.15	233.20000000000002	1584.0
3280.0	113.69474386339382	108.7241995731058	247.47916221985062	75.35000000000001	58.300000000000004	237.60000000000002	158.95000000000002	146.3	255.75000000000003	1874.0
3281.0	110.79078175895766	120.35397394136776	250.83654723127037	80.30000000000001	61.60000000000001	239.25000000000003	166.10000000000002	152.35000000000002	258.5	1535.0
3282.0	147.55477386934672	141.35221105527637	178.72291457286434	109.45	89.10000000000001	95.15	187.55	180.95000000000002	218.9	995.0
3283.0	96.33279569892473	124.6459677419355	219.1956989247312	94.05000000000001	122.10000000000001	215.60000000000002	99.00000000000001	128.15	222.75000000000003	186.0
3284.0	162.3222520107241	112.00509383378032	184.33672922252018	79.75	90.75000000000001	140.25	198.55	168.85000000000002	214.50000000000003	4103.0
3285.0	132.058726899384	193.49271047227927	113.87032854209447	127.60000000000001	189.20000000000002	112.2	136.4	197.45000000000002	116.05000000000001	487.0
3286.0	81.28214285714292	135.5313492063492	231.38412698412702	77.55000000000001	133.10000000000002	228.8	85.25	138.05	233.20000000000002	252.0
3287.0	144.27191129883843	144.33231256599777	249.56467793030623	125.4	103.4	239.8	180.4	163.9	257.40000000000003	947.0
3288.0	188.23689427312777	154.1550660792952	176.77048458149784	140.25	124.30000000000001	171.60000000000002	211.75000000000003	209.55	182.05	908.0
3289.0	185.17977155490038	159.45501105379526	176.24277818717763	141.9	117.15	167.75	216.15	211.75000000000003	183.15	2714.0
3290.0	107.95511420059586	98.74657398212513	214.25203574975177	80.30000000000001	67.10000000000001	205.70000000000002	134.75	130.9	223.3	1007.0
3291.0	150.104056578597	100.23753669602353	150.977715505738	94.60000000000001	75.35000000000001	145.20000000000002	170.5	167.20000000000002	156.20000000000002	3747.0
3292.0	135.3086040914561	76.93977135980744	202.32719614921783	130.9	69.30000000000001	200.20000000000002	140.8	81.4	205.15	831.0
3293.0	133.4043233082704	118.48872180451133	156.61522556390977	91.30000000000001	70.4	150.15	171.60000000000002	174.9	163.35000000000002	2926.0
3294.0	145.2331256490133	106.18483904465216	157.77061266874352	92.95	73.15	152.35000000000002	173.25	171.60000000000002	163.35000000000002	963.0
3295.0	132.93877377717374	107.70191915760874	150.00427989130435	87.45	68.75	144.10000000000002	164.45000000000002	169.4	156.20000000000002	2944.0
3296.0	149.527943615257	89.8556799336649	151.44655887230516	89.65	70.4	147.4	169.95000000000002	167.75	157.3	1206.0
3297.0	89.0170634920635	114.03146258503405	212.54132653061228	70.95	62.7	200.75000000000003	134.20000000000002	132.55	220.00000000000003	882.0
3298.0	173.66988491048605	136.13976982097176	112.70569053708441	122.65	94.60000000000001	105.60000000000001	205.70000000000002	199.65	118.25000000000001	782.0
3299.0	158.4833986928105	171.7560130718955	138.5388888888889	138.60000000000002	116.60000000000001	133.65	200.75000000000003	199.65	142.45000000000002	765.0
3300.0	110.0521106941839	86.5656660412758	214.54953095684806	72.05000000000001	58.85	206.8	133.65	129.8	225.50000000000003	1066.0
3301.0	116.38167938931299	116.38587786259544	152.719465648855	88.0	72.05000000000001	144.65	149.60000000000002	157.85000000000002	157.3	655.0
3302.0	108.54737237237244	73.78960210210212	223.26614114114116	72.60000000000001	58.300000000000004	217.8	123.20000000000002	112.75000000000001	231.00000000000003	1332.0
3303.0	144.48709239130434	62.01847826086957	220.69945652173917	141.9	57.2	218.35000000000002	147.95000000000002	67.65	222.75000000000003	368.0
3304.0	131.32289313640314	141.8966550825368	254.02306689834927	116.60000000000001	92.95	238.15	174.9	158.4	263.45000000000005	1151.0
3305.0	82.45379644588036	152.65387722132473	159.03085621970922	79.75	143.55	155.65	85.25	162.25	162.8	619.0
3306.0	118.77058938329434	104.59016393442627	165.57941061670576	70.95	60.50000000000001	140.8	162.8	157.3	232.10000000000002	2562.0
3307.0	87.0908765652952	154.6902057245083	156.13063506261182	83.60000000000001	145.20000000000002	151.8	91.30000000000001	164.45000000000002	159.5	1118.0
3308.0	121.4132056106738	111.02172425590142	156.95340403694834	84.15	63.800000000000004	150.15	162.8	167.75	163.9	2923.0
3309.0	90.22812327252626	116.79640685461578	203.36318407960206	76.45	62.150000000000006	156.20000000000002	127.05000000000001	160.60000000000002	230.45000000000002	3618.0
3310.0	99.80770296481025	110.03459407037965	194.0509420892214	77.55000000000001	62.150000000000006	149.05	153.45000000000002	154.55	228.8	3609.0
3311.0	86.57383720930233	106.08056478405312	224.92578903654484	74.80000000000001	64.9	215.60000000000002	125.95000000000002	122.65	232.10000000000002	1204.0
3312.0	93.9786799065422	134.13716121495347	169.4296845794393	73.7	59.95	100.65	153.45000000000002	182.05	223.85000000000002	4280.0
3313.0	150.7912352941177	73.02123529411767	160.64723529411768	143.0	68.2	156.75	156.20000000000002	76.45	163.35000000000002	850.0
3314.0	105.79920962199314	106.37705612829322	183.96523482245132	73.7	59.95	151.25	157.3	159.5	229.9	4365.0
3315.0	123.05156453715776	170.66994784876115	120.57046936114733	119.35000000000001	166.65	117.15	127.60000000000001	174.9	125.4	767.0
3316.0	114.3538263849228	112.68058252427178	147.4741290691034	81.95	65.45	141.35000000000002	154.0	158.95000000000002	152.9	1751.0
3317.0	124.94502617801061	103.18115183246078	144.0606457242583	86.35000000000001	72.05000000000001	139.70000000000002	150.70000000000002	155.65	149.05	573.0
3318.0	71.2286569148938	117.17047872340427	228.00206117021278	68.2	107.25000000000001	220.55	74.25	123.75000000000001	233.20000000000002	1504.0
3319.0	111.12860434496376	119.3623107307439	149.42873601053327	82.5	66.0	144.10000000000002	154.55	162.25	154.0	1519.0
3320.0	125.9840707964602	105.95936578171096	154.9515486725664	80.30000000000001	62.7	149.60000000000002	161.70000000000002	169.4	161.15	678.0
3321.0	135.38804047838093	117.75262189512422	135.47810487580497	91.30000000000001	74.25	107.25000000000001	204.05	152.9	149.60000000000002	1087.0
3322.0	111.4080571799871	76.98606237816763	216.95802469135802	74.25	59.95	209.00000000000003	128.70000000000002	125.4	229.9	1539.0
3323.0	93.23854271356761	101.02007537688444	220.22856783919602	72.05000000000001	56.1	207.35000000000002	129.8	128.15	229.9	1990.0
3324.0	130.44902522935777	84.9232798165138	160.17993119266058	83.05000000000001	65.45	155.10000000000002	147.4	145.20000000000002	167.20000000000002	872.0
3325.0	117.82943519188994	89.76390296886314	230.95300506879076	72.60000000000001	56.650000000000006	215.05	141.9	154.55	259.05	1381.0
3326.0	153.4120548961423	144.88787091988132	97.50953264094956	115.50000000000001	108.9	91.30000000000001	182.60000000000002	184.8	111.10000000000001	1348.0
3327.0	181.10556865055975	147.23276370064818	151.17707719505012	132.55	114.4	113.85000000000001	210.65	202.95000000000002	177.65	3394.0
3328.0	130.1419108280254	99.05394904458583	144.3648407643312	84.7	70.95	140.8	152.35000000000002	159.5	150.70000000000002	785.0
3329.0	106.31398773006131	129.0003067484662	150.45300613496934	87.45	73.7	144.10000000000002	147.4	156.75	155.10000000000002	815.0
3330.0	136.98465266558992	93.29741518578368	145.1680129240711	86.35000000000001	67.65	140.8	157.85000000000002	163.9	149.60000000000002	619.0
3331.0	110.08048780487803	126.2915142276423	150.0918699186992	83.60000000000001	68.2	144.65	154.0	165.55	154.0	984.0
3332.0	96.28417475728152	154.42077669902932	152.88291262135925	92.4	151.25	147.95000000000002	99.55000000000001	158.95000000000002	157.3	515.0
3333.0	110.26460481099657	94.69213917525776	185.0726374570447	73.15	59.95	151.25	151.8	149.05	229.35000000000002	2328.0
3334.0	114.92811757719717	107.80326603325412	160.22081353919248	82.5	66.55000000000001	153.45000000000002	151.8	154.55	168.85000000000002	1684.0
3335.0	115.80225470763145	111.5360753221012	163.09598612487616	83.05000000000001	66.55000000000001	154.0	155.10000000000002	152.9	169.95000000000002	2018.0
3336.0	132.51492346938778	132.64657738095255	142.49302721088435	91.30000000000001	77.0	136.95000000000002	182.05	184.8	147.4	2352.0
3337.0	128.38636363636365	90.23181818181816	217.17386363636368	94.60000000000001	77.0	212.85000000000002	139.70000000000002	125.95000000000002	226.05	484.0
3338.0	162.63524077548456	196.51854283927474	110.00515947467169	147.95000000000002	124.30000000000001	105.05000000000001	213.4	209.00000000000003	115.50000000000001	1599.0
3339.0	116.51810758885685	120.20379442843418	147.09884726224786	84.7	70.4	143.0	157.3	160.60000000000002	152.35000000000002	1041.0
3340.0	121.10295566502454	117.87610837438437	148.7727422003284	90.75000000000001	75.9	143.0	152.35000000000002	158.95000000000002	154.55	1218.0
3341.0	122.85816733067728	111.60836653386446	149.30089641434265	86.35000000000001	71.5	144.10000000000002	154.55	161.70000000000002	155.10000000000002	2008.0
3342.0	161.6704669260703	174.02513618677045	98.92210116731519	138.05	116.60000000000001	94.05000000000001	210.10000000000002	207.35000000000002	104.50000000000001	1285.0
3343.0	175.17049836304165	155.07038923244824	99.45816660603857	134.75	107.80000000000001	93.50000000000001	218.35000000000002	211.75000000000003	105.05000000000001	2749.0
3344.0	153.1330820770519	208.38551088777217	107.7244556113903	146.3	205.15	103.95	162.25	211.20000000000002	110.55000000000001	597.0
3345.0	114.11335841956729	116.77022577610539	207.76961429915335	90.2	73.7	199.10000000000002	150.15	145.75	217.8	1063.0
3346.0	168.43380010982986	186.97311916529372	113.37671609006043	145.75	122.65	106.15	215.60000000000002	209.55	120.45	1821.0
3347.0	118.15806916426514	161.71743515850142	229.64005763688763	116.05000000000001	158.4	224.95000000000002	120.45	164.45000000000002	233.75000000000003	347.0
3348.0	175.94375000000005	93.64821428571429	142.0732142857143	168.85000000000002	88.0	139.15	180.95000000000002	99.00000000000001	144.10000000000002	616.0
3349.0	136.119911894273	101.82995594713661	171.81588105726877	90.75000000000001	74.80000000000001	167.20000000000002	157.85000000000002	158.4	176.0	2270.0
3350.0	109.19790761942355	93.47068693249105	232.71318594551917	83.05000000000001	67.10000000000001	226.60000000000002	131.45000000000002	116.05000000000001	240.35000000000002	2533.0
3351.0	154.60997130559537	129.9053443328551	107.13400286944047	108.35000000000001	85.80000000000001	100.10000000000001	188.10000000000002	200.20000000000002	112.2	1394.0
3352.0	206.27706422018352	103.03486238532119	111.68990825688076	200.75000000000003	95.15	103.95	210.65	108.35000000000001	117.7	1199.0
3353.0	144.40934833204028	77.04778898370833	175.57203258339797	84.7	63.25000000000001	171.60000000000002	156.75	157.85000000000002	182.05	1289.0
3354.0	150.95238095238128	106.51507936507937	156.69761904761907	84.15	64.9	153.45000000000002	183.15	187.55	160.60000000000002	693.0
3355.0	119.62890216579532	92.86702763256153	234.8590365944735	81.4	66.55000000000001	231.00000000000003	157.3	118.25000000000001	239.25000000000003	1339.0
3356.0	140.08372093023252	126.89135981912142	142.47540374677004	106.15	82.5	137.5	173.8	172.15	147.4	3096.0
3357.0	114.61795665634682	140.0468008255934	151.16826625387	79.2	61.050000000000004	143.55	180.4	184.25000000000003	157.3	969.0
3358.0	161.34839537869073	104.31713735558422	210.20943517329914	80.85000000000001	77.55000000000001	155.10000000000002	179.3	188.65	249.70000000000002	2337.0
3359.0	130.3977205882353	125.61902941176471	166.74689705882355	86.35000000000001	67.65	160.05	179.85000000000002	182.60000000000002	173.8	3400.0
3360.0	128.70348468849	114.44094508975714	202.8286166842661	80.30000000000001	78.65	177.65	209.55	205.15	232.65	1894.0
3361.0	118.77021018593403	125.66088318512531	163.85809417946646	83.05000000000001	63.25000000000001	155.65	174.9	181.50000000000003	172.15	4948.0
3362.0	171.98779149519902	68.03552812071331	163.90679012345677	167.20000000000002	64.35000000000001	158.95000000000002	176.0	72.60000000000001	169.95000000000002	729.0
3363.0	176.10431034482752	100.3693103448275	100.9155172413793	171.60000000000002	95.7	98.45	179.85000000000002	104.50000000000001	103.4	580.0
3364.0	142.80582255083203	79.61038200862602	175.61096734442393	132.55	70.95	166.10000000000002	158.4	88.0	190.85000000000002	1623.0
3365.0	90.43420716112529	140.71982097186697	209.54789002557547	86.35000000000001	135.85000000000002	202.4	94.05000000000001	145.20000000000002	213.4	782.0
3366.0	115.72751971954432	104.92483201869705	215.43096698802222	75.35000000000001	58.300000000000004	189.75000000000003	151.8	152.35000000000002	244.75000000000003	3423.0
3367.0	118.6130590339893	82.05232558139532	231.17808586762075	74.25	53.900000000000006	224.95000000000002	141.35000000000002	133.65	241.45000000000002	559.0
3368.0	117.28573318216178	102.09754346182913	240.72373393801965	76.45	59.400000000000006	232.10000000000002	154.55	145.75	250.25000000000003	2646.0
3369.0	111.89946846208359	167.23391211906443	130.48136073706593	107.25000000000001	159.5	125.4	118.25000000000001	172.70000000000002	135.3	1411.0
3370.0	149.2808035714286	131.40580357142855	104.68239795918369	110.55000000000001	90.75000000000001	100.10000000000001	183.15	178.75000000000003	109.45	784.0
3371.0	160.2776315789474	117.65526315789477	102.91973684210527	109.45	88.55000000000001	99.00000000000001	184.8	182.05	107.80000000000001	418.0
3372.0	124.25427107061502	167.9786446469247	106.3122437357631	110.55000000000001	90.75000000000001	99.00000000000001	185.35000000000002	184.25000000000003	111.10000000000001	878.0
3373.0	155.67338917525765	113.56153350515467	238.98917525773197	112.2	97.35000000000001	211.75000000000003	176.0	157.3	251.90000000000003	776.0
3374.0	177.85406360424045	142.89505300353355	175.13710247349826	132.0	106.7	160.05	206.25000000000003	204.60000000000002	244.20000000000002	1698.0
3375.0	141.5430092592594	145.1485648148148	106.52226851851853	116.05000000000001	100.10000000000001	103.95	177.65	174.9	110.00000000000001	1080.0
3376.0	147.3296160877515	136.45932358318103	105.61457952468008	117.7	96.80000000000001	101.2	176.55	176.55	111.10000000000001	1094.0
3377.0	182.64907639323758	152.5549154664998	139.28655291170946	143.0	117.7	132.55	208.45000000000002	202.95000000000002	145.20000000000002	3194.0
3378.0	200.45762527233106	121.12821350762528	137.4125272331155	195.8	118.25000000000001	134.20000000000002	204.60000000000002	125.95000000000002	140.8	459.0
3379.0	164.65000000000006	176.79915254237304	107.84830508474577	138.60000000000002	111.65	103.95	215.60000000000002	212.3	110.00000000000001	649.0
3380.0	201.83829787234052	124.84122340425529	108.14009308510639	139.15	106.7	105.60000000000001	215.60000000000002	207.35000000000002	111.10000000000001	752.0
3381.0	102.89544688026983	175.81264755480603	145.61736930860036	97.9	172.15	143.55	110.00000000000001	180.4	147.95000000000002	593.0
3382.0	102.08690658499238	125.40926493108711	218.79640122511486	78.65	65.45	206.8	154.55	149.60000000000002	226.60000000000002	653.0
3383.0	155.79970414201173	120.35833333333332	103.28229783037476	105.60000000000001	84.15	99.00000000000001	187.55	187.00000000000003	110.55000000000001	1014.0
3384.0	175.5683898305085	169.84652542372896	184.77576271186442	145.75	120.45	181.50000000000003	210.10000000000002	205.70000000000002	188.10000000000002	590.0
3385.0	146.8371549893844	112.90414012738857	261.10520169851384	118.25000000000001	96.80000000000001	251.90000000000003	170.5	133.10000000000002	270.6	471.0
3386.0	189.49731884057962	157.87471014492752	103.05007246376813	148.5	121.55000000000001	99.55000000000001	213.95000000000002	207.9	106.7	690.0
3387.0	129.6527654867257	163.21980088495573	110.89719764011801	107.80000000000001	92.95	94.05000000000001	184.8	191.4	153.45000000000002	1356.0
3388.0	115.86499429874574	175.29697833523403	148.53888255416192	112.75000000000001	168.3	143.55	119.9	182.05	151.8	877.0
3389.0	125.42355112587661	114.74169435215956	193.46762643041714	78.10000000000001	63.800000000000004	141.35000000000002	184.8	185.35000000000002	227.70000000000002	2709.0
3390.0	151.78951271186438	145.11649011299446	104.73926553672317	106.7	85.25	95.7	203.50000000000003	200.75000000000003	113.30000000000001	1416.0
3391.0	187.9550934408207	139.50148406009527	158.12127152803225	110.55000000000001	113.30000000000001	97.9	217.8	206.25000000000003	270.6	2729.0
3392.0	132.4988021902807	147.68158795345656	150.81820670773442	107.80000000000001	93.50000000000001	145.20000000000002	182.60000000000002	177.65	156.20000000000002	1461.0
3393.0	173.9711618257263	94.56652835408016	149.3124481327801	168.3	90.2	143.0	178.75000000000003	97.9	156.20000000000002	723.0
3394.0	151.90621185701838	107.5715126416739	166.25895815170009	85.25	74.80000000000001	144.10000000000002	179.3	175.45000000000002	224.4	2294.0
3395.0	115.03576537911303	109.49799713876963	219.2076537911302	83.60000000000001	66.0	210.10000000000002	152.35000000000002	144.65	227.15	699.0
3396.0	178.01700743494433	95.08866171003713	100.70724907063197	172.15	91.85000000000001	97.35000000000001	183.15	98.45	103.4	538.0
3397.0	118.15551282051278	168.5994444444446	149.19572649572652	114.4	161.15	145.20000000000002	121.55000000000001	174.9	152.9	1170.0
3398.0	184.82169149868545	125.18838737949172	112.83098159509203	128.70000000000002	100.65	107.25000000000001	205.15	196.35000000000002	118.25000000000001	2282.0
3399.0	145.97564102564115	136.58615384615388	100.391452991453	106.15	83.60000000000001	93.50000000000001	189.75000000000003	188.10000000000002	111.10000000000001	585.0
3400.0	139.4274122807018	165.4969298245615	117.49616228070175	108.9	113.85000000000001	105.60000000000001	199.65	195.8	138.05	912.0
3401.0	157.62426147077306	123.19412319296043	105.30857950974232	108.9	86.35000000000001	97.9	188.10000000000002	186.45000000000002	110.00000000000001	1591.0
3402.0	186.9745664739884	88.1541907514451	104.27268786127169	183.15	85.80000000000001	100.65	189.75000000000003	91.85000000000001	107.80000000000001	346.0
3403.0	147.52295183202975	141.09685055578433	194.5845203787567	94.05000000000001	75.35000000000001	169.4	209.55	208.45000000000002	257.40000000000003	2429.0
3404.0	118.66129597197899	183.4755691768827	98.81024518388791	113.30000000000001	178.20000000000002	94.05000000000001	124.30000000000001	187.55	102.30000000000001	571.0
3405.0	108.91594519459885	116.40603653693405	176.9259134233519	86.9	63.800000000000004	154.0	156.75	161.15	216.15	2518.0
3406.0	102.02930809399479	93.95689730200182	224.51799390774588	75.35000000000001	60.50000000000001	209.55	134.75	128.15	235.95000000000002	2298.0
3407.0	107.30836012861738	108.63538987138261	205.74288585209004	82.5	70.4	197.45000000000002	143.55	135.85000000000002	214.50000000000003	2488.0
3408.0	110.4482206405694	184.83033807829182	97.93914590747333	107.25000000000001	180.4	94.05000000000001	113.30000000000001	189.75000000000003	101.75000000000001	562.0
3409.0	150.59826377295482	132.17757929883126	180.951285475793	98.45	80.30000000000001	139.70000000000002	215.05	209.00000000000003	256.3	2995.0
3410.0	204.2166219839143	102.3339142091152	109.97714477211798	198.55	97.35000000000001	105.05000000000001	208.45000000000002	108.35000000000001	115.50000000000001	746.0
3411.0	115.83349900596427	112.79884029158376	246.49950298210737	83.05000000000001	64.35000000000001	235.95000000000002	160.05	149.60000000000002	255.75000000000003	1509.0
3412.0	149.33829879101913	102.07724525043179	255.36908462867015	112.2	90.2	248.60000000000002	167.20000000000002	130.9	265.65000000000003	1158.0
3413.0	119.3094621513944	117.56743027888444	251.78824701195222	91.85000000000001	74.25	242.00000000000003	160.05	145.75	258.5	502.0
3414.0	138.97390631049132	148.27152535811067	112.26132404181185	108.9	88.55000000000001	89.65	185.9	185.9	156.20000000000002	2583.0
3415.0	110.14476367006488	103.05006950880446	200.28843836886008	69.85000000000001	52.25000000000001	155.65	173.25	175.45000000000002	237.60000000000002	2158.0
3416.0	107.20647189349114	141.76331360946756	160.92666420118346	78.10000000000001	60.50000000000001	151.8	172.15	183.70000000000002	167.75	1352.0
3417.0	167.46996336996347	62.25173992673994	150.71813186813188	161.15	59.95	146.85000000000002	173.8	64.9	154.0	546.0
3418.0	142.76130500758737	122.81107738998477	146.37511380880125	84.15	66.0	139.70000000000002	190.3	191.4	155.10000000000002	659.0
3419.0	151.6355547550431	99.91217579250734	254.70904178674354	109.45	85.25	246.95000000000002	169.4	135.85000000000002	267.3	1388.0
3420.0	149.94125799573567	84.63667377398716	143.97452025586355	145.75	81.95	141.9	155.10000000000002	88.0	146.85000000000002	469.0
3421.0	81.68659003831421	173.81475095785447	148.0300766283525	78.65	171.05	144.65	84.7	177.10000000000002	150.70000000000002	261.0
3422.0	167.00686416184956	59.569689306358406	229.8634393063584	161.15	51.150000000000006	223.85000000000002	172.15	71.5	233.75000000000003	1384.0
3423.0	167.73800089047168	121.39841941228846	174.3948130008905	103.4	57.75000000000001	143.0	221.65	220.00000000000003	228.8	2246.0
3424.0	135.55	123.08313253012042	146.77469879518074	80.30000000000001	63.25000000000001	140.8	186.45000000000002	188.65	154.0	913.0
3425.0	118.74924017790957	123.83826908821351	169.77060785767236	81.95	69.85000000000001	119.35000000000001	157.85000000000002	178.20000000000002	193.60000000000002	2698.0
3426.0	107.18608695652175	117.32086956521744	179.26652173913044	83.05000000000001	69.30000000000001	172.70000000000002	148.5	149.60000000000002	185.9	1265.0
3427.0	127.26217626594482	108.01579049091619	227.42127947429458	77.55000000000001	53.900000000000006	212.85000000000002	170.5	167.75	242.00000000000003	2587.0
3428.0	116.6419365721997	121.28854588394042	233.78711201079633	77.55000000000001	51.7	221.65	175.45000000000002	169.4	243.65	2964.0
3429.0	189.60378461538465	86.42716923076922	195.18196923076925	167.75	60.50000000000001	179.3	204.60000000000002	107.80000000000001	219.45000000000002	1625.0
3430.0	103.92715946843852	138.93255813953473	255.46769102990035	99.55000000000001	125.4	249.70000000000002	110.00000000000001	146.85000000000002	261.25	602.0
3431.0	182.90059306569333	113.79178832116783	164.15894160583946	112.2	88.0	111.10000000000001	201.85000000000002	189.75000000000003	195.8	1096.0
3432.0	161.2006728778468	106.04353002070394	174.65175983436853	113.85000000000001	74.80000000000001	113.30000000000001	194.70000000000002	192.50000000000003	248.05	966.0
3433.0	134.46531690140839	139.29137323943664	235.49102112676056	108.9	86.9	224.95000000000002	173.8	166.10000000000002	242.55	284.0
3434.0	137.3397605893185	137.58569060773485	120.2455985267035	104.50000000000001	89.10000000000001	114.4	179.3	180.4	127.05000000000001	2715.0
3435.0	145.13634259259263	134.10502314814823	168.18618055555558	94.05000000000001	79.75	122.10000000000001	210.10000000000002	167.20000000000002	197.45000000000002	2160.0
3436.0	169.41964285714292	144.75382653061186	132.80491407089153	129.25	77.0	119.35000000000001	209.00000000000003	204.05	188.65	3724.0
3437.0	121.93550356052897	148.98565615462886	239.54989827060018	106.15	85.25	227.15	173.8	165.55	246.95000000000002	983.0
3438.0	127.64374079528721	133.3478645066274	153.3017673048601	83.05000000000001	67.10000000000001	147.4	184.25000000000003	185.35000000000002	157.3	679.0
3439.0	125.96187050359711	70.51276978417268	203.18345323741008	123.75000000000001	67.10000000000001	200.75000000000003	128.70000000000002	74.25	205.70000000000002	278.0
3440.0	123.0387054161163	133.6209379128138	233.3874504623514	86.9	64.35000000000001	218.9	180.95000000000002	174.9	243.65	757.0
3441.0	173.5444912280703	105.72968421052627	195.48736842105262	113.85000000000001	89.10000000000001	110.00000000000001	190.85000000000002	189.20000000000002	244.20000000000002	1425.0
3442.0	113.84670000000008	152.34560000000008	149.5505	81.4	63.25000000000001	141.9	188.10000000000002	189.20000000000002	155.10000000000002	1000.0
3443.0	117.02865979381447	169.7702577319587	106.3337113402062	112.75000000000001	164.45000000000002	102.30000000000001	122.10000000000001	176.0	109.45	970.0
3444.0	136.82639557266586	92.83830606352265	181.27846487006738	85.80000000000001	66.55000000000001	176.0	158.95000000000002	155.65	187.00000000000003	2078.0
3445.0	165.76179706601448	122.42946210268934	178.41560717196415	83.05000000000001	70.95	150.15	217.8	222.20000000000002	248.05	2454.0
3446.0	136.50763492759978	119.24429574374723	223.2951733216323	79.2	55.550000000000004	147.4	224.95000000000002	176.0	251.35000000000002	2279.0
3447.0	130.96736111111113	102.66319444444444	154.74270833333335	72.05000000000001	65.45	139.15	171.60000000000002	174.35000000000002	217.25000000000003	1584.0
3448.0	114.83776387802982	90.54487881157154	211.16688819390149	72.05000000000001	52.800000000000004	200.75000000000003	146.85000000000002	142.45000000000002	221.10000000000002	1279.0
3449.0	120.21699507389137	88.76765188834156	209.13456486042693	76.45	57.2	201.85000000000002	147.4	143.0	220.55	609.0
3450.0	120.9031515757879	81.36808404202102	199.12063531765884	70.4	52.25000000000001	143.55	166.65	138.60000000000002	220.55	1999.0
3451.0	76.33847487001741	119.60069324090122	215.0318890814558	72.60000000000001	116.05000000000001	211.20000000000002	79.75	124.30000000000001	218.9	577.0
3452.0	210.87638204707193	78.788779419814	171.50125889436234	200.75000000000003	71.5	163.9	221.10000000000002	85.80000000000001	176.0	1827.0
3453.0	165.0380560131796	150.41820428336078	225.31832784184516	128.70000000000002	110.00000000000001	168.3	208.45000000000002	162.8	261.8	1214.0
3454.0	109.89554490592835	114.72390841320546	212.50090521831737	72.05000000000001	53.900000000000006	147.4	157.85000000000002	189.20000000000002	231.55	2817.0
3455.0	117.03568129330259	161.25034642032332	225.74006928406467	112.75000000000001	153.45000000000002	212.85000000000002	122.10000000000001	167.75	239.25000000000003	433.0
3456.0	177.39898255813947	188.0064680232557	121.35574127906978	162.8	133.10000000000002	115.50000000000001	218.9	210.10000000000002	126.50000000000001	688.0
3457.0	166.09592592592608	92.44888888888886	101.40166666666669	162.8	89.65	98.45	169.4	95.15	103.4	270.0
3458.0	213.4706909361071	119.24294205052006	180.15932392273402	206.25000000000003	104.50000000000001	172.70000000000002	218.9	132.55	187.55	1346.0
3459.0	168.64495798319336	148.12899159663863	150.9894957983193	114.4	101.2	105.60000000000001	210.65	207.35000000000002	222.20000000000002	1309.0
3460.0	168.7359042553195	155.52529920212783	163.82430186170214	122.10000000000001	104.50000000000001	158.95000000000002	212.3	205.70000000000002	170.5	1504.0
3461.0	185.08997057381075	157.44242275625314	135.16890632663072	135.3	106.7	101.2	223.85000000000002	213.95000000000002	160.05	2039.0
3462.0	169.75782619907181	125.57118359979383	173.11583290355853	95.15	78.10000000000001	151.8	212.3	205.15	189.75000000000003	3878.0
3463.0	100.664060150376	125.06338345864668	200.24962406015035	83.60000000000001	69.85000000000001	191.4	141.35000000000002	148.5	209.00000000000003	665.0
3464.0	116.97442307692306	124.60250000000003	180.1175961538462	87.45	73.7	177.10000000000002	160.05	165.55	183.70000000000002	520.0
3465.0	92.63836424957842	156.37436762225988	184.5755480607083	90.2	151.25	179.3	96.25000000000001	161.70000000000002	189.75000000000003	593.0
3466.0	172.08557246856398	105.31389808074123	208.25780939774987	77.55000000000001	94.60000000000001	149.05	215.05	119.9	246.95000000000002	1511.0
3467.0	120.50228136882123	121.01673003802287	183.42046894803545	86.9	70.95	178.75000000000003	161.70000000000002	161.15	191.4	789.0
3468.0	161.37038043478267	133.3630434782607	102.20027173913046	124.85000000000001	93.50000000000001	90.75000000000001	188.65	179.85000000000002	119.9	2024.0
3469.0	98.86068281938336	97.26422907488985	206.29676211453747	75.35000000000001	61.60000000000001	162.8	151.25	151.8	232.65	2270.0
3470.0	109.86415662650609	69.18693524096389	226.1448418674699	70.95	54.45	217.25000000000003	127.05000000000001	113.30000000000001	234.85000000000002	1328.0
3471.0	162.6126737720112	160.69251621872104	201.36116774791475	119.35000000000001	97.9	177.10000000000002	210.65	205.70000000000002	261.25	2158.0
3472.0	150.31813996316754	77.6087476979742	193.71850828729285	146.3	74.25	188.65	154.0	81.4	198.00000000000003	543.0
3473.0	141.6378205128202	160.87692307692313	94.22243589743596	123.75000000000001	107.25000000000001	91.85000000000001	184.25000000000003	180.95000000000002	96.80000000000001	858.0
3474.0	156.73768394113884	144.69891234804857	219.587236084453	121.55000000000001	98.45	101.75000000000001	221.10000000000002	168.85000000000002	260.70000000000005	1563.0
3475.0	175.87233650598682	170.975698495548	177.71737795517353	154.0	72.60000000000001	140.8	209.00000000000003	204.60000000000002	189.20000000000002	3257.0
3476.0	126.3595267237862	89.83849449204402	231.49771521827827	66.0	47.85	164.45000000000002	199.10000000000002	148.5	255.20000000000002	2451.0
3477.0	177.647608695652	155.61213768115948	123.39289855072465	136.4	108.35000000000001	117.15	212.85000000000002	207.35000000000002	128.70000000000002	1380.0
3478.0	167.0151976495727	107.52764423076943	183.2863247863248	103.4	81.95	178.20000000000002	187.55	189.75000000000003	189.75000000000003	1872.0
3479.0	153.3282363977487	134.42908067542226	184.76336772983115	103.95	83.60000000000001	179.85000000000002	196.35000000000002	196.35000000000002	189.75000000000003	1066.0
3480.0	183.77452662721882	156.09781065088768	148.02257396449707	122.65	98.45	107.80000000000001	216.70000000000002	210.65	256.85	1690.0
3481.0	203.40180342651033	165.4433724075745	111.84416140667268	171.05	133.65	106.7	221.65	207.9	115.50000000000001	2218.0
3482.0	150.873395149786	208.016904422254	176.07061340941516	143.55	204.60000000000002	173.8	157.85000000000002	212.3	180.4	701.0
3483.0	218.68698770491812	131.0780737704918	106.4407786885246	215.05	127.05000000000001	103.4	221.65	134.75	110.55000000000001	488.0
3484.0	117.04527069072807	134.00953640323618	183.20014001244556	72.60000000000001	59.95	146.85000000000002	144.10000000000002	213.4	220.00000000000003	3214.0
3485.0	96.78704496787996	131.8272662384012	153.51987865810136	84.15	71.5	147.95000000000002	144.65	149.60000000000002	158.4	1401.0
3486.0	157.8499999999999	173.64902486591905	212.95887372013652	128.70000000000002	102.85000000000001	173.8	182.05	204.05	260.15000000000003	2051.0
3487.0	198.16581740976648	156.21167728237776	146.73118365180468	161.15	118.25000000000001	110.55000000000001	221.65	212.3	193.05	1884.0
3488.0	164.08968550106633	99.91823027718547	123.4483208955224	97.9	83.60000000000001	101.2	195.25000000000003	163.35000000000002	141.35000000000002	1876.0
3489.0	161.87360038610018	90.12514478764473	131.11023166023165	156.75	85.25	124.30000000000001	167.20000000000002	94.60000000000001	138.05	1036.0
3490.0	134.73883495145625	143.97330097087354	253.69368932038836	117.15	93.50000000000001	236.50000000000003	178.75000000000003	163.9	262.90000000000003	1133.0
3491.0	199.2624811273275	169.69451434323102	114.97075993960746	168.85000000000002	136.4	111.10000000000001	221.65	209.55	118.25000000000001	1987.0
3492.0	135.9973214285716	87.026556122449	168.00984693877552	85.80000000000001	65.45	162.25	154.55	154.0	173.8	1960.0
3493.0	144.14357249626323	139.63011958146487	107.66106128550078	114.4	92.95	103.95	180.95000000000002	178.75000000000003	110.55000000000001	669.0
3494.0	163.80670515097705	127.36896092362342	227.35368561278867	121.55000000000001	97.9	220.00000000000003	188.65	172.15	237.60000000000002	1126.0
3495.0	128.8527777777778	200.0365942028985	92.51425120772949	123.20000000000002	195.25000000000003	90.2	133.65	205.70000000000002	94.60000000000001	414.0
3496.0	167.89896779521055	164.6198596201486	95.44793559042117	123.75000000000001	119.9	89.10000000000001	216.15	204.60000000000002	100.65	1211.0
3497.0	115.31242509986689	101.29831890812251	226.29350865512652	64.9	46.2	162.25	195.8	199.65	255.75000000000003	6008.0
3498.0	160.8918783068785	71.20870370370369	191.96309523809526	61.60000000000001	46.2	161.15	198.55	146.85000000000002	255.20000000000002	1890.0
3499.0	164.54290354822558	95.0529735132434	173.24477761119442	91.30000000000001	69.30000000000001	132.0	195.8	178.75000000000003	185.9	2001.0
3500.0	136.2838152610443	97.38357429718893	165.81903614457832	79.2	55.00000000000001	159.5	172.15	173.8	174.9	1245.0
3501.0	107.61634446397183	116.7237258347979	249.65650263620387	75.9	57.2	238.70000000000002	162.25	150.70000000000002	257.40000000000003	569.0
3502.0	130.90960698689946	111.26451965065502	139.7048034934498	87.45	77.0	134.20000000000002	165.0	160.05	146.3	916.0
3503.0	117.07077244258876	112.61106471816285	172.03670842032014	67.65	53.900000000000006	128.70000000000002	162.25	166.65	235.4	1437.0
3504.0	158.92118097541305	142.89691656590088	227.490951229343	119.9	96.25000000000001	169.4	215.60000000000002	210.10000000000002	259.05	2481.0
3505.0	124.15907525172238	98.72208532061474	203.81303656597777	62.150000000000006	41.25	158.4	189.20000000000002	199.10000000000002	251.90000000000003	3774.0
3506.0	106.14553208773343	104.65697265096132	229.02086379637154	57.2	35.75	166.10000000000002	150.15	194.70000000000002	253.55	3693.0
3507.0	126.42157663316576	78.96611180904519	201.66033291457288	66.55000000000001	51.150000000000006	152.9	174.35000000000002	134.20000000000002	237.05	1592.0
3508.0	84.38571428571427	138.0192546583851	200.32383540372672	81.4	131.45000000000002	192.50000000000003	88.0	145.75	207.9	644.0
3509.0	133.2570562293276	150.98106394707833	143.76557331863285	71.5	85.80000000000001	118.25000000000001	162.25	205.70000000000002	240.35000000000002	1814.0
3510.0	127.07544483985792	113.2500889679715	159.0067615658363	77.0	59.400000000000006	151.25	173.8	179.3	166.65	1124.0
3511.0	106.5317616084251	75.65962182862616	229.26074676878892	70.4	52.25000000000001	220.00000000000003	131.45000000000002	127.05000000000001	237.05	2089.0
3512.0	134.8777020115921	140.0514149335151	106.51416638254348	108.35000000000001	89.10000000000001	100.10000000000001	176.55	175.45000000000002	111.65	2933.0
3513.0	142.05796788140827	150.50500308832616	163.74339098208773	107.25000000000001	91.30000000000001	105.05000000000001	207.9	178.75000000000003	262.35	1619.0
3514.0	192.36186244204038	150.73272797527034	118.27975270479136	151.25	109.45	107.25000000000001	220.55	212.85000000000002	123.75000000000001	1294.0
3515.0	114.0448134092346	165.44180898165732	175.99721695129665	85.80000000000001	63.800000000000004	169.4	196.35000000000002	200.75000000000003	180.4	1581.0
3516.0	129.96445182724253	95.58122923588047	175.3641196013289	82.5	86.35000000000001	107.80000000000001	186.45000000000002	103.95	231.55	602.0
3517.0	110.16789473684213	174.38666666666668	108.26508771929825	107.80000000000001	170.5	102.85000000000001	112.75000000000001	177.10000000000002	111.10000000000001	285.0
3518.0	151.04966480446916	115.33346368715084	107.54681564245811	107.25000000000001	88.55000000000001	102.30000000000001	178.20000000000002	171.60000000000002	113.30000000000001	895.0
3519.0	114.69737288135593	171.5524576271187	107.6377966101695	110.55000000000001	166.10000000000002	104.50000000000001	118.80000000000001	176.55	111.65	590.0
3520.0	183.48992481202987	187.23199248120292	117.03751879699249	168.3	135.3	114.4	218.35000000000002	206.8	122.10000000000001	1330.0
3521.0	151.75657894736838	126.25847039473688	200.22080592105266	124.30000000000001	89.65	99.55000000000001	179.3	161.70000000000002	260.70000000000005	608.0
3522.0	178.4301703163017	97.47846715328468	221.7396593673966	174.9	93.50000000000001	218.35000000000002	181.50000000000003	101.75000000000001	225.50000000000003	411.0
3523.0	141.33075396825373	96.28948412698404	188.64464285714286	85.25	64.9	164.45000000000002	207.35000000000002	156.20000000000002	232.65	2772.0
3524.0	107.10641592920355	183.19623893805326	98.50840707964602	105.05000000000001	179.3	95.15	108.9	187.00000000000003	102.30000000000001	226.0
3525.0	157.83432465923187	170.61109045848823	226.87602230483273	151.25	163.9	212.3	163.9	178.75000000000003	240.35000000000002	807.0
3526.0	126.76756756756754	151.72149493243222	259.50616554054056	118.80000000000001	100.10000000000001	243.10000000000002	177.65	161.15	265.1	1184.0
3527.0	97.96409448818899	98.42748031496062	222.0917322834646	66.0	50.050000000000004	210.65	138.60000000000002	139.15	231.55	635.0
3528.0	101.04713467048711	219.5340496657115	175.6622254059217	95.7	211.75000000000003	171.60000000000002	107.80000000000001	227.70000000000002	179.85000000000002	1047.0
3529.0	159.32690947666194	166.46135077793454	181.02273691654878	127.05000000000001	102.85000000000001	175.45000000000002	210.10000000000002	206.8	186.45000000000002	1414.0
3530.0	112.00951536643021	108.30806737588657	170.92907801418443	70.95	56.650000000000006	99.55000000000001	176.55	178.20000000000002	234.85000000000002	1692.0
3531.0	149.84793552036209	110.43552036199107	175.258371040724	90.2	70.95	129.8	191.4	177.65	190.3	3536.0
3532.0	139.1855603448276	201.30118534482753	157.84525862068966	134.20000000000002	196.35000000000002	155.10000000000002	143.55	205.70000000000002	161.15	464.0
3533.0	127.01545764362213	140.4824245374879	167.8413096397274	74.80000000000001	51.150000000000006	160.05	201.3	207.35000000000002	173.8	2054.0
3534.0	174.74152542372872	138.77152542372878	91.96838983050849	122.10000000000001	92.95	87.45	210.65	205.70000000000002	96.80000000000001	1180.0
3535.0	137.4235463355544	167.3044367050272	136.56240157480315	120.45	105.60000000000001	129.8	188.65	187.55	143.0	3302.0
3536.0	148.08470940959398	175.62935885608843	124.27742158671583	128.70000000000002	110.55000000000001	119.9	200.20000000000002	196.35000000000002	128.70000000000002	2168.0
3537.0	112.89046028210859	111.12409057164069	163.47126948775056	80.85000000000001	62.150000000000006	156.20000000000002	155.10000000000002	156.20000000000002	171.60000000000002	1347.0
3538.0	114.46739606126911	195.83851203501098	186.78758205689277	107.80000000000001	190.3	181.50000000000003	122.10000000000001	200.75000000000003	191.95000000000002	914.0
3539.0	180.20438923802038	121.12216221523957	178.74503142183818	102.30000000000001	78.65	169.95000000000002	210.10000000000002	203.50000000000003	190.3	5092.0
3540.0	163.7279981549814	103.68768450184511	196.7592020295203	99.55000000000001	64.9	177.65	193.05	194.15	228.8	2168.0
3541.0	147.5263829787234	76.7753191489361	139.91141843971633	140.8	72.05000000000001	137.5	154.0	81.95	142.45000000000002	705.0
3542.0	93.92882960413081	110.11738382099833	219.15180722891566	69.85000000000001	52.800000000000004	209.00000000000003	147.95000000000002	138.60000000000002	226.60000000000002	581.0
3543.0	91.87553793884489	89.29807474518684	230.580181200453	68.2	50.050000000000004	218.9	128.15	123.20000000000002	237.05	883.0
3544.0	166.71093294460644	144.2175898931001	106.31355685131197	105.05000000000001	81.4	97.35000000000001	190.85000000000002	215.60000000000002	119.35000000000001	1029.0
3545.0	178.48555057299447	132.59083208769306	108.53552566018935	111.65	81.95	101.2	215.05	216.70000000000002	116.60000000000001	2007.0
3546.0	144.74600420609897	80.68980021030501	181.79842271293376	83.60000000000001	65.45	176.55	158.95000000000002	154.55	186.45000000000002	951.0
3547.0	196.87986270022864	141.12194508009156	163.48240274599544	138.05	122.65	148.5	208.45000000000002	206.8	196.9	2185.0
3548.0	162.77481060606007	137.82405303030308	135.78655303030305	118.80000000000001	103.4	129.8	194.70000000000002	187.00000000000003	140.8	2904.0
3549.0	145.94293193717303	146.83992146596862	95.21623036649216	107.80000000000001	84.7	92.4	194.15	194.70000000000002	98.45	382.0
3550.0	109.5958511548332	92.14405474764752	176.91321642429426	71.5	61.60000000000001	155.65	145.20000000000002	143.0	233.75000000000003	1169.0
3551.0	154.91570247933836	155.17272727272717	148.8239669421488	102.30000000000001	78.10000000000001	143.0	220.00000000000003	217.8	154.0	1331.0
3552.0	168.95786555786555	109.818762993763	175.2129244629245	98.45	53.900000000000006	142.45000000000002	217.8	214.50000000000003	227.15	2886.0
3553.0	201.4132170978628	82.8316085489314	147.53920134983127	196.35000000000002	77.0	143.0	205.70000000000002	87.45	151.8	889.0
3554.0	140.98213058419185	96.17319587628899	229.6792096219931	81.95	57.75000000000001	222.20000000000002	171.05	165.55	240.35000000000002	3201.0
3555.0	173.56350171499886	81.10056127221699	190.43668537574058	101.2	61.050000000000004	141.9	202.4	200.20000000000002	225.50000000000003	3207.0
3556.0	119.1441298342541	110.59785911602214	240.91861187845305	85.25	72.05000000000001	231.55	157.3	145.20000000000002	249.15000000000003	1448.0
3557.0	132.71243131868138	117.2280677655678	141.11227106227108	85.25	69.30000000000001	135.85000000000002	174.35000000000002	183.15	146.3	2184.0
3558.0	114.59199178644765	179.83305954825465	108.71139630390145	111.10000000000001	174.35000000000002	100.65	117.7	184.25000000000003	116.60000000000001	487.0
3559.0	123.57244094488188	68.21082677165354	223.43425196850396	119.35000000000001	64.35000000000001	217.8	126.50000000000001	71.5	228.25000000000003	254.0
3560.0	218.33213457076567	150.22975638051054	107.23979118329467	213.95000000000002	143.0	104.50000000000001	221.10000000000002	159.5	110.00000000000001	862.0
3561.0	78.29381833473516	123.01728343145501	225.277039529016	67.10000000000001	51.150000000000006	211.20000000000002	140.25	139.70000000000002	232.65	1189.0
3562.0	165.64507434944227	88.1973048327137	199.4792750929368	160.60000000000002	81.95	196.35000000000002	171.05	93.50000000000001	204.05	538.0
3563.0	155.7067460317459	105.78042328042329	257.06097883597886	113.85000000000001	92.4	251.90000000000003	171.60000000000002	133.10000000000002	268.40000000000003	378.0
3564.0	139.5207423580785	85.76746724890829	148.04454148471615	105.60000000000001	54.45	98.45	160.60000000000002	178.75000000000003	169.95000000000002	2519.0
3565.0	145.61955128205125	198.3349358974358	136.6503205128205	140.8	194.70000000000002	133.10000000000002	150.70000000000002	201.85000000000002	140.25	468.0
3566.0	166.28109324758833	112.12395498392276	171.2243729903537	91.30000000000001	65.45	165.0	204.05	207.35000000000002	178.20000000000002	1555.0
3567.0	145.67121486854035	99.82649592021757	221.3645285584769	84.15	62.7	166.65	206.25000000000003	146.85000000000002	258.5	2206.0
3568.0	172.7451282051281	139.4687179487179	112.62730769230771	123.20000000000002	94.05000000000001	107.80000000000001	209.55	202.95000000000002	116.60000000000001	390.0
3569.0	103.14500616522804	199.52996300863117	150.12762022194823	97.35000000000001	195.8	144.10000000000002	107.25000000000001	205.70000000000002	155.10000000000002	811.0
3570.0	214.5858156028369	106.53617021276592	99.53959810874707	209.55	100.10000000000001	96.80000000000001	221.65	111.10000000000001	101.75000000000001	423.0
3571.0	126.53184417441032	169.65671908506107	152.218691922802	93.50000000000001	75.9	146.85000000000002	204.60000000000002	205.70000000000002	157.3	1399.0
3572.0	148.16678272980482	99.52472144846799	221.39261838440112	87.45	63.800000000000004	214.50000000000003	178.75000000000003	168.3	233.20000000000002	718.0
3573.0	137.2066666666667	123.18124809741259	201.8704261796043	80.85000000000001	53.35	141.9	208.45000000000002	208.45000000000002	242.00000000000003	3285.0
3574.0	143.3558206106871	134.51768447837154	180.16173664122135	85.80000000000001	60.50000000000001	144.65	213.4	208.45000000000002	240.35000000000002	3144.0
3575.0	144.2378808864268	97.77506925207749	227.3686288088643	80.30000000000001	53.35	213.95000000000002	177.10000000000002	172.15	243.10000000000002	2888.0
3576.0	141.2971573380342	131.54623182018514	189.87168356104013	89.65	70.4	145.20000000000002	205.70000000000002	209.00000000000003	235.95000000000002	2269.0
3577.0	138.49973726758333	106.5172594987875	221.98013338722723	85.25	64.9	149.05	172.70000000000002	205.70000000000002	239.25000000000003	4948.0
3578.0	129.7305825242719	155.3021497919557	186.92524271844664	86.9	119.35000000000001	179.85000000000002	204.05	176.55	199.10000000000002	721.0
3579.0	149.49124293785306	153.49083938660212	106.63874092009686	110.00000000000001	84.7	102.85000000000001	204.60000000000002	202.4	111.10000000000001	1239.0
3580.0	171.48830022075057	90.07251655629142	100.03686534216337	162.25	88.0	95.7	177.65	91.85000000000001	104.50000000000001	453.0
3581.0	107.32591549295773	178.52380281690137	105.76112676056339	106.15	172.15	102.30000000000001	108.9	183.15	110.55000000000001	355.0
3582.0	70.55975348338703	137.72872454448017	222.07384780278673	66.55000000000001	132.0	216.70000000000002	74.25	143.55	227.70000000000002	933.0
3583.0	146.84226804123693	175.26701030927825	137.46365979381446	125.95000000000002	114.95	131.45000000000002	195.8	195.8	144.65	2134.0
3584.0	161.62764920828272	171.40840438489653	130.2210414129111	134.20000000000002	118.80000000000001	119.9	202.95000000000002	199.10000000000002	139.15	1642.0
3585.0	126.04185838063938	87.41187630714079	161.5003435912758	81.95	63.25000000000001	154.0	147.95000000000002	145.75	168.3	3347.0
3586.0	122.70008537279456	93.86468412066023	165.39003984063746	81.95	63.25000000000001	161.15	152.35000000000002	148.5	171.60000000000002	1757.0
3587.0	209.20125148986887	108.06418355184746	134.54743742550656	198.00000000000003	96.80000000000001	92.95	224.4	117.7	156.75	839.0
3588.0	186.44801444043307	132.6949458483754	157.03492779783394	121.00000000000001	96.80000000000001	150.15	218.35000000000002	207.35000000000002	165.0	2770.0
3589.0	191.36039999999988	180.17120000000003	141.22075	171.60000000000002	149.60000000000002	137.5	213.95000000000002	200.20000000000002	145.20000000000002	1000.0
3590.0	151.09729729729727	74.93378378378378	194.31486486486494	146.3	72.60000000000001	189.75000000000003	155.65	77.55000000000001	197.45000000000002	407.0
3591.0	147.22219827586179	114.50964439655179	190.21603807471266	93.50000000000001	63.800000000000004	169.95000000000002	175.45000000000002	209.00000000000003	211.75000000000003	2784.0
3592.0	190.62034715525556	69.80438765670203	172.2873674059788	184.25000000000003	64.9	168.85000000000002	196.9	77.0	175.45000000000002	1037.0
3593.0	164.84750328515102	161.32658782303994	175.63887428821727	116.05000000000001	95.15	168.3	219.45000000000002	217.25000000000003	184.8	2283.0
3594.0	195.84949999999986	178.41249999999974	127.47250000000004	167.75	141.35000000000002	120.45	218.35000000000002	204.05	133.10000000000002	2200.0
3595.0	184.6692023633675	186.18962333825704	149.1377400295421	166.65	150.70000000000002	145.20000000000002	211.75000000000003	202.4	154.0	1354.0
3596.0	107.73983169705475	177.55511921458617	98.8380084151473	103.95	165.0	94.05000000000001	110.00000000000001	189.20000000000002	102.85000000000001	713.0
3597.0	159.36701877934294	162.6418427230051	97.85287558685448	107.80000000000001	119.9	93.50000000000001	209.00000000000003	204.60000000000002	102.30000000000001	852.0
3598.0	206.41000714796309	134.03645461043607	143.697426733381	203.50000000000003	124.30000000000001	139.15	211.20000000000002	141.9	149.05	1399.0
3599.0	152.34879385964908	120.72017543859654	212.30844298245617	113.85000000000001	98.45	204.05	172.70000000000002	163.9	223.3	456.0
3600.0	116.40055617352614	103.98426028921024	161.5452169076752	102.30000000000001	51.7	107.80000000000001	135.3	157.85000000000002	216.70000000000002	899.0
3601.0	113.54450337512056	102.46309064609464	157.20957087753138	79.75	62.150000000000006	149.60000000000002	146.85000000000002	155.10000000000002	168.3	2074.0
3602.0	92.00592320261433	139.18504901960785	158.56805555555556	79.2	60.50000000000001	146.85000000000002	156.20000000000002	161.70000000000002	166.10000000000002	1224.0
3603.0	150.72281334535597	99.38137962128047	142.6709422903517	83.05000000000001	62.7	138.60000000000002	183.70000000000002	183.15	147.4	2218.0
3604.0	140.62012195121983	144.221951219512	101.54756097560976	112.75000000000001	83.60000000000001	96.25000000000001	196.35000000000002	174.9	106.15	902.0
3605.0	182.04725000000016	94.30850000000001	191.379375	175.45000000000002	90.75000000000001	187.00000000000003	189.75000000000003	97.9	195.8	400.0
3606.0	187.20633240111835	139.70065920894922	99.13074310827002	134.75	103.4	91.85000000000001	220.00000000000003	210.65	104.50000000000001	2503.0
3607.0	208.9669999999999	112.06158333333336	97.95270833333332	202.95000000000002	103.95	93.50000000000001	217.25000000000003	118.25000000000001	102.30000000000001	1200.0
3608.0	85.66469248291574	144.12881548974943	177.10187927107063	75.35000000000001	124.30000000000001	140.8	96.25000000000001	165.55	213.4	878.0
3609.0	116.64340136054423	104.09591836734694	189.01292517006806	67.65	48.400000000000006	140.25	148.5	172.70000000000002	228.8	1470.0
3610.0	115.35818965517237	83.17025862068967	198.42456896551727	67.65	50.6	144.10000000000002	161.15	136.95000000000002	226.05	1276.0
3611.0	94.55184010152287	89.64581218274108	212.95678934010152	71.5	57.2	204.05	122.65	124.30000000000001	227.70000000000002	788.0
3612.0	111.99406229720967	81.40678131083703	197.3493510707333	67.65	57.2	158.4	157.85000000000002	159.5	233.75000000000003	1541.0
3613.0	169.05862068965484	194.83330049261087	171.10310344827587	160.05	189.20000000000002	166.10000000000002	176.0	199.65	177.10000000000002	1015.0
3614.0	191.65532341156282	126.76161991986265	120.90964510589583	109.45	85.80000000000001	97.9	219.45000000000002	187.55	171.60000000000002	1747.0
3615.0	165.0344492440604	118.48045356371492	105.3671706263499	111.10000000000001	87.45	100.10000000000001	189.20000000000002	186.45000000000002	111.10000000000001	463.0
3616.0	179.62852348993286	114.45536912751679	239.09127516778526	178.20000000000002	109.45	236.50000000000003	181.50000000000003	117.15	242.00000000000003	149.0
3617.0	158.6389432485323	64.37152641878671	225.58745107632097	144.10000000000002	57.2	165.55	201.3	74.80000000000001	244.20000000000002	2044.0
3618.0	138.86103752759385	127.89988962472407	224.79762693156735	78.10000000000001	113.30000000000001	191.95000000000002	205.70000000000002	139.70000000000002	254.65000000000003	906.0
3619.0	107.70457974137935	116.21298491379318	180.69633620689655	64.9	56.650000000000006	150.70000000000002	165.55	176.0	231.55	928.0
3620.0	110.49282576866766	136.39033674963395	148.07803806734992	76.45	59.95	144.65	169.95000000000002	181.50000000000003	153.45000000000002	683.0
3621.0	98.95489492567908	135.19146591491548	203.33085597129678	87.45	72.05000000000001	193.60000000000002	147.4	154.55	209.55	1951.0
3622.0	105.42413318657123	95.47812328013218	219.79749587231703	81.4	52.800000000000004	207.9	147.95000000000002	120.45	227.15	1817.0
3623.0	190.37523939808494	63.064158686730536	170.66326949384407	184.8	58.85	168.3	196.9	67.10000000000001	173.25	731.0
3624.0	119.51459038591743	99.30758293838863	247.35067704807042	73.7	58.300000000000004	239.25000000000003	159.5	142.45000000000002	255.75000000000003	1477.0
3625.0	124.03985594237699	102.96840736294502	231.9919367747099	71.5	50.6	166.65	200.20000000000002	149.60000000000002	257.95000000000005	2499.0
3626.0	132.4436263736264	211.92164835164837	111.86032967032968	129.25	204.05	110.00000000000001	136.4	217.8	114.4	455.0
3627.0	216.2140903686089	150.97859690844228	123.05808561236624	213.95000000000002	140.8	119.35000000000001	218.35000000000002	161.15	127.05000000000001	841.0
3628.0	157.20655913978467	202.07236559139793	143.66236559139784	151.8	199.10000000000002	141.35000000000002	162.25	204.60000000000002	146.3	465.0
3629.0	124.63616144975289	214.62775947281708	175.75716639209227	117.15	210.65	171.05	132.55	218.35000000000002	181.50000000000003	607.0
3630.0	144.97712826333714	145.97661748013618	151.70635641316684	115.50000000000001	89.65	117.7	182.60000000000002	190.85000000000002	195.25000000000003	881.0
3631.0	172.70110775427992	144.06233635448143	128.99078549848946	108.9	80.85000000000001	98.45	220.55	220.00000000000003	176.55	1986.0
3632.0	192.03157894736836	86.04999999999993	92.32368421052631	189.20000000000002	80.85000000000001	90.2	194.15	91.30000000000001	95.15	209.0
3633.0	130.64266055045877	165.8547706422019	93.34862385321104	106.15	79.75	89.10000000000001	195.8	196.35000000000002	98.45	545.0
3634.0	88.59156171284636	189.0545340050378	150.43261964735515	85.80000000000001	185.9	146.85000000000002	92.4	191.95000000000002	155.10000000000002	397.0
3635.0	99.7962756849315	125.98249143835613	201.518022260274	86.35000000000001	71.5	193.05	145.20000000000002	145.75	209.55	1168.0
3636.0	145.7295957918053	95.33028792912518	259.284496124031	110.00000000000001	84.7	248.05	158.4	127.05000000000001	270.05	1806.0
3637.0	126.12741935483872	107.24808195292061	267.42179598953794	114.95	91.85000000000001	262.90000000000003	140.25	119.35000000000001	271.70000000000005	1147.0
3638.0	126.32311025517576	104.99597977852657	269.8675493500241	111.10000000000001	92.95	265.1	139.15	115.50000000000001	273.35	2077.0
3639.0	118.93670058139539	108.59542151162795	270.17071220930234	110.55000000000001	91.30000000000001	267.85	139.70000000000002	119.9	273.35	688.0
3640.0	123.33003618817854	109.7306393244873	270.65174909529554	113.30000000000001	92.4	266.20000000000005	143.55	121.00000000000001	273.35	829.0
3641.0	120.5153773584906	97.9799056603774	258.36924528301887	110.00000000000001	86.9	249.70000000000002	133.65	112.75000000000001	265.65000000000003	1060.0
3642.0	132.38310344827588	104.87362068965516	267.86706896551726	116.05000000000001	91.85000000000001	265.1	142.45000000000002	121.55000000000001	270.6	290.0
3643.0	118.50666666666663	121.1532142857143	268.46940476190485	110.55000000000001	116.05000000000001	262.35	124.30000000000001	124.85000000000001	272.25	420.0
3644.0	121.63621340887629	96.41671388101985	261.6353635505194	108.9	88.55000000000001	251.90000000000003	133.10000000000002	110.00000000000001	267.3	1059.0
3645.0	136.2211165048545	99.74169902912627	262.28538834951456	109.45	86.35000000000001	255.20000000000002	151.25	125.4	268.40000000000003	1030.0
3646.0	140.86729411764676	98.28650980392162	265.1345098039216	111.10000000000001	85.25	256.85	152.35000000000002	124.30000000000001	271.15000000000003	1275.0
3647.0	118.42017937219737	85.53239910313896	253.73621076233184	114.4	82.5	250.8	121.55000000000001	88.0	256.85	446.0
3648.0	112.33330792682925	98.78871951219504	272.8192835365854	102.30000000000001	83.60000000000001	269.5	130.35000000000002	107.80000000000001	275.55	656.0
3649.0	121.09135802469135	96.4327160493827	270.7475308641976	107.80000000000001	85.80000000000001	267.3	134.20000000000002	109.45	274.45000000000005	891.0
3650.0	124.57662721893493	102.72850098619325	264.4404339250493	114.95	92.4	261.25	134.75	112.75000000000001	268.40000000000003	507.0
3651.0	109.86412492965663	85.10453010692201	254.91370287000566	89.65	68.2	249.70000000000002	127.05000000000001	108.35000000000001	259.6	1777.0
3652.0	106.49946502057614	92.9925514403291	257.9708230452676	91.85000000000001	70.4	254.10000000000002	128.15	111.65	265.1	1215.0
3653.0	109.89134762634002	88.31374425727405	257.9891653905054	101.75000000000001	80.85000000000001	253.00000000000003	118.25000000000001	96.80000000000001	262.90000000000003	1306.0
3654.0	108.49536321483772	85.4854714064915	268.4416537867079	95.15	70.4	263.45000000000005	119.9	102.85000000000001	274.45000000000005	647.0
3655.0	114.97150304083407	96.11142484795828	259.6649869678541	106.7	88.0	252.45000000000002	125.95000000000002	105.60000000000001	266.75	1151.0
3656.0	123.23893805309734	99.88665191740407	268.5435840707965	112.2	91.30000000000001	265.1	132.55	106.7	271.15000000000003	678.0
3657.0	126.60293296089384	95.9104748603352	259.5390595903166	100.10000000000001	78.10000000000001	254.10000000000002	145.20000000000002	121.00000000000001	266.20000000000005	1074.0
3658.0	142.82513586956526	89.80991847826087	263.6368206521739	138.05	86.9	259.6	146.85000000000002	92.4	267.3	368.0
3659.0	114.8096096096096	92.53048048048046	261.837987987988	109.45	87.45	260.15000000000003	121.55000000000001	100.10000000000001	263.45000000000005	333.0
3660.0	114.27118959107807	93.3486988847584	265.94953531598514	108.35000000000001	85.80000000000001	261.25	125.95000000000002	104.50000000000001	270.05	1076.0
3661.0	112.91779661016953	83.10326876513324	267.0096852300242	96.25000000000001	73.7	263.45000000000005	122.65	100.10000000000001	270.05	413.0
3662.0	115.5997983870968	88.18052419354842	270.155564516129	96.25000000000001	72.60000000000001	264.55	129.25	109.45	274.45000000000005	1240.0
3663.0	115.41908548707755	81.58752485089457	270.1068588469185	94.60000000000001	67.65	266.20000000000005	125.4	108.9	274.45000000000005	1006.0
3664.0	110.2718023255815	91.02819767441872	267.9515261627907	95.7	72.05000000000001	264.55	127.60000000000001	109.45	273.35	688.0
3665.0	116.5978515624999	94.14739583333335	257.69505208333334	107.25000000000001	86.9	250.25000000000003	124.85000000000001	103.95	264.0	768.0
3666.0	121.18976014760143	98.89700184501845	264.02942804428045	111.65	90.2	258.5	130.9	107.80000000000001	268.95000000000005	1084.0
3667.0	112.83754325259514	98.20830449826988	251.95994809688582	101.75000000000001	84.15	248.60000000000002	128.70000000000002	108.35000000000001	254.65000000000003	578.0
3668.0	122.52217484008526	98.83582089552229	258.50938166311306	108.35000000000001	87.45	253.00000000000003	135.3	113.30000000000001	264.0	469.0
3669.0	120.18875000000001	97.98765625000001	265.753125	108.35000000000001	89.65	260.15000000000003	133.10000000000002	108.9	270.05	320.0
3670.0	114.16786764705873	92.85455882352942	254.35639705882355	94.60000000000001	75.9	251.35000000000002	130.9	111.65	257.40000000000003	680.0
3671.0	109.64543147208127	84.69441624365489	252.4569796954315	99.55000000000001	79.75	249.70000000000002	119.9	91.30000000000001	255.75000000000003	394.0
3672.0	105.68884165781088	88.66105207226373	257.0621679064825	99.55000000000001	73.15	252.45000000000002	118.25000000000001	97.9	260.70000000000005	941.0
3673.0	108.58852631578955	90.2787368421052	254.97884210526317	101.75000000000001	80.85000000000001	251.90000000000003	118.25000000000001	99.55000000000001	259.05	475.0
3674.0	114.18431372549018	88.93931372549024	260.0356862745098	94.60000000000001	74.25	257.40000000000003	131.45000000000002	109.45	264.55	510.0
3675.0	103.22265013054826	104.75992167101825	261.65567885117497	94.60000000000001	74.25	257.40000000000003	135.3	115.50000000000001	265.65000000000003	766.0
3676.0	123.85465879265091	99.7217847769029	263.56043307086617	113.30000000000001	90.2	257.40000000000003	135.3	110.55000000000001	269.5	762.0
3677.0	125.17344273275283	100.4739115874078	267.57849966510383	113.85000000000001	90.2	261.8	134.75	111.10000000000001	270.6	1493.0
3678.0	129.95967741935473	90.83323055028468	249.74148481973435	84.7	65.45	237.60000000000002	155.10000000000002	127.05000000000001	262.90000000000003	2108.0
3679.0	122.2183629675046	103.15180870631515	271.9599938687922	112.2	92.4	267.3	136.95000000000002	112.2	275.55	1631.0
3680.0	105.36814334085776	81.15696952595938	255.4911399548533	90.75000000000001	68.2	249.70000000000002	118.80000000000001	99.55000000000001	260.15000000000003	1772.0
3681.0	127.36744966442957	97.7978747203579	262.99474272930655	103.95	81.95	258.5	145.75	119.9	267.3	447.0
3682.0	118.85559566787012	108.94864620938628	265.3174187725632	107.25000000000001	84.7	259.6	145.20000000000002	121.00000000000001	270.05	554.0
3683.0	119.01247099767983	99.35730858468693	258.43619489559165	101.2	80.85000000000001	253.55	141.35000000000002	117.7	262.90000000000003	862.0
3684.0	131.76346153846154	85.21346153846159	255.74807692307695	128.70000000000002	82.5	251.90000000000003	135.85000000000002	88.0	259.05	286.0
3685.0	105.63090301003366	85.44535117056846	262.75872909699	92.95	71.5	257.40000000000003	121.55000000000001	101.2	269.5	1495.0
3686.0	113.35014471780035	86.51316931982639	264.1376989869754	104.50000000000001	80.85000000000001	259.05	118.80000000000001	96.80000000000001	268.40000000000003	691.0
3687.0	108.1337730870713	87.33874230430953	261.8449868073879	99.00000000000001	75.9	256.85	117.7	96.80000000000001	268.40000000000003	1137.0
3688.0	109.97884615384616	96.06295546558708	264.8044028340081	104.50000000000001	84.15	259.05	123.20000000000002	103.95	269.5	988.0
3689.0	135.75804140127374	100.14378980891726	256.17914012738856	108.35000000000001	83.05000000000001	245.85000000000002	156.75	125.4	268.40000000000003	628.0
3690.0	134.24649196956878	96.97620456466609	256.74399830938296	105.05000000000001	80.30000000000001	246.95000000000002	152.35000000000002	124.85000000000001	265.65000000000003	1183.0
3691.0	137.17636054421737	97.6193877551021	263.2835034013606	114.4	86.9	257.95000000000005	147.4	121.00000000000001	268.95000000000005	588.0
3692.0	123.68621848739497	96.27033613445383	256.2297478991597	106.7	85.80000000000001	251.35000000000002	136.95000000000002	112.75000000000001	260.70000000000005	595.0
3693.0	113.9217871485944	71.63363453815258	259.140562248996	108.9	67.10000000000001	256.85	119.35000000000001	77.0	262.35	498.0
3694.0	123.31384039900249	93.86415211970056	261.53562967581047	96.25000000000001	73.7	256.85	146.3	121.00000000000001	268.95000000000005	1604.0
3695.0	122.62562814070355	102.51381909547742	274.2633165829146	107.25000000000001	86.35000000000001	270.05	140.8	116.60000000000001	277.20000000000005	2189.0
3696.0	127.38096632503661	102.83550512445083	273.5013909224012	113.30000000000001	92.95	270.05	138.60000000000002	114.95	276.65000000000003	683.0
3697.0	129.08736842105264	105.66684210526314	272.61526315789473	117.7	96.25000000000001	269.5	139.15	113.85000000000001	275.55	1045.0
3698.0	127.6551671732523	100.54969604863224	263.30539513677815	108.9	85.80000000000001	257.95000000000005	143.0	119.9	267.85	658.0
3699.0	122.83657243816255	102.77517667844519	265.8598939929329	110.55000000000001	89.10000000000001	261.8	139.15	116.05000000000001	268.95000000000005	566.0
3700.0	119.76091954022988	107.22945402298849	268.6591954022988	110.00000000000001	89.10000000000001	266.20000000000005	141.9	117.7	270.05	348.0
3701.0	122.9560697115385	96.54945913461552	272.1448918269231	107.25000000000001	85.80000000000001	269.5	136.4	112.2	275.0	832.0
3702.0	103.42796610169488	114.78997175141248	263.03516949152544	99.00000000000001	112.2	259.05	107.80000000000001	117.15	266.20000000000005	354.0
3703.0	109.89855708908408	91.25721455457972	267.5981179422836	97.9	81.4	262.35	123.75000000000001	100.65	272.25	797.0
3704.0	119.76201413427563	85.72809187279154	265.7530035335689	116.60000000000001	83.60000000000001	262.35	123.20000000000002	88.55000000000001	268.40000000000003	283.0
3705.0	115.50677339901479	92.59642857142853	269.06379310344835	102.85000000000001	85.80000000000001	266.20000000000005	125.4	102.85000000000001	271.70000000000005	406.0
3706.0	107.6072190137717	88.80972900932929	243.05162150155488	99.00000000000001	79.75	238.70000000000002	114.4	96.80000000000001	247.50000000000003	2251.0
3707.0	113.03727678571428	96.35189732142862	250.34207589285717	102.30000000000001	84.7	246.40000000000003	127.60000000000001	106.7	253.55	448.0
3708.0	103.0852007469654	82.26685340802982	258.9483193277311	88.55000000000001	63.800000000000004	251.90000000000003	121.00000000000001	100.65	266.20000000000005	1071.0
3709.0	103.36868174726999	78.71177847113883	256.7105694227769	90.2	64.9	252.45000000000002	116.05000000000001	97.35000000000001	261.25	1282.0
3710.0	115.33440276406714	82.59935834155961	259.3393879565647	92.4	68.2	254.10000000000002	130.9	110.00000000000001	263.45000000000005	1013.0
3711.0	102.61882756368375	94.47749836708064	274.59962442847814	84.7	61.60000000000001	267.85	130.35000000000002	112.2	279.40000000000003	3062.0
3712.0	121.48968401486988	92.15464684014863	267.3265799256506	97.9	76.45	263.45000000000005	139.70000000000002	115.50000000000001	271.15000000000003	538.0
3713.0	115.25861561119301	109.5196612665684	268.1853460972018	103.95	79.75	262.35	144.65	121.00000000000001	272.25	679.0
3714.0	121.01605839416061	99.16660583941612	270.7284671532847	102.30000000000001	80.30000000000001	266.75	141.9	114.4	273.90000000000003	548.0
3715.0	129.43761682242993	95.18598130841114	268.92943925233646	103.95	83.05000000000001	265.1	145.20000000000002	115.50000000000001	272.25	642.0
3716.0	116.64747602221101	95.77246340232212	267.49490156486627	101.75000000000001	80.30000000000001	254.10000000000002	133.10000000000002	109.45	276.65000000000003	1981.0
3717.0	111.97360178970918	90.65156599552566	256.6703579418345	104.50000000000001	84.7	251.90000000000003	119.35000000000001	97.35000000000001	260.70000000000005	447.0
3718.0	118.74067415730342	94.6840449438202	265.6747191011236	110.00000000000001	89.65	263.45000000000005	125.4	103.4	268.95000000000005	445.0
3719.0	115.3325	81.50749999999994	258.74125000000004	93.50000000000001	73.7	255.75000000000003	124.85000000000001	102.30000000000001	261.8	440.0
3720.0	124.02834254143647	92.23895027624326	268.2213259668508	100.65	77.0	262.35	139.70000000000002	113.30000000000001	273.90000000000003	905.0
3721.0	107.81324237560196	95.73443017656494	264.1633226324238	96.80000000000001	74.80000000000001	260.70000000000005	132.55	111.65	268.95000000000005	623.0
3722.0	117.41942277691109	92.04391575663033	261.89266770670827	98.45	77.0	258.5	134.75	113.85000000000001	265.65000000000003	641.0
3723.0	102.35477707006375	82.92770700636953	245.34363057324842	96.25000000000001	75.9	240.9	110.55000000000001	89.65	251.90000000000003	1727.0
3724.0	111.43013205282116	94.96380552220886	233.21650660264103	105.60000000000001	90.75000000000001	227.70000000000002	117.7	99.55000000000001	237.05	833.0
3725.0	110.103125	94.20543478260869	238.93614130434784	104.50000000000001	88.55000000000001	235.95000000000002	118.25000000000001	100.65	242.00000000000003	368.0
3726.0	107.58667279411765	90.75808823529415	240.19126838235297	101.2	85.80000000000001	235.95000000000002	112.2	95.15	242.00000000000003	544.0
3727.0	110.50613496932519	92.5957055214724	237.183282208589	105.60000000000001	88.0	233.20000000000002	114.4	96.80000000000001	240.9	326.0
3728.0	101.6747591522158	85.78834296724467	247.0718689788054	94.60000000000001	73.7	242.00000000000003	112.75000000000001	93.50000000000001	251.35000000000002	519.0
3729.0	107.20805658056581	91.19784747847488	248.29421894218945	97.35000000000001	77.0	242.55	122.65	104.50000000000001	253.00000000000003	813.0
3730.0	109.58263665594855	90.83488745980704	254.4855305466238	98.45	78.65	252.45000000000002	121.00000000000001	103.4	256.3	311.0
3731.0	106.42160493827157	83.81790123456787	247.42839506172842	97.9	76.45	242.00000000000003	114.95	93.50000000000001	251.90000000000003	891.0
3732.0	109.3241167434716	88.80599078341011	251.11766513056838	98.45	79.2	246.95000000000002	123.20000000000002	100.65	254.65000000000003	651.0
3733.0	108.1909900990101	89.01577557755785	242.62914191419145	96.80000000000001	77.55000000000001	238.70000000000002	121.00000000000001	102.30000000000001	248.05	1515.0
3734.0	129.75194174757283	101.26407766990287	263.1812297734628	112.2	88.0	259.05	143.0	117.7	266.75	309.0
3735.0	117.36669611307424	94.78414310954072	254.17725265017668	93.50000000000001	77.0	247.50000000000003	140.25	116.60000000000001	260.70000000000005	1132.0
3736.0	114.22309941520467	102.95828460038982	255.83148148148152	100.65	83.05000000000001	250.8	134.75	114.95	262.35	513.0
3737.0	129.45769230769233	98.55	261.2730769230769	112.2	89.65	252.45000000000002	139.15	116.05000000000001	265.65000000000003	572.0
3738.0	115.88110814419223	77.65647530040056	265.87396528704943	92.95	63.800000000000004	262.90000000000003	126.50000000000001	106.15	269.5	749.0
3739.0	120.07132587859425	83.39924121405748	262.10003993610223	92.95	69.30000000000001	257.95000000000005	138.60000000000002	111.10000000000001	267.3	1252.0
3740.0	113.55522531160116	80.09276126557995	256.33111217641425	88.0	64.9	250.8	128.15	108.9	260.70000000000005	1043.0
3741.0	108.86215940054493	81.03620572207076	262.2904291553134	91.30000000000001	66.0	257.95000000000005	124.30000000000001	105.60000000000001	267.3	1468.0
3742.0	113.338339670469	90.12959442332078	273.31166032953104	102.85000000000001	81.95	270.6	122.65	100.65	275.55	789.0
3743.0	108.43592780597865	85.74354201917679	269.1339537507051	84.7	59.95	254.10000000000002	134.75	112.2	279.40000000000003	3546.0
3744.0	109.81041666666677	88.82624999999999	256.3125	103.95	84.15	251.90000000000003	117.15	95.15	260.15000000000003	1320.0
3745.0	117.02629392971251	96.20642172523957	269.0997124600639	110.55000000000001	90.2	265.1	125.4	105.05000000000001	273.90000000000003	1565.0
3746.0	120.85469242902204	97.21380126182962	268.51364353312306	112.2	91.30000000000001	265.1	130.9	106.15	272.25	1268.0
3747.0	111.93518518518523	89.5197751322753	260.3900793650794	107.25000000000001	84.7	257.95000000000005	117.7	96.25000000000001	262.90000000000003	756.0
3748.0	114.72602539062507	91.80004882812504	263.96293945312505	110.00000000000001	86.9	261.8	119.9	98.45	266.75	1024.0
3749.0	119.01757028112453	94.07540160642577	267.33534136546183	110.00000000000001	89.10000000000001	264.0	127.60000000000001	102.30000000000001	271.15000000000003	498.0
3750.0	106.92300194931785	86.47222222222223	258.5139376218324	100.65	80.85000000000001	255.75000000000003	112.75000000000001	91.85000000000001	262.90000000000003	513.0
3751.0	109.7294941634241	87.87245136186768	261.64077821011676	104.50000000000001	83.05000000000001	257.40000000000003	116.05000000000001	94.05000000000001	266.75	1285.0
3752.0	107.25139949109412	88.27709923664108	266.7506997455471	99.00000000000001	79.2	262.90000000000003	116.05000000000001	95.15	270.6	786.0
3753.0	111.89292543021035	86.32861695347371	271.2944231994901	97.9	72.60000000000001	265.65000000000003	122.65	102.85000000000001	275.0	1569.0
3754.0	115.3741262683202	93.99543404735063	270.7097519729425	110.55000000000001	87.45	267.3	121.55000000000001	100.65	274.45000000000005	887.0
3755.0	103.92500000000004	91.63138297872348	266.2840425531915	96.80000000000001	76.45	260.15000000000003	114.4	98.45	271.70000000000005	1034.0
3756.0	112.66873350923487	87.11912928759898	269.2939313984169	100.65	78.65	262.90000000000003	122.65	100.10000000000001	273.35	1137.0
3757.0	112.77108013937287	88.80104529616733	271.63771777003484	97.35000000000001	78.10000000000001	267.85	124.85000000000001	101.2	273.90000000000003	574.0
3758.0	114.79592198581558	96.40992907801417	264.2067375886525	107.80000000000001	85.80000000000001	259.6	127.05000000000001	106.15	268.40000000000003	282.0
3759.0	106.46175115207377	89.02142857142853	260.4161290322581	98.45	75.9	257.40000000000003	118.80000000000001	98.45	263.45000000000005	434.0
3760.0	124.02642487046629	79.24274611398974	266.7186528497409	120.45	77.0	264.0	129.25	81.95	270.05	386.0
3761.0	101.14021739130436	81.30169082125603	248.5747584541063	95.15	75.9	243.10000000000002	108.35000000000001	87.45	253.55	414.0
3762.0	109.34791323448648	89.65362438220744	254.14892915980235	85.25	67.65	247.50000000000003	136.4	119.9	263.45000000000005	1821.0
3763.0	129.17253521126761	78.22007042253519	257.88028169014086	124.85000000000001	75.9	255.20000000000002	133.65	79.75	260.15000000000003	284.0
3764.0	126.4794982078853	103.75562724014347	264.4364516129033	102.85000000000001	80.30000000000001	255.20000000000002	149.60000000000002	124.30000000000001	271.15000000000003	1395.0
3765.0	110.75174672489085	96.49978165938863	235.85393013100438	105.05000000000001	92.4	230.45000000000002	117.7	101.75000000000001	240.35000000000002	458.0
3766.0	118.52124756335287	90.15711500974652	233.85185185185185	113.30000000000001	88.0	229.35000000000002	123.75000000000001	91.85000000000001	237.60000000000002	513.0
3767.0	114.62131849315068	82.63938356164394	251.20496575342466	94.60000000000001	74.25	246.95000000000002	122.10000000000001	102.30000000000001	255.75000000000003	584.0
3768.0	105.2397887323943	85.65669014084503	254.42341549295776	96.80000000000001	76.45	251.35000000000002	114.95	95.15	256.85	284.0
3769.0	100.35812274368229	93.38285198555963	253.4407942238267	99.00000000000001	89.65	250.8	102.30000000000001	97.35000000000001	255.75000000000003	277.0
3770.0	109.87669616519177	93.78270648967555	245.58676253687318	100.10000000000001	81.95	241.45000000000002	124.30000000000001	103.95	250.8	1356.0
3771.0	114.69785100286533	90.1353868194842	242.2332378223496	101.2	83.05000000000001	239.25000000000003	123.20000000000002	103.95	245.85000000000002	349.0
3772.0	107.24557877813503	93.500884244373	245.15852090032155	92.4	72.60000000000001	239.8	125.4	109.45	249.70000000000002	622.0
3773.0	112.52427925381566	90.32591859807806	247.13188241944601	91.30000000000001	72.05000000000001	241.45000000000002	130.9	111.10000000000001	251.90000000000003	1769.0
3774.0	104.56623522791219	86.833764772088	268.83517163759143	90.2	66.0	261.8	119.35000000000001	103.4	275.55	1777.0
3775.0	118.28205998868143	75.08387096774211	268.35268817204303	94.05000000000001	63.25000000000001	263.45000000000005	128.15	111.10000000000001	274.45000000000005	1767.0
3776.0	107.40864505403154	90.66587697423098	270.6608063175395	96.80000000000001	81.4	266.75	118.25000000000001	97.9	273.90000000000003	1203.0
3777.0	128.53981113320083	81.77778330019888	271.30034791252484	124.30000000000001	75.9	266.20000000000005	133.10000000000002	88.55000000000001	274.45000000000005	1006.0
3778.0	121.63154396728017	98.76408486707568	273.69473415132927	108.9	88.0	268.95000000000005	135.3	110.55000000000001	277.20000000000005	1956.0
3779.0	111.77041231126587	90.06042392566782	266.552293844367	107.25000000000001	81.95	261.25	117.7	99.55000000000001	271.15000000000003	1722.0
3780.0	117.13205128205131	95.99102564102566	259.87307692307695	106.7	86.35000000000001	255.75000000000003	127.05000000000001	108.35000000000001	266.20000000000005	429.0
3781.0	124.17372448979596	94.84506802721087	260.06768707482996	103.95	83.05000000000001	255.20000000000002	139.15	114.95	265.65000000000003	1176.0
3782.0	111.22526178010472	80.60595549738224	257.847054973822	92.4	70.4	253.55	131.45000000000002	99.00000000000001	260.70000000000005	764.0
3783.0	110.13442164179104	93.28451492537313	260.4999067164179	99.55000000000001	80.85000000000001	257.40000000000003	124.85000000000001	102.85000000000001	264.0	536.0
3784.0	106.50457175925926	90.9505208333333	263.56967592592594	97.35000000000001	75.9	259.6	121.00000000000001	104.50000000000001	268.40000000000003	864.0
3785.0	118.32824267782429	79.50836820083687	260.4652719665272	116.05000000000001	75.35000000000001	258.5	121.00000000000001	83.05000000000001	263.45000000000005	239.0
3786.0	105.99332023575636	88.24528487229873	262.5904223968566	94.05000000000001	73.15	257.95000000000005	125.4	102.30000000000001	271.15000000000003	1018.0
3787.0	109.62311151079139	85.9236510791367	260.0946043165468	95.7	73.15	257.40000000000003	124.30000000000001	100.10000000000001	262.90000000000003	556.0
3788.0	124.39666666666669	87.43555555555558	264.45000000000005	99.55000000000001	76.45	259.6	138.60000000000002	110.00000000000001	270.6	495.0
3789.0	113.11666666666667	97.94880952380953	271.4666666666667	100.10000000000001	83.05000000000001	268.95000000000005	130.9	110.00000000000001	273.90000000000003	462.0
3790.0	105.47583465818761	84.56971383147847	234.39093799682038	99.55000000000001	80.85000000000001	230.45000000000002	110.55000000000001	89.65	237.60000000000002	629.0
3791.0	100.94543744120416	83.01481655691445	238.17069614299157	96.25000000000001	77.0	234.85000000000002	105.60000000000001	88.55000000000001	243.65	1063.0
3792.0	111.7225647348952	94.1049321824907	240.7046855733662	102.30000000000001	87.45	235.95000000000002	122.10000000000001	105.05000000000001	244.75000000000003	811.0
3793.0	110.59254143646406	93.59875690607734	239.75441988950277	106.7	90.2	236.50000000000003	114.95	97.9	242.55	362.0
3794.0	108.96339820359277	80.02911676646717	253.91721556886228	94.05000000000001	72.60000000000001	248.60000000000002	116.05000000000001	97.35000000000001	257.95000000000005	668.0
3795.0	103.28903508771927	88.08063909774438	250.19899749373434	95.7	76.45	244.75000000000003	117.15	99.55000000000001	254.10000000000002	798.0
3796.0	108.14095022624426	87.59683257918545	250.41591251885373	96.80000000000001	77.55000000000001	243.65	119.35000000000001	101.75000000000001	255.75000000000003	663.0
3797.0	112.58242187500001	88.35998263888891	243.5974826388889	103.4	80.85000000000001	239.8	119.9	98.45	247.50000000000003	1152.0
3798.0	110.49946581196585	95.86217948717953	245.02382478632478	102.85000000000001	85.80000000000001	240.9	123.75000000000001	103.95	248.60000000000002	468.0
3799.0	110.40278810408921	92.06672862453527	243.22676579925653	106.7	88.55000000000001	241.45000000000002	114.95	96.80000000000001	245.3	269.0
3800.0	113.89444444444445	99.17500000000004	251.32222222222225	103.95	84.7	244.75000000000003	126.50000000000001	114.4	262.90000000000003	594.0
3801.0	107.8221753398969	87.11762775433664	266.0378105954056	101.2	79.75	259.05	114.95	94.60000000000001	271.70000000000005	2133.0
3802.0	104.14966592427614	84.12672605790651	264.0244988864143	95.15	75.35000000000001	261.25	112.2	91.85000000000001	267.3	449.0
3803.0	113.92706622879038	89.94682539682537	274.5538587848933	92.95	68.2	271.70000000000005	130.35000000000002	110.00000000000001	278.3	1827.0
3804.0	125.19405074365709	98.99278215223102	265.2944006999125	108.9	86.35000000000001	260.15000000000003	141.9	117.7	270.05	1143.0
3805.0	122.46413210445469	99.64293394777275	268.9508448540707	104.50000000000001	86.35000000000001	264.55	143.0	112.75000000000001	272.8	651.0
3806.0	115.67970297029699	103.07033511043412	266.0433358720488	105.05000000000001	84.15	261.8	141.35000000000002	117.15	271.70000000000005	1313.0
3807.0	99.75210843373497	98.83930722891557	267.0581325301205	97.9	94.05000000000001	263.45000000000005	101.2	103.4	270.6	332.0
3808.0	109.9476643598616	93.1022491349481	267.41323529411767	100.65	80.85000000000001	262.90000000000003	123.75000000000001	102.30000000000001	271.70000000000005	578.0
3809.0	112.21238738738741	103.51272522522527	265.05168918918923	101.75000000000001	81.4	261.25	136.4	113.85000000000001	267.85	444.0
3810.0	120.39935760171308	78.68415417558884	263.0048179871521	117.15	75.35000000000001	259.6	124.30000000000001	81.95	266.75	467.0
3811.0	121.64683098591554	84.9207746478874	264.69330985915497	117.7	82.5	261.25	125.4	87.45	267.85	284.0
3812.0	113.57196969696973	95.69999999999997	263.6015151515152	102.30000000000001	79.75	258.5	137.5	106.7	270.05	726.0
3813.0	101.00970464135023	104.67869198312236	269.3004219409283	99.00000000000001	101.75000000000001	266.75	103.4	107.80000000000001	271.15000000000003	237.0
3814.0	112.285328836425	96.99569983136601	269.33212478920746	101.75000000000001	79.2	266.20000000000005	129.25	108.35000000000001	272.25	593.0
3815.0	103.94663265306123	82.6616326530612	239.69897959183675	99.00000000000001	78.65	237.05	109.45	88.0	244.20000000000002	490.0
3816.0	104.99909255898372	85.8232909860857	242.16170598911074	97.9	78.10000000000001	238.15	113.30000000000001	92.4	246.95000000000002	1653.0
3817.0	103.50792778649924	84.44270015698595	242.46797488226056	98.45	80.85000000000001	239.25000000000003	109.45	89.65	246.40000000000003	637.0
3818.0	117.99159783989836	87.89062897077514	253.5274618805591	86.35000000000001	67.65	246.40000000000003	144.65	121.55000000000001	261.8	3148.0
3819.0	103.17185185185184	92.66074074074078	252.08231481481485	88.0	71.5	248.05	126.50000000000001	110.00000000000001	254.65000000000003	540.0
3820.0	117.513	75.41600000000001	252.81080000000003	114.95	73.15	248.60000000000002	119.9	78.65	255.75000000000003	250.0
3821.0	126.65375000000003	92.95166666666667	252.54291666666668	98.45	78.10000000000001	247.50000000000003	142.45000000000002	118.80000000000001	260.15000000000003	1320.0
3822.0	121.18416289592761	92.91391402714925	253.1269230769231	99.00000000000001	79.75	248.60000000000002	138.05	114.95	257.40000000000003	442.0
3823.0	132.70384615384611	96.0089743589743	255.0115384615385	106.15	83.05000000000001	248.60000000000002	146.3	121.00000000000001	262.90000000000003	429.0
3824.0	133.2337837837838	95.44977477477475	257.92852852852855	107.25000000000001	84.15	249.70000000000002	144.65	119.9	264.55	666.0
3825.0	114.01575342465753	97.71767123287675	247.05246575342468	99.55000000000001	81.95	243.10000000000002	129.8	112.75000000000001	250.8	365.0
3826.0	113.4691994069682	87.88502594514462	269.9517420311342	90.2	67.10000000000001	264.0	130.9	111.65	275.55	1349.0
3827.0	117.1846456692913	80.76926321709779	271.8645669291339	92.4	65.45	267.3	129.25	109.45	275.55	1778.0
3828.0	121.84533450704224	98.56474471830983	263.4078785211268	103.4	80.85000000000001	257.95000000000005	141.9	116.60000000000001	268.40000000000003	1136.0
3829.0	103.88678160919544	113.39061302681993	262.2277777777778	100.65	110.55000000000001	260.15000000000003	107.25000000000001	116.05000000000001	264.55	261.0
3830.0	100.23026315789478	108.45614035087719	260.3043859649123	97.9	103.95	258.5	102.85000000000001	112.2	262.35	228.0
3831.0	108.47410256410258	94.7466666666667	260.4489743589744	97.9	78.65	259.05	126.50000000000001	105.05000000000001	262.35	195.0
3832.0	117.59534412955468	95.7823886639676	259.8204453441296	103.95	84.15	257.40000000000003	132.55	110.00000000000001	261.25	247.0
3833.0	124.51303219106958	89.46895119418483	261.90109034267914	105.05000000000001	82.5	256.3	138.05	106.15	265.65000000000003	963.0
3834.0	129.15172131147543	85.0462295081967	268.32786885245906	123.20000000000002	81.4	265.1	136.95000000000002	89.10000000000001	271.15000000000003	610.0
3835.0	120.85853909465023	95.13189300411523	268.7542181069959	103.95	81.4	265.65000000000003	137.5	112.2	271.70000000000005	972.0
3836.0	104.06594594594591	86.70006756756757	252.769222972973	92.4	73.15	246.95000000000002	119.35000000000001	100.65	256.85	1480.0
3837.0	102.19067278287464	92.05519877675843	254.1941896024465	95.7	77.0	250.25000000000003	117.7	101.2	256.85	327.0
3838.0	105.25058823529413	111.66078431372551	255.75431372549022	99.55000000000001	107.80000000000001	252.45000000000002	109.45	116.05000000000001	259.05	255.0
3839.0	121.51529636711281	93.93432122370943	250.59072657743786	102.85000000000001	82.5	244.75000000000003	133.10000000000002	112.75000000000001	255.20000000000002	523.0
3840.0	126.32203098106719	97.07358003442343	256.1968158347677	107.25000000000001	85.80000000000001	249.70000000000002	137.5	116.05000000000001	261.25	581.0
3841.0	110.61111111111113	99.5820105820106	246.618253968254	100.65	84.15	241.45000000000002	127.60000000000001	111.10000000000001	253.55	378.0
3842.0	115.8763157894737	95.6047953216374	246.86251461988306	102.85000000000001	84.7	240.9	130.35000000000002	110.55000000000001	254.10000000000002	855.0
3843.0	112.34117647058824	95.37205882352947	259.32500000000005	99.55000000000001	80.30000000000001	257.40000000000003	128.70000000000002	107.80000000000001	261.25	374.0
3844.0	103.67238095238096	108.03833333333333	259.6419047619048	101.2	104.50000000000001	257.95000000000005	106.7	111.65	261.8	210.0
3845.0	115.93477812177505	94.73395252837977	261.23637770897835	100.65	80.85000000000001	257.95000000000005	133.10000000000002	110.55000000000001	264.55	969.0
3846.0	107.69897959183675	96.86734693877546	262.1170918367347	99.55000000000001	79.75	260.15000000000003	125.4	105.05000000000001	264.0	196.0
3847.0	121.97044444444445	81.7568888888889	262.9024444444445	119.9	79.2	260.70000000000005	124.85000000000001	84.15	265.65000000000003	225.0
3848.0	121.45267857142863	89.65000000000015	263.44464285714287	103.4	80.85000000000001	260.70000000000005	131.45000000000002	107.25000000000001	266.75	616.0
3849.0	112.24534574468082	100.21117021276586	262.8400265957447	100.65	80.85000000000001	260.15000000000003	133.10000000000002	111.65	265.65000000000003	376.0
3850.0	107.9118911174785	74.91609360076414	240.56590257879657	79.75	60.50000000000001	234.85000000000002	123.75000000000001	106.15	244.75000000000003	1047.0
3851.0	102.3690435525193	79.69504696840309	251.92724167378313	89.65	67.10000000000001	246.40000000000003	115.50000000000001	96.80000000000001	257.40000000000003	1171.0
3852.0	106.48117229129663	77.4796625222024	249.63552397868563	86.9	67.65	244.75000000000003	117.15	100.65	254.65000000000003	563.0
3853.0	102.20690104166664	81.69218749999993	247.98125000000002	92.4	73.15	243.10000000000002	112.2	92.4	251.90000000000003	768.0
3854.0	102.38951822916664	84.51380208333329	251.1974609375	90.2	70.95	246.95000000000002	117.15	100.10000000000001	255.20000000000002	768.0
3855.0	109.91338582677167	91.04665354330709	264.7232283464567	100.10000000000001	79.2	262.35	122.65	102.85000000000001	267.3	254.0
3856.0	107.6411971830986	96.78257042253517	265.5454225352113	99.55000000000001	80.30000000000001	262.90000000000003	125.4	105.05000000000001	268.95000000000005	568.0
3857.0	100.52510917030565	103.12860262008734	268.0877729257642	98.45	100.10000000000001	264.0	102.85000000000001	107.25000000000001	271.15000000000003	229.0
3858.0	117.23569157392687	93.95818759936414	265.99014308426075	99.55000000000001	78.65	262.90000000000003	134.75	111.10000000000001	270.05	629.0
3859.0	127.93520352035202	84.37447744774477	266.19939493949397	122.10000000000001	79.75	262.90000000000003	135.85000000000002	87.45	269.5	909.0
3860.0	112.3941836734694	95.50244897959185	263.30520408163267	99.00000000000001	79.2	260.70000000000005	133.65	108.9	267.3	490.0
3861.0	105.62232472324722	105.30977859778596	265.13653136531366	102.85000000000001	101.2	263.45000000000005	108.35000000000001	108.9	266.75	271.0
3862.0	105.06766055045877	104.43944954128439	267.19908256880734	102.30000000000001	101.75000000000001	265.1	107.80000000000001	108.35000000000001	269.5	218.0
3863.0	103.73905160390517	94.37064156206421	245.93514644351467	82.5	63.25000000000001	241.45000000000002	135.3	114.95	250.25000000000003	717.0
3864.0	99.5534055727554	87.07936016511869	238.30381836945307	88.55000000000001	70.4	232.10000000000002	116.60000000000001	99.00000000000001	243.65	969.0
3865.0	103.26433778857842	82.72989064398533	237.50042527339008	90.75000000000001	72.60000000000001	232.65	113.85000000000001	96.25000000000001	242.55	823.0
3866.0	101.30461624026698	84.46996662958841	236.9967741935484	94.60000000000001	75.35000000000001	233.75000000000003	110.00000000000001	92.95	240.9	899.0
3867.0	102.53818097876271	82.76458910433985	240.39672206832873	92.95	74.80000000000001	234.3	110.55000000000001	91.85000000000001	247.50000000000003	1083.0
3868.0	82.55309405940592	101.10878712871288	239.17376237623765	78.10000000000001	95.15	235.95000000000002	86.35000000000001	103.95	242.00000000000003	404.0
3869.0	101.80433198380547	85.24354251012166	235.47147773279355	82.5	66.0	229.9	121.55000000000001	105.60000000000001	241.45000000000002	2470.0
3870.0	112.32038626609443	66.30529327610874	234.6336194563663	105.05000000000001	63.800000000000004	231.00000000000003	119.9	69.30000000000001	238.15	699.0
3871.0	105.41420168067228	80.39521008403368	243.53907563025209	89.65	68.75	237.60000000000002	119.9	97.9	247.50000000000003	595.0
3872.0	105.8416585838991	84.03957322987397	248.17696411251214	90.75000000000001	72.05000000000001	243.10000000000002	118.80000000000001	100.65	252.45000000000002	1031.0
3873.0	102.64528301886793	86.78207547169814	239.95754716981136	95.15	76.45	235.95000000000002	113.30000000000001	95.15	244.75000000000003	583.0
3874.0	98.57894537177546	79.17245827010625	241.2939301972686	84.15	67.65	234.3	108.9	92.95	248.60000000000002	1318.0
3875.0	95.95844660194174	82.15611650485441	240.15456310679613	89.65	73.7	234.85000000000002	105.05000000000001	88.55000000000001	245.85000000000002	515.0
3876.0	94.56764705882345	87.17074303405579	243.76068111455112	92.4	83.60000000000001	241.45000000000002	97.35000000000001	90.2	246.40000000000003	323.0
3877.0	98.77301587301586	81.23464052287585	237.01816059757235	92.4	74.25	232.10000000000002	105.05000000000001	89.65	243.10000000000002	1071.0
3878.0	104.83551779935284	87.02993527508093	238.45703883495148	100.10000000000001	81.95	235.95000000000002	110.00000000000001	92.4	240.9	618.0
3879.0	113.13553445229682	90.30761925795034	243.61598939929328	94.05000000000001	74.25	238.70000000000002	127.60000000000001	108.9	250.8	2264.0
3880.0	100.24577235772362	80.26363143631427	236.48539295392956	84.7	67.65	229.9	114.4	99.00000000000001	243.65	1845.0
3881.0	100.51576011157594	78.92998605299861	239.86750348675037	81.4	64.35000000000001	235.95000000000002	117.7	99.55000000000001	244.75000000000003	717.0
3882.0	106.10133333333339	79.75533333333334	236.76399999999995	85.25	66.55000000000001	232.65	119.9	102.30000000000001	242.00000000000003	825.0
3883.0	101.5176676676676	88.41951951951953	238.8134134134134	88.55000000000001	70.4	234.3	118.80000000000001	102.85000000000001	242.00000000000003	999.0
3884.0	104.09286038077975	84.24174977334545	239.9358794197643	85.80000000000001	68.2	233.75000000000003	121.00000000000001	104.50000000000001	244.75000000000003	2206.0
3885.0	106.11518087855292	84.04198966408283	240.12971576227392	92.4	74.25	235.4	116.60000000000001	101.2	244.75000000000003	774.0
3886.0	102.92072617246596	88.29122541603627	245.72019667170954	90.75000000000001	69.85000000000001	239.25000000000003	122.10000000000001	103.4	252.45000000000002	1322.0
3887.0	117.12210144927538	77.58985507246379	246.23128019323673	112.2	74.80000000000001	242.55	122.10000000000001	81.4	249.70000000000002	414.0
3888.0	118.13851351351349	78.81891891891888	244.16081081081083	111.65	74.80000000000001	239.25000000000003	123.75000000000001	83.05000000000001	249.15000000000003	814.0
3889.0	101.07612095933261	95.09150156412929	246.9769551616267	92.4	70.95	241.45000000000002	121.00000000000001	104.50000000000001	251.35000000000002	959.0
3890.0	102.73645680819918	85.84348462664714	228.81207906295757	92.95	75.9	225.50000000000003	111.65	99.55000000000001	232.65	683.0
3891.0	108.469741697417	100.14261992619929	256.98191881918825	105.05000000000001	96.80000000000001	254.10000000000002	111.10000000000001	102.85000000000001	260.70000000000005	271.0
3892.0	106.3629573170732	99.69588414634151	256.8835365853659	103.4	96.25000000000001	253.00000000000003	109.45	103.4	260.15000000000003	328.0
3893.0	90.95119047619042	95.66428571428573	248.8452380952381	86.35000000000001	90.75000000000001	245.3	94.05000000000001	99.55000000000001	253.00000000000003	462.0
3894.0	101.28055555555548	79.54305555555555	242.1965277777778	87.45	68.2	238.15	111.10000000000001	92.95	248.05	792.0
3895.0	98.51534144059869	92.64850327408784	243.31531805425632	84.15	66.55000000000001	237.05	122.65	107.80000000000001	249.15000000000003	2138.0
3896.0	110.38289930555554	72.45199652777775	237.33072916666666	78.65	56.650000000000006	234.3	123.20000000000002	108.35000000000001	241.45000000000002	576.0
3897.0	96.77084999999998	85.75929999999994	243.8502	82.5	64.35000000000001	237.60000000000002	116.05000000000001	102.30000000000001	248.60000000000002	1000.0
3898.0	109.35759109311745	90.44271255060734	250.7265182186235	86.9	75.9	246.95000000000002	134.20000000000002	105.60000000000001	254.65000000000003	494.0
3899.0	105.45348360655737	117.19959016393446	260.4475409836066	100.10000000000001	112.75000000000001	257.95000000000005	109.45	121.00000000000001	262.35	244.0
3900.0	113.55957095709572	89.67178217821781	247.29488448844887	85.80000000000001	66.55000000000001	244.20000000000002	139.15	114.95	251.35000000000002	606.0
3901.0	125.13852459016394	89.27066744730675	249.94537470726	96.80000000000001	68.75	244.20000000000002	144.10000000000002	123.75000000000001	260.70000000000005	854.0
3902.0	96.45649293286219	85.3083038869258	245.9219081272085	80.30000000000001	65.45	239.25000000000003	114.95	103.95	251.90000000000003	1132.0
3903.0	110.36759729272418	76.45884094754649	245.46960659898477	83.60000000000001	61.60000000000001	238.15	131.45000000000002	108.9	251.90000000000003	2364.0
3904.0	108.76095366621684	86.00757984705353	244.16412505623032	82.5	64.35000000000001	238.15	130.9	114.95	251.35000000000002	2223.0
3905.0	131.43700322234156	99.27765843179371	254.42196562835662	102.85000000000001	82.5	245.85000000000002	151.25	123.20000000000002	264.0	931.0
3906.0	107.94769288956124	79.3331316187594	241.4013237518911	79.75	57.2	235.95000000000002	128.70000000000002	114.95	249.70000000000002	1322.0
3907.0	103.98688524590175	81.74508196721318	255.84180327868856	95.15	70.95	250.8	111.10000000000001	91.30000000000001	260.70000000000005	671.0
3908.0	113.10021881838074	99.93391684901525	256.4805251641138	102.30000000000001	88.0	252.45000000000002	128.15	107.80000000000001	261.8	457.0
3909.0	124.88523131672599	95.6158362989324	261.3214412811388	112.2	89.10000000000001	254.10000000000002	134.75	112.2	266.75	562.0
3910.0	112.64816681943171	93.75609532538957	254.36416131989006	94.05000000000001	78.65	250.8	129.25	110.00000000000001	259.6	1091.0
3911.0	112.43484848484849	87.00227272727275	248.56590909090912	90.75000000000001	72.60000000000001	244.75000000000003	128.15	107.80000000000001	251.90000000000003	726.0
3912.0	105.4805970149254	88.0706467661692	249.99701492537315	86.35000000000001	65.45	241.45000000000002	139.15	119.35000000000001	257.95000000000005	2211.0
3913.0	108.86855146124526	94.35470139771272	255.99879288437106	95.7	78.65	252.45000000000002	127.60000000000001	106.7	259.05	787.0
3914.0	110.51713836477991	90.02531446540875	256.3259433962264	99.55000000000001	80.85000000000001	253.55	121.00000000000001	100.10000000000001	259.05	318.0
3915.0	119.93235294117657	97.39569852941176	259.02533088235293	103.4	86.35000000000001	253.00000000000003	135.3	113.30000000000001	265.1	1360.0
3916.0	108.75482233502544	99.44297800338417	259.34780033840946	103.95	85.25	255.20000000000002	123.20000000000002	104.50000000000001	263.45000000000005	591.0
3917.0	128.86219839142092	87.84959785522783	254.45683646112604	101.2	78.65	250.8	143.0	116.05000000000001	258.5	373.0
3918.0	122.27825226244346	89.90633484162898	251.1670814479638	92.4	72.60000000000001	245.85000000000002	142.45000000000002	118.25000000000001	259.05	1768.0
3919.0	134.90284738041007	89.579840546697	255.20125284738043	103.95	81.95	250.8	144.65	118.25000000000001	259.6	439.0
3920.0	132.62153846153848	64.70769230769233	242.5192307692308	123.75000000000001	61.050000000000004	237.60000000000002	139.70000000000002	69.30000000000001	246.40000000000003	715.0
3921.0	97.29385866517102	82.33311833987669	232.2258553000562	90.75000000000001	77.0	222.20000000000002	103.95	86.9	244.20000000000002	1783.0
3922.0	98.50639534883726	81.87732558139538	236.35465116279067	94.05000000000001	77.0	231.55	104.50000000000001	85.80000000000001	243.10000000000002	946.0
3923.0	98.78000000000013	81.67172185430465	230.8991059602649	88.55000000000001	72.60000000000001	226.05	109.45	94.60000000000001	236.50000000000003	1510.0
3924.0	100.21248587570608	80.29316384180794	233.96440677966103	85.80000000000001	67.65	229.9	112.75000000000001	95.7	238.70000000000002	885.0
3925.0	94.29757412398921	86.65242587601077	234.69433962264148	91.85000000000001	84.15	231.00000000000003	97.35000000000001	89.10000000000001	239.25000000000003	371.0
3926.0	105.9268318509106	84.85211774671744	245.24339263024146	83.60000000000001	64.9	234.3	132.55	113.85000000000001	253.00000000000003	2361.0
3927.0	118.18666180758024	86.65947521865913	257.65816326530614	101.75000000000001	80.85000000000001	254.10000000000002	124.85000000000001	100.65	261.8	686.0
3928.0	115.07933673469391	88.96785714285727	248.61505102040817	86.9	69.30000000000001	243.65	140.25	116.05000000000001	255.20000000000002	2156.0
3929.0	136.42828571428586	86.80047619047616	251.5186666666667	102.85000000000001	76.45	247.50000000000003	148.5	121.00000000000001	260.15000000000003	525.0
3930.0	122.33643292682933	72.68384146341477	249.1567073170732	118.80000000000001	68.2	245.3	125.4	77.0	253.00000000000003	328.0
3931.0	117.59937343358396	90.63283208020052	256.51228070175443	101.75000000000001	81.4	253.00000000000003	127.60000000000001	106.15	259.6	399.0
3932.0	123.51669675090258	88.19954873646216	256.2255415162455	101.2	79.2	253.00000000000003	131.45000000000002	109.45	258.5	554.0
3933.0	110.22916666666667	102.75715811965819	259.1863247863248	100.10000000000001	83.05000000000001	256.85	133.10000000000002	113.30000000000001	262.35	468.0
3934.0	104.18384353741493	94.78208616780041	258.3154195011338	95.15	77.0	255.20000000000002	124.30000000000001	105.60000000000001	261.25	882.0
3935.0	117.93666666666664	78.23166666666664	256.68833333333333	115.50000000000001	72.05000000000001	254.65000000000003	121.55000000000001	81.95	258.5	330.0
3936.0	100.35816326530612	97.42670068027215	258.2867346938776	97.9	93.50000000000001	255.75000000000003	102.85000000000001	101.2	260.70000000000005	294.0
3937.0	99.05344192634558	93.29121813031168	278.31745042492923	81.4	57.2	271.15000000000003	130.35000000000002	112.2	284.90000000000003	3530.0
3938.0	130.5767332916927	85.92504684572137	272.98241723922547	115.50000000000001	62.150000000000006	266.75	145.20000000000002	119.35000000000001	277.20000000000005	1601.0
3939.0	117.56849757673656	87.21542810985463	272.8175484652665	85.25	60.50000000000001	261.8	141.35000000000002	121.55000000000001	281.05	2476.0
3940.0	101.2129122414758	87.20497484628277	231.4829793180548	94.05000000000001	81.4	226.60000000000002	107.80000000000001	92.4	237.05	1789.0
3941.0	97.11203438395414	91.91697707736391	231.50744985673356	91.30000000000001	87.45	227.15	104.50000000000001	97.35000000000001	235.4	698.0
3942.0	127.72174849267877	68.74668389319552	241.91425495262706	96.25000000000001	62.7	235.95000000000002	140.25	84.15	245.3	1161.0
3943.0	102.12849462365595	87.34551971326145	230.5406810035842	92.4	77.0	226.60000000000002	110.55000000000001	97.9	234.85000000000002	1116.0
3944.0	130.38669763513514	84.15929054054067	251.6468327702703	96.25000000000001	72.05000000000001	247.50000000000003	145.20000000000002	117.15	257.40000000000003	1184.0
3945.0	115.65100200400795	90.62067468269865	251.82835671342687	89.10000000000001	68.75	246.95000000000002	138.60000000000002	120.45	259.6	1497.0
3946.0	103.23495539334955	83.83730738037312	260.46581508515817	92.4	72.05000000000001	256.85	111.10000000000001	92.95	264.55	1233.0
3947.0	100.88090249798552	85.20745366639824	233.65382755842066	89.10000000000001	73.15	229.35000000000002	114.4	96.25000000000001	237.60000000000002	1241.0
3948.0	96.89137931034485	82.9974137931035	228.4905172413793	92.95	78.65	224.4	100.65	86.35000000000001	231.55	638.0
3949.0	99.08263221153845	83.75534855769243	230.28010817307694	90.75000000000001	76.45	226.05	108.9	94.05000000000001	234.3	1664.0
3950.0	100.36522842639594	84.77677664974617	256.22043147208126	93.50000000000001	77.55000000000001	249.15000000000003	107.80000000000001	89.10000000000001	262.35	788.0
3951.0	105.08501552795023	79.39130434782611	254.8421583850932	101.2	70.95	249.15000000000003	110.00000000000001	85.80000000000001	260.70000000000005	644.0
3952.0	107.1288211382114	79.52865853658534	261.36134146341465	89.65	64.9	257.95000000000005	126.50000000000001	106.7	266.75	1230.0
3953.0	183.4799593646102	173.99586257850035	182.82918359807906	178.20000000000002	167.20000000000002	169.95000000000002	189.75000000000003	179.85000000000002	198.00000000000003	2707.0
3954.0	108.34861460957185	178.64748110831246	162.14055415617128	103.95	174.35000000000002	160.60000000000002	111.65	182.60000000000002	163.9	397.0
3955.0	179.62124289195785	143.86096669374507	215.02497969130792	158.95000000000002	102.85000000000001	197.45000000000002	187.00000000000003	158.95000000000002	259.6	1231.0
3956.0	133.0548309178744	108.31014492753623	270.0380434782609	123.75000000000001	101.2	268.40000000000003	140.8	115.50000000000001	271.15000000000003	414.0
3957.0	132.69455128205132	111.30918803418808	270.40138888888885	121.55000000000001	100.10000000000001	266.20000000000005	146.85000000000002	123.75000000000001	272.25	468.0
3958.0	144.39168539325846	100.6620505617978	191.0094382022472	100.10000000000001	86.9	156.20000000000002	174.9	125.95000000000002	235.4	1780.0
3959.0	116.58342198581569	95.36356382978717	227.11118794326242	63.800000000000004	45.1	216.70000000000002	158.95000000000002	151.25	238.15	2820.0
3960.0	143.14505057803478	124.39756141618508	168.90364884393065	96.80000000000001	88.0	158.4	179.85000000000002	174.9	228.25000000000003	2768.0
3961.0	152.60028089887663	134.58932584269664	149.57837078651684	145.20000000000002	127.60000000000001	147.95000000000002	158.95000000000002	144.65	151.8	712.0
3962.0	105.81754322766581	102.55280979827073	230.04859510086462	72.60000000000001	56.1	220.55	143.0	139.15	238.70000000000002	1388.0
3963.0	111.34551656920078	167.78859649122796	237.1250487329435	107.25000000000001	163.35000000000002	231.00000000000003	116.05000000000001	171.60000000000002	243.65	513.0
3964.0	103.23865979381445	166.78865979381433	237.66907216494843	91.30000000000001	161.70000000000002	233.20000000000002	113.85000000000001	174.35000000000002	243.10000000000002	1067.0
3965.0	168.511036293084	142.09998858708056	227.67727687742524	149.05	102.85000000000001	194.15	179.85000000000002	179.85000000000002	248.60000000000002	4381.0
3966.0	126.84772329246937	127.93905429071805	265.2107705779335	122.65	113.85000000000001	260.70000000000005	133.10000000000002	139.15	269.5	571.0
3967.0	175.06812645011604	144.87698665893265	221.9645591647332	167.20000000000002	129.25	195.25000000000003	183.15	162.8	239.8	3448.0
3968.0	147.1597920277295	129.30814558058927	262.00144425187756	128.70000000000002	111.65	250.25000000000003	174.35000000000002	154.0	267.85	1731.0
3969.0	135.04771205357144	139.6613281249999	219.071875	110.55000000000001	90.75000000000001	207.35000000000002	178.20000000000002	168.3	229.9	1792.0
3970.0	173.75604089219328	97.72620817843867	207.75278810408923	167.75	90.2	203.50000000000003	178.75000000000003	103.4	211.75000000000003	1076.0
3971.0	133.98553459119498	108.74088050314467	267.7116352201258	129.25	103.4	265.65000000000003	140.25	113.30000000000001	269.5	159.0
3972.0	180.1855543987506	171.27532535137965	181.83211868818324	172.15	161.15	168.85000000000002	187.55	178.20000000000002	190.85000000000002	1921.0
3973.0	180.36476655808892	169.35819761129216	187.7554288816504	174.9	162.25	180.95000000000002	187.55	176.55	194.15	921.0
3974.0	174.37901376146792	168.21590214067288	197.34782110091743	166.10000000000002	160.05	187.55	183.15	178.20000000000002	212.85000000000002	1308.0
3975.0	185.94077727952168	160.71542600896854	185.02559043348285	180.95000000000002	143.55	163.35000000000002	192.50000000000003	173.8	209.00000000000003	3345.0
3976.0	135.27027027027023	117.71238738738741	171.66441441441444	123.75000000000001	110.00000000000001	150.15	147.4	128.70000000000002	205.15	444.0
3977.0	118.16725175526574	150.97527582748245	185.7681544633902	95.15	78.65	145.20000000000002	161.15	193.05	226.05	1994.0
3978.0	130.19323671497585	107.72028985507244	267.6082125603865	123.20000000000002	102.85000000000001	266.20000000000005	135.85000000000002	113.85000000000001	269.5	207.0
3979.0	131.75978520286398	109.17171837708835	268.2634844868735	125.95000000000002	103.95	266.75	139.15	114.95	270.05	419.0
3980.0	133.5598360655738	106.89385245901641	266.8739754098361	125.95000000000002	101.2	264.55	139.15	116.05000000000001	268.95000000000005	244.0
3981.0	113.78320508531284	141.7603379056541	181.55685848109735	83.05000000000001	67.65	156.20000000000002	178.75000000000003	182.60000000000002	252.45000000000002	2989.0
3982.0	158.81003262642733	96.48731647634582	202.16178629690052	95.7	66.0	167.75	188.10000000000002	155.65	252.45000000000002	1226.0
3983.0	108.18394636015321	104.86814176245217	233.23224137931038	79.2	64.35000000000001	220.00000000000003	143.55	138.05	245.3	2610.0
3984.0	116.14482758620696	81.6269322235434	238.10258620689655	55.00000000000001	36.85	228.8	155.65	148.5	253.00000000000003	1682.0
3985.0	191.25571546052612	174.55037006578948	167.76402138157897	186.45000000000002	167.75	157.85000000000002	199.10000000000002	180.95000000000002	179.85000000000002	1216.0
3986.0	109.63740458015276	102.40699745547079	203.65152671755726	50.6	36.300000000000004	144.65	188.65	191.95000000000002	238.15	4323.0
3987.0	107.41775844421703	120.00864892528163	231.12863357215966	83.05000000000001	68.75	220.55	151.8	143.55	239.25000000000003	1954.0
3988.0	118.65605971896956	97.39314988290407	227.37637587822016	80.85000000000001	67.10000000000001	219.45000000000002	145.20000000000002	141.9	240.35000000000002	1708.0
3989.0	108.57270797962651	115.2964346349746	229.44898132427844	98.45	86.9	222.20000000000002	136.95000000000002	126.50000000000001	235.95000000000002	1178.0
3990.0	148.11410672853842	125.37167053364277	168.30638051044085	88.0	63.25000000000001	162.25	195.8	199.10000000000002	176.55	2155.0
3991.0	132.86116504854365	122.97459546925575	185.89741100323627	85.25	62.150000000000006	156.20000000000002	185.35000000000002	191.4	245.85000000000002	3399.0
3992.0	113.02448646125121	118.85161064425773	189.9903361344538	80.85000000000001	66.55000000000001	161.70000000000002	169.95000000000002	168.85000000000002	235.95000000000002	2142.0
3993.0	103.5225388601036	102.24870466321245	230.7962435233161	80.30000000000001	68.2	221.10000000000002	131.45000000000002	129.8	238.70000000000002	386.0
3994.0	104.85112456747405	130.92378892733564	230.27967128027686	101.75000000000001	127.05000000000001	227.15	107.80000000000001	134.75	233.75000000000003	578.0
3995.0	129.3009259259259	128.00570987654322	216.47818930041154	105.60000000000001	89.65	210.65	158.4	158.95000000000002	222.75000000000003	972.0
3996.0	128.75702341137125	107.59397993311038	267.9198996655518	117.7	95.7	262.35	136.95000000000002	113.85000000000001	270.6	598.0
3997.0	131.7776595744681	135.1270685579196	158.8732860520095	82.5	62.150000000000006	154.0	185.9	191.4	163.35000000000002	423.0
3998.0	116.39139926354524	97.09308258811147	229.6508942661757	74.25	59.400000000000006	221.65	147.4	141.9	241.45000000000002	1901.0
3999.0	140.75215613382912	136.9925278810409	164.42996282527884	94.60000000000001	83.60000000000001	160.05	184.8	188.65	167.20000000000002	1345.0
4000.0	105.62848438690021	150.16130997715157	203.22772277227725	95.15	127.05000000000001	163.35000000000002	115.50000000000001	181.50000000000003	234.85000000000002	1313.0
4001.0	167.42688984881212	95.19395248380134	184.35215982721382	143.0	84.7	162.25	182.05	105.05000000000001	223.3	926.0
4002.0	103.95894886363637	108.24943181818196	237.7127840909091	85.80000000000001	70.4	224.95000000000002	143.0	136.95000000000002	249.15000000000003	3872.0
4003.0	105.09443845946669	109.56183678965772	232.17835981685968	85.25	66.55000000000001	223.85000000000002	146.3	135.3	240.9	3713.0
4004.0	120.99326853851697	117.30125989920816	239.9746220302376	86.35000000000001	67.10000000000001	229.9	164.45000000000002	155.65	249.70000000000002	1389.0
4005.0	121.09707903780091	118.71494845360824	181.88127147766323	53.900000000000006	39.6	146.3	189.20000000000002	193.05	239.8	3201.0
4006.0	122.07734375000004	146.91796875000014	167.87109375000003	83.05000000000001	63.25000000000001	160.05	183.70000000000002	190.3	174.9	1408.0
4007.0	138.99793932455637	124.78829421866058	167.20661133371493	80.85000000000001	59.95	160.60000000000002	187.55	193.05	174.35000000000002	1747.0
4008.0	109.37455022488761	104.47608695652183	235.25858320839586	73.7	61.60000000000001	224.95000000000002	146.3	141.35000000000002	243.65	1334.0
4009.0	124.88692408951293	111.7453268977622	196.2486397542782	56.650000000000006	39.6	155.65	184.8	188.65	241.45000000000002	2279.0
4010.0	170.50880000000015	120.62600000000003	95.42610000000002	108.35000000000001	82.5	91.30000000000001	200.20000000000002	196.9	99.55000000000001	1000.0
4011.0	136.2603019538188	95.29653641207811	249.39129662522203	102.85000000000001	83.05000000000001	244.20000000000002	155.10000000000002	128.15	259.05	563.0
4012.0	136.03195177091175	136.09868123587046	251.61940467219296	122.10000000000001	107.80000000000001	226.60000000000002	161.70000000000002	168.85000000000002	267.3	1327.0
4013.0	145.0626004382759	116.2930606281958	261.30122352081816	126.50000000000001	105.60000000000001	250.8	167.20000000000002	137.5	267.85	2738.0
4014.0	126.83638392857144	106.68649553571431	266.03058035714287	114.95	100.65	254.10000000000002	135.3	112.2	268.95000000000005	448.0
4015.0	126.85265780730897	106.24501661129568	267.06428571428575	121.00000000000001	101.2	265.1	131.45000000000002	110.55000000000001	268.95000000000005	301.0
4016.0	105.00796786799829	144.42312201476335	205.2419452887538	82.5	77.0	161.70000000000002	183.70000000000002	188.10000000000002	240.35000000000002	2303.0
4017.0	119.50537500000003	111.0449999999999	227.9676666666667	92.95	77.0	219.45000000000002	152.35000000000002	141.35000000000002	236.50000000000003	1200.0
4018.0	131.29082949308787	99.10239631336405	227.66705069124424	92.4	77.55000000000001	221.65	153.45000000000002	142.45000000000002	238.15	1085.0
4019.0	109.91237807710175	103.57830933581053	224.99189503019045	82.5	72.60000000000001	217.8	138.60000000000002	134.75	233.20000000000002	2153.0
4020.0	119.62778678556953	104.72227401702473	225.74144710174303	86.35000000000001	78.65	217.25000000000003	146.3	138.05	236.50000000000003	2467.0
4021.0	153.10294816928186	125.123823109843	171.6813361864004	94.60000000000001	73.7	167.20000000000002	195.25000000000003	196.9	177.65	2103.0
4022.0	120.56819627442086	156.31419809177672	169.36026805997275	79.2	64.9	162.8	191.95000000000002	198.00000000000003	176.0	2201.0
4023.0	143.31016192071468	82.77638190954777	204.7384980457845	66.55000000000001	53.900000000000006	159.5	193.60000000000002	138.60000000000002	244.20000000000002	1791.0
4024.0	102.70241666666676	96.32241666666665	240.29958333333337	54.45	34.650000000000006	228.25000000000003	154.0	149.60000000000002	251.35000000000002	600.0
4025.0	135.9640243902438	74.22523452157596	217.90267354596622	66.55000000000001	31.900000000000002	157.85000000000002	160.60000000000002	209.55	238.15	1066.0
4026.0	115.15346153846146	95.57269230769236	230.71076923076924	64.9	47.300000000000004	219.45000000000002	160.60000000000002	153.45000000000002	241.45000000000002	1430.0
4027.0	100.96124031007759	170.7072093023256	246.10751937984497	97.35000000000001	166.10000000000002	242.55	104.50000000000001	174.9	251.90000000000003	645.0
4028.0	155.24417475728177	116.38427184466026	151.81601941747573	91.85000000000001	77.55000000000001	146.85000000000002	186.45000000000002	188.65	155.65	515.0
4029.0	128.05165061898205	141.2580811554333	169.0553988995874	84.7	78.65	147.4	188.10000000000002	190.85000000000002	229.9	1454.0
4030.0	113.273875	124.43956250000002	220.29631250000003	90.75000000000001	79.75	211.75000000000003	156.20000000000002	147.95000000000002	225.50000000000003	800.0
4031.0	93.30368975903622	171.1990963855421	253.05881024096388	88.0	168.3	250.25000000000003	98.45	173.8	256.3	664.0
4032.0	197.07168745128604	176.23148869836348	104.69526500389712	177.65	151.8	99.55000000000001	217.25000000000003	202.95000000000002	111.65	2566.0
4033.0	196.92260273972613	179.72907534246568	107.07445205479453	179.3	155.10000000000002	101.2	216.15	202.4	112.2	1460.0
4034.0	127.82381502890175	114.36057803468213	266.4060115606936	118.80000000000001	97.9	262.90000000000003	144.10000000000002	125.4	269.5	865.0
4035.0	138.97710396039605	142.77332920792085	246.14201732673268	125.4	105.60000000000001	237.05	173.25	157.85000000000002	251.35000000000002	808.0
4036.0	165.34588665447907	135.07653107861054	238.3646709323583	149.05	121.55000000000001	222.75000000000003	176.55	162.25	249.15000000000003	2188.0
4037.0	143.17666060054594	134.0828935395814	234.61478616924478	118.25000000000001	104.50000000000001	219.45000000000002	174.9	160.05	245.3	2198.0
4038.0	113.01687919463086	93.20174496644292	248.35859060402686	107.25000000000001	87.45	244.75000000000003	122.10000000000001	106.15	256.3	1490.0
4039.0	117.38861740166871	108.39293802145404	210.88435637663886	84.15	69.85000000000001	161.70000000000002	173.8	178.75000000000003	239.25000000000003	3356.0
4040.0	105.67952815829528	117.73934550989335	238.28980213089804	80.85000000000001	65.45	227.70000000000002	149.60000000000002	144.65	245.3	657.0
4041.0	118.01785714285725	105.32678571428576	236.986755952381	86.9	70.4	226.60000000000002	154.55	144.10000000000002	248.05	3696.0
4042.0	147.3731707317074	75.6214490674319	226.47058823529412	142.45000000000002	69.85000000000001	223.3	154.0	80.85000000000001	229.35000000000002	697.0
4043.0	136.8480946123526	94.37667542706976	233.3770696452037	89.65	72.05000000000001	227.70000000000002	157.85000000000002	145.75	245.3	761.0
4044.0	137.68309966862094	121.78945959724707	200.87631914351263	83.05000000000001	65.45	161.70000000000002	200.20000000000002	201.3	251.35000000000002	3923.0
4045.0	141.3618421052632	165.16973684210552	98.19539473684212	114.95	102.30000000000001	94.60000000000001	192.50000000000003	194.70000000000002	101.2	836.0
4046.0	132.03706093190002	84.55964157706094	224.4804301075269	70.95	47.300000000000004	216.15	162.8	154.0	236.50000000000003	1395.0
4047.0	103.59892253931274	189.8720442632498	213.72224810716367	93.50000000000001	166.65	158.95000000000002	116.60000000000001	224.4	252.45000000000002	1717.0
4048.0	141.12364161849732	106.51242774566477	200.33373795761082	90.75000000000001	68.75	145.75	186.45000000000002	187.55	227.70000000000002	2595.0
4049.0	179.15114285714282	169.16771428571388	72.75457142857144	157.85000000000002	136.95000000000002	67.65	207.9	195.25000000000003	79.2	1925.0
4050.0	190.9076356812933	177.8305282909931	104.87312355658202	171.60000000000002	149.05	96.80000000000001	215.05	200.20000000000002	112.75000000000001	3464.0
4051.0	127.17866823806719	89.30515615792577	246.53871538008252	99.55000000000001	74.80000000000001	238.15	145.75	119.35000000000001	255.20000000000002	1697.0
4052.0	140.18220408163293	112.71587755102048	236.92787755102043	113.30000000000001	95.15	227.70000000000002	168.85000000000002	141.9	246.95000000000002	1225.0
4053.0	129.3866863905326	131.59753451676528	240.45956607495071	113.30000000000001	96.80000000000001	231.55	163.35000000000002	151.25	247.50000000000003	507.0
4054.0	170.09224137931045	105.77385057471265	235.90732758620692	158.4	99.55000000000001	232.65	174.35000000000002	108.9	239.8	348.0
4055.0	146.73284023668654	121.62241124260365	243.5255177514793	117.7	100.65	236.50000000000003	173.25	150.70000000000002	251.35000000000002	676.0
4056.0	148.0734402079721	139.00082322357025	242.25402946273832	119.9	100.10000000000001	213.95000000000002	179.85000000000002	167.20000000000002	259.6	2308.0
4057.0	157.2109799592395	132.86778192934793	249.0712550951087	147.4	121.55000000000001	230.45000000000002	168.3	158.4	257.40000000000003	5888.0
4058.0	144.84158767772524	105.25201421800946	263.3770142180095	136.4	102.85000000000001	259.6	154.55	109.45	266.75	422.0
4059.0	157.67255351681942	104.58830275229364	256.66498470948017	141.35000000000002	102.30000000000001	249.70000000000002	167.20000000000002	105.60000000000001	265.65000000000003	654.0
4060.0	104.17068799615102	103.40383690161157	231.48688958383445	81.95	68.2	219.45000000000002	140.25	129.25	242.55	4157.0
4061.0	126.27993612078956	118.39612369337988	197.63397212543558	86.9	70.4	160.60000000000002	182.05	184.8	245.3	3444.0
4062.0	104.79497206703911	117.98024906890144	236.37824720670392	88.55000000000001	74.25	222.20000000000002	146.3	140.25	244.75000000000003	4296.0
4063.0	120.39394636015312	107.54122605363995	231.1521455938698	89.10000000000001	75.9	221.10000000000002	150.70000000000002	144.10000000000002	239.8	1305.0
4064.0	121.80052023121388	99.94040462427745	224.1812716763006	77.55000000000001	60.50000000000001	216.70000000000002	154.55	146.3	233.75000000000003	865.0
4065.0	192.99791431792588	98.57525366403607	94.69425028184897	189.75000000000003	90.75000000000001	90.2	196.35000000000002	106.15	99.00000000000001	887.0
4066.0	130.93473019517796	107.97680826636056	249.8086107921929	102.30000000000001	84.7	242.55	162.25	140.8	257.95000000000005	871.0
4067.0	125.80100174216027	96.3889372822299	252.13667247386763	100.10000000000001	79.2	244.75000000000003	143.0	119.35000000000001	260.70000000000005	1148.0
4068.0	134.6331444759207	99.64348441926352	261.45566572237965	113.30000000000001	89.65	256.85	144.10000000000002	121.55000000000001	266.75	353.0
4069.0	114.74147582697202	105.35019083969478	255.02226463104327	107.25000000000001	90.2	245.85000000000002	136.4	114.95	265.1	786.0
4070.0	157.6700182815357	113.52522851919562	252.00390006093846	125.95000000000002	103.95	244.75000000000003	171.60000000000002	149.60000000000002	264.0	1641.0
4071.0	127.31950844854072	130.85268817204303	260.37219662058374	123.75000000000001	124.30000000000001	256.85	131.45000000000002	138.60000000000002	262.90000000000003	651.0
4072.0	137.59944649446496	121.11027060270607	263.2842558425584	129.25	106.7	260.15000000000003	152.9	136.4	265.65000000000003	813.0
4073.0	140.15118927125516	127.39347165991906	257.51077935222673	124.85000000000001	106.15	244.20000000000002	169.4	150.15	263.45000000000005	1976.0
4074.0	129.7984285714286	120.4209285714286	264.82500000000005	123.75000000000001	106.15	260.15000000000003	139.15	129.25	267.85	700.0
4075.0	103.36421825813215	163.20947009443864	203.40044596012592	53.35	85.80000000000001	152.35000000000002	219.45000000000002	226.05	253.00000000000003	1906.0
4076.0	155.91630434782616	138.3747826086956	177.37782608695653	53.900000000000006	83.60000000000001	152.35000000000002	223.85000000000002	223.3	252.45000000000002	2530.0
4077.0	131.82566570420286	151.80176451716406	217.62460699390445	88.0	66.55000000000001	151.8	184.25000000000003	216.70000000000002	249.15000000000003	3117.0
4078.0	113.935628742515	196.2314371257485	98.83532934131738	111.65	192.50000000000003	96.25000000000001	117.15	199.65	102.30000000000001	334.0
4079.0	156.5247232472325	118.43773062730625	151.7122232472325	103.95	99.00000000000001	83.05000000000001	205.15	132.55	240.35000000000002	1084.0
4080.0	142.6140999415546	167.0715809468147	127.81215663354766	124.85000000000001	114.4	118.80000000000001	183.15	191.4	145.20000000000002	3422.0
4081.0	141.3869212962962	118.02804783950613	235.25655864197532	113.30000000000001	99.00000000000001	223.3	169.95000000000002	146.3	246.95000000000002	1296.0
4082.0	123.70695652173913	149.12078260869592	244.4066086956522	119.9	144.10000000000002	238.15	127.60000000000001	154.55	249.15000000000003	575.0
4083.0	132.13828571428584	125.04993406593415	258.19707692307696	117.7	98.45	245.85000000000002	169.95000000000002	145.20000000000002	267.85	2275.0
4084.0	166.50074688796676	155.12692946058098	221.35468879668053	156.75	141.35000000000002	204.60000000000002	175.45000000000002	165.0	241.45000000000002	1205.0
4085.0	174.17072945521696	162.43384118190215	201.7885503231764	165.55	151.8	189.75000000000003	180.95000000000002	168.85000000000002	213.4	1083.0
4086.0	178.7336927223718	165.35085354896682	191.8472147349506	172.70000000000002	155.10000000000002	183.15	184.8	174.9	201.85000000000002	1113.0
4087.0	144.9568597560975	108.36117886178856	261.6938008130082	132.55	103.4	255.75000000000003	157.3	118.25000000000001	266.75	984.0
4088.0	137.0886	109.33853333333329	258.0717333333334	115.50000000000001	96.25000000000001	248.60000000000002	160.60000000000002	128.70000000000002	265.65000000000003	2250.0
4089.0	138.12004716981133	106.04882075471696	265.14669811320755	129.25	101.2	261.8	149.05	114.4	267.3	212.0
4090.0	129.2954128440367	114.04342507645256	266.16804281345566	123.75000000000001	100.65	263.45000000000005	141.35000000000002	122.65	268.40000000000003	327.0
4091.0	111.12119006849315	160.63296232876718	214.06866438356167	67.65	42.900000000000006	152.9	199.65	210.10000000000002	256.3	1168.0
4092.0	129.505667838313	73.00065905096663	233.72390158172234	64.35000000000001	42.900000000000006	226.05	153.45000000000002	147.95000000000002	245.3	1138.0
4093.0	65.08308921438083	148.63035952063927	242.79021304926766	59.95	144.65	239.8	69.85000000000001	152.35000000000002	246.40000000000003	751.0
4094.0	166.7133250620349	54.65799007444171	215.74466501240698	150.15	39.050000000000004	154.55	221.65	89.65	233.75000000000003	2015.0
4095.0	177.1886470588235	112.40285294117642	186.96505882352943	117.7	73.7	149.05	215.05	209.55	233.20000000000002	1700.0
4096.0	178.91253574833178	136.51220209723547	156.7840800762631	114.95	89.10000000000001	150.70000000000002	217.25000000000003	215.05	162.25	1049.0
4097.0	119.38932316491885	113.27221163012388	220.291515729266	84.7	70.95	210.65	158.95000000000002	151.25	229.35000000000002	1049.0
4098.0	120.8855102040816	146.72300291545193	169.1225947521866	84.15	82.5	146.3	186.45000000000002	188.10000000000002	228.8	1715.0
4099.0	131.95144462279282	134.86211878009635	240.2096308186196	94.05000000000001	70.95	231.55	185.35000000000002	176.0	249.15000000000003	623.0
4100.0	194.7044100801833	117.62187857961051	151.41317296678122	191.4	109.45	145.20000000000002	198.55	122.65	156.20000000000002	873.0
4101.0	165.46506520247064	90.81153054221004	189.10487302676734	157.3	85.25	180.95000000000002	172.70000000000002	95.7	200.20000000000002	1457.0
4102.0	129.19474178403763	141.1563380281691	198.26415492957744	105.05000000000001	90.75000000000001	183.70000000000002	174.35000000000002	173.8	215.05	2130.0
4103.0	137.34778657285258	117.21062738199939	210.9457197302844	100.10000000000001	87.45	201.3	162.8	156.20000000000002	221.65	3411.0
4104.0	168.02692711983184	135.27340574632098	236.19744218640506	156.20000000000002	123.75000000000001	216.70000000000002	179.3	155.10000000000002	247.50000000000003	2854.0
4105.0	146.24912948857482	117.34410591222347	252.97366702937978	121.55000000000001	101.75000000000001	242.00000000000003	169.4	145.75	262.90000000000003	2757.0
4106.0	141.38971783835495	109.97922046867534	258.7264705882353	124.85000000000001	101.75000000000001	249.70000000000002	157.85000000000002	125.95000000000002	267.3	2091.0
4107.0	133.46697273233167	123.58533667223148	259.929938786867	124.30000000000001	106.15	253.00000000000003	152.9	140.25	264.55	1797.0
4108.0	152.2260563380282	120.94190140845072	264.0774647887324	146.85000000000002	117.15	261.25	158.4	124.85000000000001	266.20000000000005	142.0
4109.0	91.91683125805073	145.58280377844585	200.01178617432376	56.650000000000006	44.0	151.8	198.55	206.8	249.15000000000003	2329.0
4110.0	160.23655778894476	105.91599664991627	153.1524288107203	75.35000000000001	50.050000000000004	148.5	204.05	208.45000000000002	158.95000000000002	1194.0
4111.0	153.68560057887134	116.0032380607813	157.23652315484804	73.15	47.85	150.70000000000002	222.75000000000003	204.60000000000002	163.35000000000002	2764.0
4112.0	157.52378481703965	100.96930638995072	156.1498361551065	72.05000000000001	48.400000000000006	150.70000000000002	200.20000000000002	202.95000000000002	163.9	1831.0
4113.0	119.56887755102039	188.32224489795934	97.02336734693878	113.85000000000001	183.70000000000002	93.50000000000001	124.30000000000001	193.60000000000002	99.55000000000001	490.0
4114.0	164.22634120171688	156.53696351931345	150.405525751073	119.35000000000001	102.30000000000001	145.20000000000002	207.9	201.3	156.20000000000002	932.0
4115.0	197.0653216374268	91.9001754385965	180.36269005847956	178.20000000000002	74.80000000000001	144.65	213.4	106.15	229.9	855.0
4116.0	149.582042182113	170.1921516933686	131.90887243966736	132.55	116.60000000000001	124.85000000000001	194.15	194.15	140.8	4931.0
4117.0	158.55215019255485	151.68456354300415	232.13918485237485	152.9	133.10000000000002	213.4	166.10000000000002	165.55	245.3	1558.0
4118.0	169.7615093768905	155.56598608590454	214.68017241379314	158.95000000000002	133.10000000000002	194.15	178.20000000000002	173.8	236.50000000000003	3306.0
4119.0	174.0600710299342	140.93394216133944	223.40771182141046	169.4	124.30000000000001	199.65	180.4	158.95000000000002	237.05	1971.0
4120.0	181.704524714829	131.41319391634985	154.55501901140687	106.15	80.85000000000001	150.15	223.85000000000002	221.10000000000002	160.05	1315.0
4121.0	150.62510980966326	116.56497071742315	197.53878111273792	62.150000000000006	42.900000000000006	149.60000000000002	210.65	216.70000000000002	243.10000000000002	2732.0
4122.0	191.2068315171836	110.5905699916178	117.71613579212072	115.50000000000001	89.65	89.10000000000001	217.8	193.60000000000002	151.8	1193.0
4123.0	180.73356328734224	113.3910617876425	94.83590281943614	116.60000000000001	91.30000000000001	90.75000000000001	199.65	194.15	100.65	1667.0
4124.0	159.03618507202106	93.00257529463113	193.50973374072458	140.8	83.60000000000001	157.85000000000002	180.4	102.85000000000001	220.55	2291.0
4125.0	133.12841198979592	180.70200892857136	125.88475765306126	127.05000000000001	171.60000000000002	122.65	138.05	188.65	128.70000000000002	1568.0
4126.0	153.7917897629674	158.62483682583263	129.27437306767433	130.9	112.75000000000001	123.75000000000001	199.10000000000002	188.10000000000002	137.5	2911.0
4127.0	177.59909706546276	127.22480812641079	132.88248306997747	132.0	112.2	124.85000000000001	193.05	186.45000000000002	141.35000000000002	2215.0
4128.0	143.44692237023403	118.1982085438677	251.92955902618286	109.45	99.55000000000001	233.20000000000002	172.15	155.10000000000002	261.25	2177.0
4129.0	157.1328217821783	102.66702970297028	254.76871287128714	143.55	99.55000000000001	246.95000000000002	167.75	104.50000000000001	264.55	1010.0
4130.0	126.65835603996375	170.26121707538604	203.86167120799277	100.10000000000001	85.80000000000001	158.4	179.85000000000002	216.70000000000002	243.10000000000002	2202.0
4131.0	184.07859078590786	119.89850948509489	109.66314363143633	179.3	114.95	106.15	188.10000000000002	124.30000000000001	113.30000000000001	738.0
4132.0	112.91574212893553	98.23560719640176	243.5584707646177	91.85000000000001	82.5	237.05	133.65	114.95	249.15000000000003	667.0
4133.0	153.17062831188483	128.28802043906137	227.9554314912945	117.7	103.95	211.20000000000002	178.20000000000002	165.0	241.45000000000002	2642.0
4134.0	176.9577413479053	146.64362477231325	160.98269581056468	113.85000000000001	88.0	155.65	224.95000000000002	221.10000000000002	167.20000000000002	549.0
4135.0	69.76033797216701	151.41292246520862	238.97773359840957	66.55000000000001	146.85000000000002	236.50000000000003	73.15	155.65	240.9	503.0
4136.0	178.3541131105398	183.76928020565563	95.52467866323909	159.5	135.85000000000002	91.30000000000001	213.95000000000002	204.60000000000002	100.10000000000001	778.0
4137.0	159.34954188481694	135.90129253926708	251.5852857766143	147.95000000000002	119.9	239.25000000000003	168.85000000000002	149.05	260.70000000000005	9168.0
4138.0	122.37305751765896	106.88814328960649	219.31957618567105	115.50000000000001	99.55000000000001	208.45000000000002	128.15	114.95	224.95000000000002	991.0
4139.0	121.04233128834355	107.93128834355826	226.4131901840491	110.00000000000001	94.05000000000001	218.9	134.75	128.15	237.05	1793.0
4140.0	175.6200438300744	120.63636210384361	176.6113789615644	114.95	72.05000000000001	150.15	213.95000000000002	212.85000000000002	228.8	2966.0
4141.0	212.46627906976747	90.11174418604654	153.6968604651163	209.00000000000003	86.9	151.25	216.15	94.05000000000001	156.20000000000002	430.0
4142.0	124.44870017331017	114.47720970537257	225.77928942807628	104.50000000000001	84.15	220.00000000000003	152.35000000000002	136.4	231.00000000000003	577.0
4143.0	172.2405941729756	187.30521908694652	100.82538426244551	155.65	132.55	92.4	213.4	202.95000000000002	108.35000000000001	4359.0
4144.0	209.94152542372885	136.24774011299436	100.14723163841808	206.8	130.9	95.15	212.85000000000002	142.45000000000002	104.50000000000001	885.0
4145.0	113.65130057803468	197.08439306358403	94.10722543352603	110.00000000000001	193.60000000000002	90.75000000000001	118.25000000000001	200.20000000000002	97.35000000000001	346.0
4146.0	115.88636363636364	100.82622377622374	233.55349650349652	106.7	91.30000000000001	229.35000000000002	128.15	115.50000000000001	238.15	1573.0
4147.0	123.60789825970546	97.45749665327975	231.89236947791167	108.9	91.30000000000001	227.70000000000002	135.85000000000002	112.75000000000001	234.85000000000002	747.0
4148.0	116.49004102946677	98.21531145095112	237.5780492353599	105.60000000000001	89.10000000000001	228.8	132.0	113.85000000000001	243.65	2681.0
4149.0	113.62131578947367	94.18460526315796	243.8034210526316	107.80000000000001	89.65	240.35000000000002	123.20000000000002	101.75000000000001	246.40000000000003	380.0
4150.0	116.7280701754386	93.18771929824563	244.4684210526316	110.00000000000001	90.2	241.45000000000002	124.85000000000001	99.00000000000001	247.50000000000003	627.0
4151.0	134.27907348242812	105.2670127795527	238.2062300319489	107.25000000000001	90.75000000000001	228.8	160.05	130.9	245.85000000000002	626.0
4152.0	136.51108757062147	102.14074858757054	230.1664548022599	108.9	92.95	224.95000000000002	151.8	133.65	240.35000000000002	708.0
4153.0	126.3074207492796	123.34027377521615	240.753386167147	110.55000000000001	94.05000000000001	229.9	162.25	141.9	249.15000000000003	1388.0
4154.0	116.8684247538678	104.85893108298185	236.72123769338964	103.4	89.10000000000001	228.8	139.15	118.80000000000001	246.95000000000002	711.0
4155.0	126.09270687237026	105.33155680224411	237.7812762973352	105.60000000000001	90.2	231.55	151.25	124.85000000000001	243.10000000000002	713.0
4156.0	118.19812661498709	109.09825581395354	243.8219638242894	103.4	88.55000000000001	235.4	145.20000000000002	124.30000000000001	251.35000000000002	774.0
4157.0	108.75403556771546	119.47414500683996	247.04931600547198	104.50000000000001	114.4	237.60000000000002	114.95	124.30000000000001	256.3	731.0
4158.0	139.8869001297016	108.7323605706874	253.12769130998706	114.95	95.7	246.95000000000002	161.15	133.10000000000002	258.5	771.0
4159.0	172.69838235294114	124.41808823529415	124.15522058823531	132.55	111.65	118.80000000000001	182.60000000000002	172.70000000000002	129.8	680.0
4160.0	163.5884493670885	138.59071729957807	125.84208860759495	131.45000000000002	112.2	119.9	190.85000000000002	174.35000000000002	134.75	948.0
4161.0	139.13330414477514	108.21579100992412	228.29109748978402	111.10000000000001	96.25000000000001	221.65	159.5	136.95000000000002	238.70000000000002	1713.0
4162.0	126.35366972477065	147.42811271297523	251.27070773263435	117.7	133.65	247.50000000000003	133.65	155.10000000000002	255.20000000000002	763.0
4163.0	129.72556193208993	99.62917264466766	228.65086083213777	111.65	93.50000000000001	222.20000000000002	146.85000000000002	128.15	235.4	2091.0
4164.0	121.08612823674481	96.96276202219492	254.70967940813813	109.45	89.65	247.50000000000003	134.20000000000002	111.10000000000001	266.20000000000005	811.0
4165.0	116.08503184713382	93.67603503184716	238.95835987261154	107.80000000000001	90.2	235.4	125.4	100.65	242.00000000000003	628.0
4166.0	112.95298969072167	98.00319587628863	241.8616494845361	106.15	90.2	238.70000000000002	125.95000000000002	106.7	245.3	485.0
4167.0	112.84927797833936	94.39151624548738	242.456678700361	108.9	91.30000000000001	240.35000000000002	117.7	97.9	244.20000000000002	277.0
4168.0	126.50264741275572	109.44801444043323	247.17767749699158	106.7	91.30000000000001	238.15	152.35000000000002	126.50000000000001	256.3	831.0
4169.0	118.40193194925034	114.05712226066899	251.14287773933106	105.05000000000001	89.65	237.05	149.05	125.4	260.70000000000005	1734.0
4170.0	144.62146226415086	94.93661556603773	247.02653301886792	135.85000000000002	90.2	236.50000000000003	150.70000000000002	98.45	256.3	848.0
4171.0	149.27368154158194	157.8009127789047	130.1754056795132	133.10000000000002	116.60000000000001	125.95000000000002	182.05	178.75000000000003	137.5	986.0
4172.0	109.96285403050113	124.66307189542484	236.68333333333334	107.80000000000001	118.80000000000001	231.55	111.65	129.25	243.10000000000002	459.0
4173.0	142.86874396135255	106.81850241545898	243.83811594202896	111.65	92.4	232.10000000000002	163.9	138.60000000000002	253.55	1035.0
4174.0	153.0898039215686	110.45725490196077	245.31995098039218	112.2	99.00000000000001	239.25000000000003	172.15	140.8	254.10000000000002	1020.0
4175.0	139.14472000000006	106.89008	236.62672	110.55000000000001	94.05000000000001	231.00000000000003	159.5	133.65	241.45000000000002	625.0
4176.0	135.58232908458865	106.44921784472773	241.25020278099652	109.45	93.50000000000001	229.9	164.45000000000002	130.35000000000002	248.05	1726.0
4177.0	125.14453046112426	123.19463143722653	252.91817569841808	113.30000000000001	95.7	240.35000000000002	168.85000000000002	136.95000000000002	261.8	2971.0
4178.0	122.7420550847458	100.36509533898305	255.09454449152545	109.45	90.75000000000001	246.95000000000002	138.05	113.30000000000001	264.55	944.0
4179.0	127.62302325581396	107.98802325581393	265.64232558139537	117.7	99.55000000000001	261.8	136.4	114.95	266.75	430.0
4180.0	125.05329935622318	107.83186695278981	255.87274678111592	110.00000000000001	91.85000000000001	242.00000000000003	141.9	119.9	265.1	1864.0
4181.0	131.89338896020544	111.01245186136073	262.15301668806165	122.65	96.25000000000001	251.90000000000003	145.75	122.10000000000001	266.75	779.0
4182.0	131.32112211221119	115.27915291529148	255.51523652365242	117.15	96.25000000000001	245.85000000000002	158.95000000000002	130.35000000000002	261.8	909.0
4183.0	132.8408844765343	114.62486462093867	260.8732400722022	117.7	98.45	252.45000000000002	162.25	128.15	265.1	1108.0
4184.0	117.6672885112671	101.772146287403	246.16898780938308	107.25000000000001	89.10000000000001	234.3	137.5	116.60000000000001	261.25	2707.0
4185.0	117.29879227053141	99.25152979066026	247.080193236715	107.25000000000001	89.65	240.35000000000002	129.25	117.15	261.8	621.0
4186.0	121.63346303501946	113.4348249027237	261.6523346303502	110.55000000000001	96.25000000000001	250.8	142.45000000000002	121.55000000000001	265.65000000000003	514.0
4187.0	131.25726495726497	90.6512820512821	234.04301994301994	127.05000000000001	89.65	227.70000000000002	135.85000000000002	91.85000000000001	240.35000000000002	351.0
4188.0	152.195663265306	152.1925765306126	170.33836734693878	70.95	45.650000000000006	149.05	212.85000000000002	214.50000000000003	232.10000000000002	1960.0
4189.0	132.29103671706264	125.9921706263499	252.22964362850973	115.50000000000001	98.45	240.9	168.3	145.75	258.5	926.0
4190.0	133.74939759036147	136.40662650602417	249.7265060240964	122.10000000000001	105.60000000000001	240.9	172.15	150.15	253.00000000000003	415.0
4191.0	129.97083333333333	120.5329861111111	241.73020833333334	111.10000000000001	94.05000000000001	228.25000000000003	166.65	147.95000000000002	251.90000000000003	1584.0
4192.0	122.25289575289574	91.10888030888032	247.6783783783784	116.60000000000001	89.65	244.20000000000002	127.05000000000001	94.05000000000001	250.8	259.0
4193.0	114.55515055467508	98.92678288431065	250.97694136291605	108.9	90.75000000000001	245.85000000000002	129.25	107.80000000000001	262.90000000000003	631.0
4194.0	119.63310915675117	103.48052250388007	255.7406104500776	109.45	91.85000000000001	245.3	137.5	114.4	265.65000000000003	1933.0
4195.0	128.3545893719807	112.34945652173913	244.94595410628023	106.7	92.95	234.85000000000002	157.3	128.70000000000002	256.3	828.0
4196.0	122.37083333333331	106.81250000000011	238.79583333333335	107.80000000000001	91.85000000000001	233.75000000000003	149.60000000000002	122.10000000000001	247.50000000000003	660.0
4197.0	131.88027210884354	106.84404761904763	243.10623582766442	109.45	92.4	231.00000000000003	156.20000000000002	128.70000000000002	252.45000000000002	882.0
4198.0	133.19148406374504	92.24880478087654	238.69945219123508	121.00000000000001	90.2	232.10000000000002	144.10000000000002	95.15	249.15000000000003	1004.0
4199.0	163.4128736234923	134.40275301520714	126.37569480859989	124.30000000000001	109.45	121.55000000000001	189.75000000000003	176.55	133.65	1907.0
4200.0	130.39739229024946	171.0761904761906	134.60657596371883	123.75000000000001	167.75	129.8	134.75	175.45000000000002	138.05	441.0
4201.0	144.66533007334934	175.85100244498798	126.15709046454774	135.3	112.75000000000001	122.65	189.20000000000002	191.4	129.8	2045.0
4202.0	120.62190697674426	113.39925581395352	251.31879069767444	108.35000000000001	91.85000000000001	240.9	148.5	125.95000000000002	262.35	2150.0
4203.0	119.73660774983001	107.75588035350098	246.51329027872197	106.15	90.2	234.85000000000002	145.20000000000002	121.55000000000001	261.8	2942.0
4204.0	129.0428381962865	110.79071618037132	231.67400530503977	105.05000000000001	89.10000000000001	224.95000000000002	159.5	139.15	239.8	1131.0
4205.0	135.1739688359304	117.03102658111821	187.62914757103576	90.2	68.2	146.85000000000002	183.15	180.95000000000002	224.4	2182.0
4206.0	180.6787106446778	89.60052473763106	150.7263868065967	176.0	85.80000000000001	145.75	185.35000000000002	93.50000000000001	158.4	667.0
4207.0	142.0630076838639	123.09072447859498	162.2795828759605	134.75	103.4	147.4	152.9	132.0	270.05	911.0
4208.0	161.80383620689642	150.879066091954	164.02517241379311	105.60000000000001	104.50000000000001	147.4	207.9	204.60000000000002	236.50000000000003	3480.0
4209.0	166.44823178525792	143.29902002556454	128.94910524073288	140.8	120.45	122.65	182.05	177.10000000000002	136.95000000000002	2347.0
4210.0	145.1211678832117	135.9310218978102	184.95291970802924	108.35000000000001	92.95	133.65	182.60000000000002	173.8	215.60000000000002	1507.0
4211.0	113.9777394900069	102.04148862853211	229.2196071674707	106.15	91.30000000000001	225.50000000000003	126.50000000000001	116.05000000000001	234.85000000000002	1451.0
4212.0	167.7777099236635	143.3076641221376	125.10644274809154	136.95000000000002	110.55000000000001	119.9	199.10000000000002	184.25000000000003	134.75	3275.0
4213.0	153.34000000000015	116.16437665782499	261.43177718832897	137.5	110.55000000000001	251.90000000000003	170.5	133.10000000000002	266.75	1885.0
4214.0	123.10896990740741	102.18159722222222	223.45723379629632	112.75000000000001	93.50000000000001	220.00000000000003	133.65	114.95	227.15	864.0
4215.0	116.04004825090475	101.39505428226781	229.28929433051871	105.05000000000001	90.75000000000001	223.85000000000002	132.55	115.50000000000001	237.05	1658.0
4216.0	137.61580846179092	170.61147917349953	146.0371761233191	110.00000000000001	125.95000000000002	115.50000000000001	159.5	196.9	202.4	3049.0
4217.0	146.5898257996694	182.0917930620216	120.67763177654304	135.3	125.95000000000002	116.05000000000001	209.55	198.55	124.85000000000001	6659.0
4218.0	186.58765642775882	137.62451649601832	89.57804323094429	141.35000000000002	120.45	84.7	204.60000000000002	185.35000000000002	95.15	879.0
4219.0	146.9081483644853	160.37029789719625	122.6634929906542	123.20000000000002	103.95	118.80000000000001	194.15	191.95000000000002	127.60000000000001	1712.0
4220.0	125.70651571164515	138.09930683918682	188.26571164510167	96.80000000000001	82.5	182.60000000000002	172.15	176.0	196.9	1082.0
4221.0	138.78225634178915	118.58851802403207	185.99267022696932	100.65	87.45	136.4	173.25	170.5	221.65	3745.0
4222.0	151.7455899880813	115.10208581644808	263.5509535160906	138.05	109.45	253.55	170.5	127.60000000000001	267.85	839.0
4223.0	191.01293233082694	174.1986466165413	161.0383458646617	185.9	168.3	157.3	195.8	179.3	165.55	665.0
4224.0	174.37583892617437	102.82120805369125	224.1630201342282	169.4	98.45	218.35000000000002	178.20000000000002	106.7	231.00000000000003	745.0
4225.0	156.59915797914985	105.24274258219728	195.21206896551726	94.60000000000001	81.95	146.85000000000002	218.9	147.95000000000002	226.05	1247.0
4226.0	130.86792929292932	118.14898989898994	185.4838383838384	96.80000000000001	85.80000000000001	112.2	181.50000000000003	171.05	240.35000000000002	2178.0
4227.0	141.5523731203007	124.57603383458651	201.4731672932331	108.9	94.60000000000001	154.0	175.45000000000002	172.70000000000002	230.45000000000002	2128.0
4228.0	148.90023234200748	114.18940520446097	262.2809944237918	134.20000000000002	107.80000000000001	254.10000000000002	166.10000000000002	125.95000000000002	267.3	1076.0
4229.0	164.9184725357413	143.91997742663654	158.39462001504893	151.8	134.20000000000002	155.65	183.15	156.20000000000002	162.25	1329.0
4230.0	171.175844330128	155.01327443524937	155.87118094386045	155.65	140.25	153.45000000000002	185.9	166.65	159.5	4471.0
4231.0	189.9397435897435	109.58205128205125	120.13076923076925	183.15	106.15	117.7	198.00000000000003	113.85000000000001	122.65	858.0
4232.0	169.80903265812336	135.99824307565137	119.36978090119887	125.4	108.9	114.95	198.00000000000003	182.60000000000002	123.75000000000001	2419.0
4233.0	145.89409670164915	123.5170539730136	186.70788980509747	129.25	91.85000000000001	153.45000000000002	177.10000000000002	175.45000000000002	227.70000000000002	2668.0
4234.0	125.36402180496668	170.13821926105396	163.09282253179896	115.50000000000001	162.8	158.4	134.20000000000002	179.3	168.3	1651.0
4235.0	111.30063775510203	132.29885204081634	229.79617346938775	108.9	126.50000000000001	226.05	113.85000000000001	138.05	234.3	392.0
4236.0	147.07407407407402	120.88062962962958	192.62181481481483	105.05000000000001	101.2	160.05	184.8	145.20000000000002	232.65	1350.0
4237.0	132.12753205967024	161.4973305417425	168.33152316147607	107.25000000000001	90.75000000000001	157.3	178.75000000000003	183.70000000000002	231.55	3821.0
4238.0	153.15404971932662	95.02694466720114	222.0760625501203	143.0	90.75000000000001	215.60000000000002	159.5	100.10000000000001	227.70000000000002	1247.0
4239.0	120.49948775055684	122.21073496659241	213.4499777282851	101.2	88.55000000000001	203.50000000000003	150.70000000000002	150.15	221.10000000000002	2245.0
4240.0	157.07111451942754	121.67878323108386	258.99938650306746	147.4	114.4	252.45000000000002	166.65	130.35000000000002	262.90000000000003	1956.0
4241.0	179.82636718750007	169.6852050781252	194.87778320312503	176.55	165.0	190.3	184.8	176.0	198.55	1024.0
4242.0	162.9509305357993	144.26351351351363	238.6971965386439	150.70000000000002	126.50000000000001	201.85000000000002	178.75000000000003	161.70000000000002	253.55	8436.0
4243.0	168.37683402705443	153.41236992715918	156.77604058272635	147.95000000000002	131.45000000000002	152.35000000000002	188.10000000000002	172.70000000000002	162.25	3844.0
4244.0	173.84040479760114	167.2247376311844	200.7796851574213	163.9	160.60000000000002	190.85000000000002	182.60000000000002	173.25	219.45000000000002	667.0
4245.0	172.47251566696508	159.29811996418982	210.31862130707253	163.9	144.65	195.25000000000003	180.95000000000002	168.3	231.55	1117.0
4246.0	170.21371490280774	162.04271058315337	211.85572354211664	158.95000000000002	150.70000000000002	199.10000000000002	176.55	170.5	235.4	926.0
4247.0	160.36811846689932	115.51389372822302	158.5008493031359	122.65	95.7	117.15	184.8	171.60000000000002	171.05	2296.0
4248.0	137.83930689978143	133.7552606931001	187.57816109896973	106.15	95.15	155.65	177.10000000000002	170.5	228.25000000000003	3203.0
4249.0	169.3744444444443	132.2927777777778	118.83333333333336	133.65	110.55000000000001	114.4	189.20000000000002	175.45000000000002	123.20000000000002	990.0
4250.0	134.64590536851685	175.69422202001834	121.7391719745223	129.25	171.05	115.50000000000001	141.35000000000002	185.35000000000002	125.4	1099.0
4251.0	132.92821158690177	172.81498740554164	121.9448362720403	128.70000000000002	169.95000000000002	117.15	138.60000000000002	176.0	125.4	397.0
4252.0	139.30656934306572	168.50162206001608	96.34322789943226	119.9	98.45	90.2	193.05	190.85000000000002	100.10000000000001	1233.0
4253.0	159.03158689090122	106.30273824924532	190.01420871065116	109.45	89.65	152.35000000000002	183.70000000000002	141.35000000000002	228.8	2319.0
4254.0	140.93667239896814	129.12727858985403	190.77551590713674	105.05000000000001	90.2	156.20000000000002	185.35000000000002	176.55	229.9	2326.0
4255.0	141.39729609929068	110.11588356973996	189.95348699763596	122.65	88.55000000000001	140.25	153.45000000000002	172.70000000000002	206.8	3384.0
4256.0	133.16816901408464	117.67249999999997	201.84399647887324	104.50000000000001	88.55000000000001	143.55	156.20000000000002	163.35000000000002	220.00000000000003	2840.0
4257.0	152.81013071895387	122.67755991285405	261.8407407407408	141.9	114.4	256.3	164.45000000000002	133.10000000000002	265.65000000000003	459.0
4258.0	142.594950738916	117.30894909688017	266.43616584564865	135.3	109.45	262.90000000000003	152.35000000000002	127.05000000000001	268.95000000000005	1218.0
4259.0	194.7306919642856	175.05345982142873	158.2453125	191.4	170.5	155.65	198.00000000000003	178.75000000000003	161.70000000000002	448.0
4260.0	182.94222222222223	170.40280423280385	185.19576719576722	177.65	165.55	179.3	189.20000000000002	176.0	190.85000000000002	945.0
4261.0	140.95165441176485	138.33359374999995	146.54315257352943	103.95	82.5	143.0	184.25000000000003	179.3	150.70000000000002	1088.0
4262.0	102.65774336283178	180.38539823008844	146.46792035398232	99.00000000000001	176.0	144.65	106.7	184.8	149.05	452.0
4263.0	142.53992773261064	108.70548780487808	224.09444444444446	111.10000000000001	94.05000000000001	208.45000000000002	170.5	141.9	268.40000000000003	2214.0
4264.0	113.6831831831832	133.2024024024024	223.9837837837838	109.45	129.25	220.55	116.60000000000001	139.70000000000002	227.70000000000002	333.0
4265.0	179.19307496823376	165.69536213468882	199.4703939008895	173.8	159.5	194.70000000000002	185.35000000000002	171.05	205.15	787.0
4266.0	134.4265100671141	143.73557046979866	165.29395973154362	117.7	87.45	135.85000000000002	155.65	172.70000000000002	212.3	1639.0
4267.0	175.09701492537295	159.65812011371702	207.07011371712863	157.3	138.05	149.60000000000002	201.3	181.50000000000003	244.75000000000003	2814.0
4268.0	177.7520076481836	162.31940726577415	204.86238049713197	171.05	153.45000000000002	198.55	183.15	172.70000000000002	215.05	1046.0
4269.0	150.37787193973634	133.52570621468928	139.03606403013185	126.50000000000001	110.00000000000001	135.3	171.60000000000002	160.05	143.55	531.0
4270.0	160.90718774548301	138.59049489395116	135.7540848389631	138.60000000000002	114.95	128.15	174.9	163.35000000000002	141.9	1273.0
4271.0	145.59297458893843	165.22402840059806	131.47589686098658	137.5	122.10000000000001	127.05000000000001	178.20000000000002	179.3	139.70000000000002	1338.0
4272.0	168.56280064136826	161.81552645644044	72.3160342063068	143.0	124.85000000000001	58.85	201.85000000000002	190.85000000000002	88.0	1871.0
4273.0	136.63010204081633	127.89370748299321	149.72346938775513	132.0	124.30000000000001	147.95000000000002	140.8	131.45000000000002	152.9	294.0
4274.0	156.30409604519772	130.56285310734464	138.55680790960454	133.65	99.00000000000001	110.55000000000001	172.15	177.10000000000002	156.75	1770.0
4275.0	173.12683760683757	123.72085470085472	140.44367521367522	169.95000000000002	118.80000000000001	137.5	176.0	128.70000000000002	144.10000000000002	585.0
4276.0	128.425	114.4623046875	204.45881696428572	100.10000000000001	85.25	161.15	145.75	172.15	230.45000000000002	1792.0
4277.0	114.65739769150056	171.38877229800627	164.81705141657926	111.10000000000001	164.45000000000002	162.25	119.9	176.55	167.75	953.0
4278.0	142.03496309963134	134.88344095940957	142.40814114391145	135.3	122.10000000000001	125.95000000000002	152.9	168.85000000000002	149.05	2168.0
4279.0	113.9836032388664	133.61437246963564	228.36578947368423	110.55000000000001	127.60000000000001	226.05	116.60000000000001	139.15	231.55	247.0
4280.0	182.2574022346371	123.7223463687151	124.32150837988826	179.85000000000002	120.45	122.10000000000001	184.8	127.60000000000001	127.60000000000001	358.0
4281.0	131.187023977433	116.23928067700989	181.78392101551486	102.30000000000001	87.45	114.95	168.3	163.9	228.8	709.0
4282.0	196.8081942336875	92.06115326251906	102.18232169954477	189.20000000000002	88.55000000000001	97.35000000000001	206.25000000000003	96.25000000000001	105.60000000000001	659.0
4283.0	159.9932213930351	132.8858830845772	113.93072139303484	128.70000000000002	108.9	107.25000000000001	179.3	169.95000000000002	119.9	804.0
4284.0	163.27601384767564	129.92185954500496	110.91557863501484	128.70000000000002	107.25000000000001	105.05000000000001	178.20000000000002	169.4	118.80000000000001	1011.0
4285.0	176.6930811808116	144.9686346863474	85.19909286592865	140.25	121.55000000000001	78.65	204.60000000000002	194.70000000000002	90.75000000000001	3252.0
4286.0	127.658135810378	112.98641896220376	179.79538757206922	93.50000000000001	79.75	173.25	158.95000000000002	156.20000000000002	188.10000000000002	1561.0
4287.0	143.20203252032522	166.22804878048805	108.43333333333335	133.65	156.75	84.7	151.25	183.15	119.9	1353.0
4288.0	181.8840178571429	190.8156249999999	112.95035714285714	176.55	187.55	109.45	187.00000000000003	195.25000000000003	115.50000000000001	560.0
4289.0	117.44490616621985	99.24919571045574	237.19597855227883	103.4	87.45	231.00000000000003	133.10000000000002	114.95	242.00000000000003	373.0
4290.0	120.78876106194691	112.54070796460181	222.17566371681417	100.65	85.80000000000001	213.95000000000002	146.3	133.65	229.9	565.0
4291.0	197.78936980609444	154.42925900277032	87.07787396121886	160.05	134.20000000000002	80.85000000000001	212.3	199.65	92.4	1444.0
4292.0	137.26477449455678	126.03553654743392	152.48685847589425	131.45000000000002	118.80000000000001	147.4	145.75	134.75	158.4	1286.0
4293.0	117.82200704225353	103.74600938967141	226.87500000000003	108.35000000000001	90.2	222.20000000000002	129.25	116.05000000000001	230.45000000000002	852.0
4294.0	187.80250511247465	134.33890593047036	122.83502044989777	155.65	114.95	117.7	204.05	189.75000000000003	129.25	978.0
4295.0	124.25354126055903	158.6405133203382	166.9627030539311	85.25	64.35000000000001	162.25	200.75000000000003	203.50000000000003	172.70000000000002	1539.0
4296.0	173.82931920359675	175.314884393063	88.80592485549133	146.3	133.65	78.65	210.10000000000002	200.20000000000002	99.00000000000001	3114.0
4297.0	132.11058981233245	103.31496872207329	216.51568364611262	99.00000000000001	90.2	210.10000000000002	150.70000000000002	134.75	221.65	1119.0
4298.0	145.99297401347448	124.05279114533215	178.97656400384986	96.80000000000001	83.60000000000001	106.7	203.50000000000003	191.95000000000002	250.25000000000003	2078.0
4299.0	204.396699669967	135.1348184818482	87.03523102310233	199.10000000000002	130.9	83.60000000000001	210.10000000000002	138.05	90.75000000000001	606.0
4300.0	137.3412613575628	118.74444147514698	181.49265098877606	104.50000000000001	89.10000000000001	152.35000000000002	169.4	165.0	229.35000000000002	1871.0
4301.0	123.57091882247995	98.48483496877783	226.47145405887602	102.30000000000001	88.55000000000001	216.70000000000002	136.4	119.9	235.4	1121.0
4302.0	198.5671517671517	128.73201663201664	89.58825363825365	191.95000000000002	123.75000000000001	86.35000000000001	206.25000000000003	133.10000000000002	93.50000000000001	481.0
4303.0	144.5632315521628	125.62391857506363	150.82735368956745	134.20000000000002	118.80000000000001	148.5	152.35000000000002	134.75	153.45000000000002	393.0
4304.0	114.50476190476188	101.14441205053456	236.00612244897962	103.95	88.0	228.8	133.65	114.4	243.65	1029.0
4305.0	153.05778688524586	152.08551912568313	82.01612021857923	137.5	120.45	78.10000000000001	177.10000000000002	173.25	84.7	366.0
4306.0	109.36504065040653	122.55758807588076	224.7756097560976	103.95	118.80000000000001	218.35000000000002	113.85000000000001	126.50000000000001	231.55	369.0
4307.0	166.38718689788064	88.16955684007705	178.895183044316	162.25	85.80000000000001	176.0	171.60000000000002	90.75000000000001	182.05	519.0
4308.0	153.7726354941555	153.41025504782147	79.84176408076516	138.60000000000002	120.45	75.35000000000001	179.85000000000002	173.25	83.05000000000001	941.0
4309.0	159.7724126344087	154.39956317204272	80.37503360215054	140.8	120.45	73.7	185.9	182.05	85.80000000000001	1488.0
4310.0	105.22844444444452	122.16111111111113	235.17755555555559	103.95	118.25000000000001	231.00000000000003	106.7	125.4	240.35000000000002	225.0
4311.0	119.10651277823578	110.35638911788958	221.55160758450126	100.10000000000001	86.35000000000001	212.85000000000002	144.65	130.9	227.70000000000002	1213.0
4312.0	116.79502967359049	141.74250741839745	239.35200296735908	105.05000000000001	114.95	231.55	123.75000000000001	154.0	248.05	674.0
4313.0	120.05710270822688	104.22823198773634	227.80258048032707	107.80000000000001	91.85000000000001	221.65	139.70000000000002	119.35000000000001	233.20000000000002	1957.0
4314.0	178.73285714285706	117.75857142857143	113.0057142857143	174.9	114.95	111.10000000000001	183.70000000000002	120.45	116.60000000000001	385.0
4315.0	110.78012552301256	124.52667364016736	226.39864016736402	107.80000000000001	119.9	222.75000000000003	113.30000000000001	130.35000000000002	230.45000000000002	478.0
4316.0	151.0837531486143	111.63476070528976	190.22657430730482	113.85000000000001	91.30000000000001	81.95	178.75000000000003	158.95000000000002	231.55	1588.0
4317.0	117.32485315712184	153.56831864904547	233.43300293685758	113.85000000000001	145.20000000000002	226.60000000000002	121.00000000000001	162.8	241.45000000000002	1362.0
4318.0	158.3048675200953	135.65236677582607	170.4153468294135	121.00000000000001	97.9	151.25	188.10000000000002	186.45000000000002	231.55	3359.0
4319.0	154.23312903225792	116.62306451612915	201.59522580645165	108.35000000000001	97.9	145.20000000000002	184.25000000000003	152.9	232.10000000000002	3100.0
4320.0	161.95890861275484	115.53616042077577	139.4016765285996	145.75	75.9	63.800000000000004	181.50000000000003	191.4	205.70000000000002	1521.0
4321.0	105.34126984126979	105.59920634920638	232.44603174603176	92.4	80.30000000000001	224.95000000000002	130.35000000000002	117.7	240.35000000000002	693.0
4322.0	121.98663708086784	129.01188362919132	225.3258875739645	110.00000000000001	92.4	216.15	140.8	154.55	234.3	1014.0
4323.0	126.84757489301	176.19340228245395	123.17214693295293	120.45	171.60000000000002	117.7	133.10000000000002	182.60000000000002	128.15	1402.0
4324.0	132.86173285198558	170.67472924187723	120.26732851985562	128.70000000000002	167.20000000000002	113.85000000000001	137.5	174.35000000000002	126.50000000000001	831.0
4325.0	136.93900523560205	156.23691099476434	127.89659685863874	113.85000000000001	95.7	90.2	173.25	177.10000000000002	165.0	2101.0
4326.0	121.48852728468111	153.73747534516764	179.87820512820514	103.4	88.55000000000001	161.70000000000002	149.05	180.95000000000002	232.10000000000002	1521.0
4327.0	144.21484502446978	94.56141924959218	226.67716150081566	135.3	90.75000000000001	222.75000000000003	154.0	100.10000000000001	233.20000000000002	613.0
4328.0	133.13887733887734	108.32255717255723	234.5252598752599	107.25000000000001	91.85000000000001	228.8	158.95000000000002	131.45000000000002	241.45000000000002	481.0
4329.0	162.51974291364542	153.00369149637447	85.53678312458801	139.70000000000002	120.45	79.75	195.25000000000003	183.70000000000002	93.50000000000001	1517.0
4330.0	153.432524271845	161.17378640776698	81.5509708737864	138.05	118.80000000000001	77.0	187.00000000000003	180.95000000000002	90.75000000000001	1133.0
4331.0	131.5906976744186	94.03081395348843	226.92936046511628	123.75000000000001	92.4	223.85000000000002	138.60000000000002	97.35000000000001	230.45000000000002	344.0
4332.0	118.2854511970535	96.29119091467167	231.91464088397794	107.25000000000001	89.65	225.50000000000003	133.10000000000002	112.2	237.05	1629.0
4333.0	116.3336363636364	103.64363636363639	230.95818181818183	105.60000000000001	90.75000000000001	226.60000000000002	135.85000000000002	116.05000000000001	234.85000000000002	605.0
4334.0	176.85221139430294	154.9977511244377	86.90577211394303	149.05	127.05000000000001	81.95	201.3	191.4	91.30000000000001	1334.0
4335.0	185.69026666666662	160.8092444444442	120.02711111111113	150.15	136.95000000000002	116.60000000000001	211.20000000000002	190.85000000000002	124.30000000000001	1125.0
4336.0	178.3309890725687	170.6619641356125	100.15624824880918	145.20000000000002	126.50000000000001	90.75000000000001	210.10000000000002	201.3	111.65	3569.0
4337.0	186.9707500000001	135.8905	115.33975000000001	141.9	116.05000000000001	108.35000000000001	207.9	193.05	119.35000000000001	2200.0
4338.0	165.5692783505159	177.27615120274882	113.03369415807562	145.75	122.10000000000001	105.60000000000001	210.65	201.85000000000002	121.00000000000001	2910.0
4339.0	208.06049488054606	139.51791808873722	126.50750853242322	204.60000000000002	132.55	123.75000000000001	211.20000000000002	145.20000000000002	130.9	586.0
4340.0	95.70192307692304	148.75192307692296	219.40384615384616	89.65	145.75	216.15	100.10000000000001	152.35000000000002	222.20000000000002	286.0
4341.0	149.18378378378384	91.35589189189184	208.5938918918919	134.20000000000002	85.25	202.95000000000002	165.0	98.45	214.50000000000003	925.0
4342.0	178.8226039783003	116.92622061482822	92.18616636528029	172.70000000000002	112.2	79.2	183.70000000000002	121.00000000000001	113.30000000000001	553.0
4343.0	132.1263695829925	158.4760016353232	130.08736713000818	113.85000000000001	111.65	110.00000000000001	178.20000000000002	172.70000000000002	155.65	1223.0
4344.0	142.03806818181823	137.54488636363635	156.12556818181818	118.25000000000001	99.00000000000001	136.4	176.0	164.45000000000002	169.95000000000002	968.0
4345.0	150.22014302741337	134.97878426698452	127.28992848629326	125.4	107.25000000000001	122.10000000000001	174.9	168.85000000000002	134.20000000000002	839.0
4346.0	129.96800404585304	149.15940660822656	165.54517869184085	113.85000000000001	99.00000000000001	158.95000000000002	178.75000000000003	169.95000000000002	172.15	1483.0
4347.0	147.25816849816846	97.610695970696	221.31919413919417	133.65	90.75000000000001	215.05	156.20000000000002	102.85000000000001	226.05	1365.0
4348.0	115.12187500000006	111.68772865853668	229.79519817073174	108.35000000000001	97.35000000000001	223.3	128.15	124.30000000000001	235.95000000000002	1312.0
4349.0	120.19450923226432	103.89868804664722	232.1256559766764	108.9	92.4	226.60000000000002	140.8	121.00000000000001	236.50000000000003	1029.0
4350.0	125.04125874125873	129.8395104895105	187.06748251748255	103.4	97.35000000000001	152.9	168.3	159.5	228.25000000000003	1573.0
4351.0	118.57037900874636	125.86212827988335	203.64431486880468	102.30000000000001	97.35000000000001	150.70000000000002	169.4	158.95000000000002	231.55	1715.0
4352.0	177.52652317880788	176.35112582781446	80.67334437086095	158.4	135.85000000000002	74.80000000000001	209.55	197.45000000000002	85.80000000000001	1510.0
4353.0	138.47319884726227	166.52319884726225	79.85144092219022	135.85000000000002	162.25	78.10000000000001	140.8	171.05	82.5	347.0
4354.0	127.8381974248927	161.8873390557938	135.01630901287555	91.30000000000001	130.35000000000002	99.55000000000001	171.05	182.60000000000002	220.55	2563.0
4355.0	184.98097426470602	121.34071691176472	86.04264705882353	179.85000000000002	117.7	83.05000000000001	190.85000000000002	126.50000000000001	89.65	544.0
4356.0	139.46111111111108	141.22291666666666	149.4888888888889	121.55000000000001	104.50000000000001	132.55	173.8	163.35000000000002	166.10000000000002	792.0
4357.0	135.00883730834764	141.58166524701866	157.58015332197616	116.05000000000001	97.35000000000001	147.95000000000002	167.20000000000002	168.85000000000002	165.55	2348.0
4358.0	103.82619521912346	140.5370517928287	218.03957503320055	99.00000000000001	130.35000000000002	207.9	112.75000000000001	150.15	223.3	1506.0
4359.0	133.04637336504163	163.62728894173605	121.88680142687278	124.85000000000001	152.35000000000002	83.60000000000001	144.10000000000002	172.70000000000002	143.0	841.0
4360.0	140.13679192372416	139.92703309029721	142.86211441390915	118.80000000000001	100.10000000000001	135.3	168.85000000000002	169.95000000000002	152.35000000000002	1783.0
4361.0	153.7432761310453	117.63942277691109	202.20076443057724	124.85000000000001	90.2	156.20000000000002	188.10000000000002	183.70000000000002	231.55	3205.0
4362.0	155.50144157814867	106.94537177541727	185.04537177541732	107.25000000000001	90.75000000000001	159.5	176.0	125.95000000000002	232.10000000000002	659.0
4363.0	118.04505420054201	119.8634823848239	232.3436991869919	105.60000000000001	92.4	224.4	150.70000000000002	138.05	238.70000000000002	738.0
4364.0	201.85000000000014	136.62016011644832	82.80181950509461	196.35000000000002	133.65	78.65	206.25000000000003	140.25	85.80000000000001	687.0
4365.0	198.94393939393916	152.90555555555557	108.10353535353536	166.65	135.85000000000002	101.75000000000001	211.20000000000002	193.60000000000002	116.60000000000001	1089.0
4366.0	205.49804261645187	138.04018830525274	113.73798315163529	199.10000000000002	128.15	104.50000000000001	211.75000000000003	147.4	119.35000000000001	2018.0
4367.0	209.5170877659576	187.69554521276575	108.47067819148937	204.60000000000002	180.95000000000002	103.95	214.50000000000003	194.15	113.30000000000001	752.0
4368.0	157.19029366895523	161.91626620900084	172.82543859649124	112.2	86.35000000000001	163.35000000000002	216.15	211.75000000000003	184.8	2622.0
4369.0	169.04779179810728	76.54542586750789	239.00362776025239	163.35000000000002	70.4	236.50000000000003	173.25	85.80000000000001	240.9	634.0
4370.0	180.88453261600546	111.86600537995962	115.75669132481507	176.0	105.05000000000001	109.45	187.55	118.25000000000001	121.55000000000001	1487.0
4371.0	176.4710886806059	126.30629055515503	111.73089401586158	129.25	103.4	104.50000000000001	193.05	183.15	117.15	2774.0
4372.0	131.75743801652894	177.39214876033088	113.76239669421489	126.50000000000001	171.60000000000002	110.00000000000001	139.15	183.70000000000002	117.7	1331.0
4373.0	140.04833333333335	173.67833333333337	101.92333333333335	135.3	169.95000000000002	83.60000000000001	147.4	177.65	118.25000000000001	990.0
4374.0	152.1572858731925	153.16857619577314	92.94510567297002	132.0	115.50000000000001	85.25	180.95000000000002	177.65	102.85000000000001	899.0
4375.0	152.41393078970734	119.43345164152616	163.4964063886424	113.85000000000001	98.45	160.60000000000002	171.05	165.55	168.85000000000002	1127.0
4376.0	179.93665254237277	109.81165254237298	157.1802966101695	172.15	101.75000000000001	150.15	187.55	118.80000000000001	163.9	2596.0
4377.0	185.95651933701652	167.42992633517497	81.24826887661145	161.70000000000002	140.8	74.25	207.9	195.25000000000003	89.10000000000001	2715.0
4378.0	182.3735991379307	166.12933728448272	82.0717941810345	152.35000000000002	137.5	75.9	208.45000000000002	195.25000000000003	90.2	1856.0
4379.0	121.011879049676	152.25377969762403	162.57429805615553	113.85000000000001	148.5	155.65	125.95000000000002	155.10000000000002	166.65	463.0
4380.0	159.40699541284442	161.20470183486216	138.64185779816515	132.55	113.85000000000001	130.35000000000002	192.50000000000003	196.9	147.95000000000002	4796.0
4381.0	137.13836283185842	174.81287610619472	135.3107079646018	132.55	168.85000000000002	124.85000000000001	146.3	185.35000000000002	141.35000000000002	1130.0
4382.0	193.43525741029632	160.97581903276128	88.6195007800312	156.20000000000002	131.45000000000002	84.7	214.50000000000003	204.05	92.4	1282.0
4383.0	145.13512611275945	110.55897626112765	213.7590504451039	101.75000000000001	89.10000000000001	206.8	163.35000000000002	158.4	221.10000000000002	1348.0
4384.0	142.3091765036538	135.7028386734121	193.72922990444073	105.60000000000001	91.30000000000001	152.35000000000002	163.9	183.15	226.60000000000002	3558.0
4385.0	117.16589316987739	129.85201401050787	194.89890542907182	94.60000000000001	84.15	172.15	171.60000000000002	164.45000000000002	246.40000000000003	1142.0
4386.0	148.51119977985712	160.90451293340695	107.61020913593836	117.7	101.75000000000001	101.2	190.85000000000002	194.15	111.10000000000001	1817.0
4387.0	146.5992326732673	124.18700495049504	173.80871287128713	115.50000000000001	83.05000000000001	139.70000000000002	188.10000000000002	183.70000000000002	209.00000000000003	2020.0
4388.0	143.89845276872964	154.41518729641697	143.4084690553746	117.15	107.80000000000001	134.75	177.10000000000002	184.25000000000003	152.9	1228.0
4389.0	136.06780948470578	109.29621227674012	181.26084992814617	106.7	88.0	106.7	164.45000000000002	184.8	199.65	4871.0
4390.0	154.2222415506959	95.83121272365803	186.06948310139168	142.45000000000002	90.2	178.75000000000003	163.35000000000002	103.4	192.50000000000003	2012.0
4391.0	176.06864046733972	155.61407328730812	121.36686139139672	138.60000000000002	129.8	114.95	210.10000000000002	179.3	125.95000000000002	1883.0
4392.0	151.09670273055096	124.13706852138078	141.73055126223596	118.80000000000001	98.45	129.8	171.05	166.10000000000002	170.5	1941.0
4393.0	160.44204712812967	125.02617820323998	127.6724963181149	129.25	99.00000000000001	109.45	184.25000000000003	177.65	145.20000000000002	1358.0
4394.0	166.6937448218724	125.66930405965209	107.46006628003315	133.10000000000002	97.9	88.0	184.8	179.85000000000002	143.0	1207.0
4395.0	123.05968237704921	112.66321721311479	211.71055327868854	103.4	86.35000000000001	201.3	150.70000000000002	134.20000000000002	220.00000000000003	976.0
4396.0	136.14139908256882	171.94942660550444	113.66077981651377	133.10000000000002	166.10000000000002	110.00000000000001	141.9	177.10000000000002	118.80000000000001	436.0
4397.0	176.61837016574603	174.2299723756906	86.4464779005525	156.75	139.15	82.5	206.25000000000003	195.25000000000003	90.75000000000001	724.0
4398.0	178.47211426350552	176.81057131752797	99.94588029537506	152.9	134.75	87.45	210.65	198.00000000000003	113.30000000000001	2573.0
4399.0	114.0238536585366	156.0953658536588	131.0561463414634	108.35000000000001	150.70000000000002	127.05000000000001	120.45	160.60000000000002	134.75	1025.0
4400.0	120.62973503434738	140.93331697742886	170.17561334641806	98.45	101.2	132.55	171.05	166.10000000000002	209.00000000000003	1019.0
4401.0	143.75614630467578	160.782088989442	129.3819004524887	118.25000000000001	101.2	104.50000000000001	190.3	198.55	147.95000000000002	1326.0
4402.0	154.13516156462555	89.86326530612244	200.04613095238096	149.60000000000002	85.80000000000001	195.25000000000003	158.4	94.60000000000001	204.60000000000002	1176.0
4403.0	150.88492753623194	157.19836956521752	105.19307971014493	115.50000000000001	91.30000000000001	97.35000000000001	204.60000000000002	201.85000000000002	113.30000000000001	2760.0
4404.0	148.68631250000004	142.27399999999997	127.80006250000001	121.55000000000001	106.7	121.55000000000001	177.65	174.35000000000002	135.85000000000002	800.0
4405.0	129.84684684684697	121.20510510510523	198.22837837837838	108.9	89.10000000000001	179.3	166.65	151.8	215.60000000000002	3663.0
4406.0	144.12028688524597	140.34467213114758	124.58401639344265	125.4	107.80000000000001	118.80000000000001	170.5	163.9	130.35000000000002	488.0
4407.0	198.0050053533192	142.1835385438972	111.60377408993577	157.85000000000002	127.05000000000001	107.80000000000001	208.45000000000002	191.4	117.7	1868.0
4408.0	154.6179822872543	193.47314208702292	110.86068540623798	148.5	187.55	103.95	161.15	201.3	116.60000000000001	2597.0
4409.0	125.25036275695285	79.57309552599756	240.51958887545348	121.55000000000001	73.15	237.60000000000002	129.8	86.35000000000001	244.20000000000002	827.0
4410.0	111.65754716981132	99.88773584905661	239.60849056603774	102.30000000000001	87.45	234.3	130.9	113.85000000000001	243.65	583.0
4411.0	131.29814385150814	125.38979118329468	157.71345707656616	108.35000000000001	83.05000000000001	151.8	159.5	157.85000000000002	162.8	431.0
4412.0	133.10666666666668	168.55333333333337	119.29666666666668	129.8	167.20000000000002	116.05000000000001	135.85000000000002	169.95000000000002	123.20000000000002	165.0
4413.0	163.0880544747081	156.43027237354067	87.93365758754865	126.50000000000001	108.9	81.4	216.15	180.95000000000002	94.60000000000001	1285.0
4414.0	185.08834543370293	168.1392243026367	87.61792128391288	152.35000000000002	131.45000000000002	81.95	215.05	202.95000000000002	96.80000000000001	2617.0
4415.0	122.5299674267101	118.91555374592832	198.38876221498376	105.60000000000001	81.4	186.45000000000002	154.55	156.75	216.70000000000002	2456.0
4416.0	205.15257812499993	121.097109375	110.50359375000001	201.85000000000002	116.60000000000001	107.25000000000001	208.45000000000002	125.4	112.75000000000001	640.0
4417.0	139.68966763005767	141.9333815028902	142.47543352601156	122.10000000000001	101.2	138.60000000000002	168.85000000000002	165.55	147.4	692.0
4418.0	105.65336633663367	137.36522277227724	214.335	100.10000000000001	129.8	207.35000000000002	113.85000000000001	150.70000000000002	219.45000000000002	2020.0
4419.0	116.0795716889429	136.41336573511535	191.93713547995142	100.65	86.9	138.05	150.70000000000002	166.10000000000002	216.15	3292.0
4420.0	174.4291930379747	109.92254746835441	138.7862341772152	171.05	105.60000000000001	135.3	177.65	114.4	141.9	632.0
4421.0	98.94850187265914	157.68383270911357	248.8375780274657	94.05000000000001	154.55	243.10000000000002	103.95	161.15	253.55	801.0
4422.0	106.64804760133867	113.46322052807746	193.42716623280032	50.050000000000004	40.7	152.35000000000002	186.45000000000002	193.60000000000002	244.20000000000002	2689.0
4423.0	174.52435970404102	165.19408081957866	208.44029595902109	158.95000000000002	148.5	196.35000000000002	184.8	174.9	239.8	1757.0
4424.0	123.95614934114195	160.74454612005852	232.38546852122985	118.25000000000001	151.25	224.95000000000002	129.8	167.20000000000002	242.55	1366.0
4425.0	136.6344262295082	144.16118266978913	134.2837236533958	99.00000000000001	91.85000000000001	108.35000000000001	165.0	164.45000000000002	163.9	854.0
4426.0	160.82930389221565	137.75400449101815	117.78068862275451	126.50000000000001	112.75000000000001	106.7	178.75000000000003	170.5	127.05000000000001	1336.0
4427.0	159.84047619047644	142.03577694235582	123.03665413533835	132.55	115.50000000000001	117.7	181.50000000000003	172.15	130.35000000000002	798.0
4428.0	145.90156382079454	153.1375739644971	157.61428571428573	135.85000000000002	116.60000000000001	121.00000000000001	180.4	171.60000000000002	266.75	1183.0
4429.0	147.9219148936169	137.26946808510638	136.7329255319149	119.9	101.75000000000001	131.45000000000002	176.55	173.25	143.0	940.0
4430.0	143.937037037037	113.89789462081131	180.68421516754856	103.95	88.0	138.05	177.65	171.60000000000002	217.8	4536.0
4431.0	154.7525940337226	94.96024643320376	199.46452658884567	149.05	90.2	195.25000000000003	158.95000000000002	100.65	204.60000000000002	771.0
4432.0	108.31541411042944	138.8114519427403	212.96781697341515	102.85000000000001	133.10000000000002	205.15	114.95	147.95000000000002	217.8	1956.0
4433.0	113.6939903846154	149.22716346153842	221.15552884615386	108.9	145.75	218.9	117.15	152.35000000000002	224.4	208.0
4434.0	175.23653846153852	114.97115384615384	141.05961538461537	171.05	110.00000000000001	138.05	178.20000000000002	118.80000000000001	145.75	286.0
4435.0	143.307967439566	93.92545633941796	205.49405525407008	135.3	86.35000000000001	195.25000000000003	157.3	101.2	211.75000000000003	2027.0
4436.0	189.30063829787244	120.51611702127659	120.66356382978725	181.50000000000003	114.4	118.80000000000001	199.10000000000002	129.25	123.20000000000002	940.0
4437.0	134.99557514400382	105.32216791761167	196.83097399197067	102.85000000000001	88.0	186.45000000000002	150.15	152.9	215.05	5729.0
4438.0	124.10808559983124	123.47424625764269	204.85244570946656	103.95	88.55000000000001	189.20000000000002	157.3	152.9	217.8	4743.0
4439.0	136.09599692070825	115.70577367205543	267.2220939183988	126.50000000000001	102.85000000000001	258.5	161.15	134.75	270.6	1299.0
4440.0	189.67437500000003	155.87687499999993	164.09662500000002	135.3	103.95	105.60000000000001	217.8	184.25000000000003	271.15000000000003	400.0
4441.0	159.14121495327103	98.3883177570094	179.88238317757012	140.8	88.0	147.95000000000002	173.8	112.2	212.85000000000002	1070.0
4442.0	195.16911764705893	117.06264705882354	116.89764705882354	185.9	113.30000000000001	114.95	204.05	122.65	118.80000000000001	510.0
4443.0	100.46223118279576	83.06848118279574	225.49852150537637	82.5	69.30000000000001	221.10000000000002	114.95	99.55000000000001	231.00000000000003	744.0
4444.0	145.62626699629178	132.09993819530283	108.38671199011127	140.25	128.70000000000002	102.85000000000001	150.70000000000002	136.4	113.30000000000001	809.0
4445.0	115.36542983100671	130.7048126377663	161.282953710507	84.15	75.35000000000001	156.75	160.05	174.35000000000002	166.65	1361.0
4446.0	144.06673101673107	160.07194337194312	117.22715572715572	140.25	154.55	108.35000000000001	149.60000000000002	165.55	133.10000000000002	777.0
4447.0	100.04177005789919	96.71220016542595	227.39110835401158	52.25000000000001	38.5	218.9	149.05	148.5	235.95000000000002	1209.0
4448.0	131.09092356687904	114.56990445859877	271.537101910828	123.75000000000001	103.95	267.85	145.75	121.00000000000001	272.8	314.0
4449.0	136.58198529411766	106.77886029411768	270.4544117647059	128.70000000000002	101.2	267.85	145.20000000000002	112.75000000000001	272.25	272.0
4450.0	134.04849056603774	107.29358490566038	271.54849056603774	125.4	101.75000000000001	270.05	140.8	114.95	273.35	265.0
4451.0	129.81852631578948	153.4725789473687	136.8017894736842	112.2	98.45	132.0	173.25	174.35000000000002	142.45000000000002	950.0
4452.0	147.666129032258	130.87483870967745	135.55645161290323	114.4	97.35000000000001	85.80000000000001	184.25000000000003	178.20000000000002	160.05	1705.0
4453.0	115.16019108280263	102.56624203821664	222.18575371549892	103.95	89.65	155.10000000000002	136.4	127.60000000000001	237.60000000000002	2355.0
4454.0	189.40857731015564	164.23890667886556	175.94967978042084	176.55	149.05	161.15	195.8	180.4	200.75000000000003	2186.0
4455.0	141.50826342281886	142.1588506711409	173.40780201342284	127.60000000000001	83.60000000000001	141.9	157.85000000000002	183.15	214.50000000000003	1192.0
4456.0	140.79245098039212	165.8201470588234	147.0931862745098	126.50000000000001	114.4	136.4	179.85000000000002	180.95000000000002	153.45000000000002	1020.0
4457.0	141.4039473684211	92.15394736842104	181.59078947368423	116.05000000000001	84.15	151.8	166.10000000000002	98.45	214.50000000000003	836.0
4458.0	157.03380414312625	149.5016007532956	115.39124293785312	120.45	96.25000000000001	112.2	199.10000000000002	194.70000000000002	118.25000000000001	531.0
4459.0	116.61300675675676	102.21886261261261	221.33969594594598	108.35000000000001	92.4	210.65	122.65	108.35000000000001	232.10000000000002	888.0
4460.0	114.26760904684978	96.50056542810984	229.4352988691438	106.7	88.0	224.95000000000002	123.20000000000002	105.05000000000001	234.85000000000002	619.0
4461.0	190.3582781456954	172.1408940397353	166.8894867549669	178.20000000000002	163.9	158.95000000000002	197.45000000000002	182.05	176.55	604.0
4462.0	117.7767379679143	127.80267379679135	207.88128342245992	99.00000000000001	82.5	194.15	154.55	154.55	217.25000000000003	2057.0
4463.0	138.95054945054946	132.4956043956044	121.139010989011	135.85000000000002	130.35000000000002	113.30000000000001	141.9	135.3	126.50000000000001	273.0
4464.0	163.3144570286477	109.49946702198531	186.10812791472355	132.55	102.30000000000001	93.50000000000001	189.75000000000003	125.4	270.05	1501.0
4465.0	147.71054421768687	146.21156462585037	52.12789115646258	124.85000000000001	110.00000000000001	48.400000000000006	179.85000000000002	177.10000000000002	56.1	1617.0
4466.0	134.64502688172044	162.90053763440864	117.53440860215053	121.55000000000001	110.55000000000001	110.55000000000001	177.65	175.45000000000002	122.65	744.0
4467.0	142.36159817351592	152.8638356164382	121.33200913242008	121.00000000000001	105.60000000000001	114.4	180.4	175.45000000000002	127.05000000000001	1095.0
4468.0	176.34388777555114	117.44869739478959	115.8119238476954	172.70000000000002	112.2	112.75000000000001	179.85000000000002	124.30000000000001	119.9	499.0
4469.0	188.6499999999998	174.71967213114763	164.73912568306014	182.60000000000002	168.85000000000002	158.4	195.25000000000003	179.85000000000002	172.15	915.0
4470.0	186.8020565552699	174.27082262210814	169.72943444730078	178.75000000000003	163.9	159.5	194.15	181.50000000000003	182.05	778.0
4471.0	178.02638554216892	173.53626506024096	188.02777108433733	172.70000000000002	160.60000000000002	176.0	186.45000000000002	179.3	195.25000000000003	830.0
4472.0	142.94111349036407	129.17109207708782	76.6195931477516	123.75000000000001	112.2	73.15	156.75	151.8	80.30000000000001	467.0
4473.0	140.88471993410218	84.44991762767698	196.43018945634267	80.30000000000001	66.55000000000001	144.10000000000002	220.55	100.10000000000001	229.35000000000002	1214.0
4474.0	149.98069216757762	115.76281117182755	262.395415907711	133.65	106.7	255.20000000000002	166.10000000000002	126.50000000000001	268.40000000000003	1647.0
4475.0	188.875599495162	172.18470761464033	169.70334455195626	184.25000000000003	165.55	162.25	194.70000000000002	179.85000000000002	179.85000000000002	2377.0
4476.0	184.2826271186441	170.33562146892666	177.88149717514128	178.20000000000002	163.35000000000002	168.3	188.65	176.55	185.9	1770.0
4477.0	178.97504091653022	170.12193126022942	193.53698854337156	173.8	159.5	189.20000000000002	184.8	178.20000000000002	198.00000000000003	611.0
4478.0	178.009899328859	165.44110738255037	199.52695749440718	171.60000000000002	156.20000000000002	191.95000000000002	184.25000000000003	173.25	209.00000000000003	894.0
4479.0	168.78129496402892	165.82769784172643	210.55575539568346	156.20000000000002	126.50000000000001	192.50000000000003	182.05	180.95000000000002	240.35000000000002	1529.0
4480.0	191.994	176.96555555555588	160.91044444444444	179.3	164.45000000000002	113.30000000000001	206.8	192.50000000000003	181.50000000000003	1350.0
4481.0	159.6535910435151	134.9921208280524	81.44414871144907	133.10000000000002	111.10000000000001	77.0	176.55	172.70000000000002	87.45	2367.0
4482.0	151.58321858864053	146.32839931153185	83.73631669535284	133.10000000000002	114.95	79.75	177.65	167.20000000000002	87.45	581.0
4483.0	104.51375000000004	103.46531250000001	233.31229166666668	94.60000000000001	83.05000000000001	226.60000000000002	127.05000000000001	113.30000000000001	238.15	480.0
4484.0	176.95027359781136	114.27284541723667	82.46915184678524	170.5	111.10000000000001	76.45	181.50000000000003	117.15	86.35000000000001	731.0
4485.0	111.54452054794517	95.96746575342469	229.09509132420092	67.65	52.800000000000004	221.65	147.95000000000002	141.9	237.05	438.0
4486.0	145.2056896551727	124.14922413793103	260.6468965517241	130.9	107.25000000000001	250.25000000000003	169.95000000000002	144.65	267.3	580.0
4487.0	157.82110894941613	138.44965953307394	83.91352140077821	128.15	107.25000000000001	79.2	180.95000000000002	179.85000000000002	87.45	1028.0
4488.0	164.49911627907	138.84251162790702	222.53562790697677	133.65	107.80000000000001	110.00000000000001	217.8	177.65	267.3	2150.0
4489.0	167.83557536466785	113.13687196110213	251.88395461912484	161.15	109.45	247.50000000000003	173.8	116.05000000000001	256.3	617.0
4490.0	175.94753846153844	159.0371538461538	97.19853846153848	127.60000000000001	110.00000000000001	75.9	213.95000000000002	198.55	120.45	1300.0
4491.0	151.69205043859654	138.67327302631563	144.2061403508772	125.95000000000002	108.35000000000001	75.9	178.20000000000002	177.10000000000002	264.55	1824.0
4492.0	203.67996323529448	179.60229779411776	147.32265625000002	195.8	169.95000000000002	139.70000000000002	213.4	190.3	155.10000000000002	2176.0
4493.0	201.92986798679877	178.24447194719494	153.175	198.00000000000003	175.45000000000002	149.60000000000002	205.70000000000002	182.60000000000002	156.75	606.0
4494.0	185.28107416879791	154.79100596760443	134.70498721227625	167.75	145.75	131.45000000000002	193.60000000000002	174.9	138.05	1173.0
4495.0	177.42617586912073	165.22494887525542	133.61007157464215	162.8	149.60000000000002	130.35000000000002	194.70000000000002	180.95000000000002	136.4	978.0
4496.0	182.6634615384617	165.0740384615385	117.18426923076923	174.35000000000002	157.3	112.2	189.75000000000003	173.25	124.30000000000001	1300.0
4497.0	182.24705882352924	166.53823529411778	127.36617647058823	176.0	161.15	124.30000000000001	188.10000000000002	170.5	130.35000000000002	374.0
4498.0	180.91121794871785	168.35641025641027	144.95007122507124	156.20000000000002	147.95000000000002	136.95000000000002	191.95000000000002	176.55	150.70000000000002	1404.0
4499.0	168.96704957678352	158.10804111245483	145.4347642079807	157.85000000000002	142.45000000000002	140.8	187.55	172.15	149.05	2481.0
4500.0	176.14131446658035	156.22160677713606	144.18437907279838	161.70000000000002	144.65	139.15	188.10000000000002	168.3	147.95000000000002	5371.0
4501.0	177.45454545454578	160.1989510489512	126.875	170.5	154.0	123.20000000000002	183.70000000000002	167.20000000000002	132.0	3146.0
4502.0	193.8083294555607	168.08552815262908	108.05772452303397	182.60000000000002	158.95000000000002	79.75	207.9	178.75000000000003	136.95000000000002	2149.0
4503.0	177.53247324159008	161.50699541284422	138.74864296636085	156.20000000000002	138.60000000000002	133.10000000000002	199.10000000000002	187.00000000000003	145.20000000000002	2616.0
4504.0	180.4921559905101	165.66613285883716	142.27270166073544	157.85000000000002	143.0	134.75	202.4	186.45000000000002	147.4	3372.0
4505.0	175.005629139073	156.69981604120687	96.53208241353936	161.70000000000002	144.65	92.95	184.25000000000003	171.05	101.75000000000001	1359.0
4506.0	166.68303303303298	187.74489489489494	105.23168168168169	161.15	183.70000000000002	100.65	173.25	191.4	110.55000000000001	333.0
4507.0	180.84947320201547	170.78595968850178	94.40071003206599	160.05	141.35000000000002	88.0	203.50000000000003	193.05	101.75000000000001	2183.0
4508.0	196.32840646651238	182.29705542725154	101.69411085450348	185.9	165.55	90.2	208.45000000000002	190.85000000000002	110.00000000000001	1732.0
4509.0	204.11305114638446	182.76393298059963	107.25000000000001	200.20000000000002	177.10000000000002	103.95	206.8	185.9	110.00000000000001	567.0
4510.0	181.04302670623142	163.54910979228492	131.4614243323442	174.35000000000002	155.65	127.05000000000001	186.45000000000002	170.5	134.75	337.0
4511.0	177.15051940951327	160.20727173318738	124.1273920174959	168.85000000000002	152.9	117.7	187.00000000000003	170.5	132.55	1829.0
4512.0	179.7747023809526	158.83568948412687	133.58643353174602	173.8	151.8	129.25	185.35000000000002	166.65	139.15	2016.0
4513.0	179.25602791878174	164.65729695431466	141.78972081218274	166.65	156.75	136.95000000000002	188.65	172.15	146.3	788.0
4514.0	182.84924471299092	163.06503021148012	127.65358761329307	176.55	157.3	116.60000000000001	187.00000000000003	168.3	132.55	1324.0
4515.0	183.29417475728167	165.91666666666663	119.27390776699028	174.9	157.85000000000002	112.2	188.10000000000002	172.15	127.60000000000001	1236.0
4516.0	181.09511873350897	144.72691292875987	77.37005277044855	178.75000000000003	141.35000000000002	74.80000000000001	184.25000000000003	147.95000000000002	79.75	379.0
4517.0	175.15377516778545	155.00310402684565	123.96593959731545	165.55	149.60000000000002	119.35000000000001	182.05	165.55	130.9	596.0
4518.0	173.0780991735534	157.84090909090943	132.08429752066118	167.75	151.8	129.25	177.65	163.35000000000002	137.5	1331.0
4519.0	179.75021717340525	162.2902439024395	122.17056465085197	172.70000000000002	156.20000000000002	117.15	184.8	168.3	130.9	2993.0
4520.0	175.26273865082737	157.7251007636829	139.5312897751379	165.0	148.5	132.0	183.70000000000002	168.85000000000002	145.75	9428.0
4521.0	177.98635634028884	159.6421348314608	136.44590690208668	157.3	146.3	130.35000000000002	201.3	171.05	143.55	1246.0
4522.0	176.21600524148266	158.83489329839023	138.77441033320855	158.4	139.70000000000002	133.10000000000002	195.8	180.95000000000002	143.55	2671.0
4523.0	160.7723175965666	149.9072603719598	127.92535765379118	152.35000000000002	141.9	121.55000000000001	169.4	157.3	135.85000000000002	1398.0
4524.0	161.10039556962036	148.29897151898774	123.73346518987343	156.20000000000002	143.0	121.00000000000001	165.0	152.35000000000002	126.50000000000001	632.0
4525.0	162.1984101748808	175.4054054054054	134.8610492845787	157.85000000000002	169.4	131.45000000000002	165.0	183.15	138.05	629.0
4526.0	191.5956616052061	189.08665943600883	116.82548806941433	184.8	186.45000000000002	112.75000000000001	195.8	191.95000000000002	120.45	461.0
4527.0	197.59106344950857	180.9775245755137	117.75603217158178	189.20000000000002	170.5	110.00000000000001	205.15	189.75000000000003	125.95000000000002	1119.0
4528.0	200.35921052631568	177.01254199328108	101.033398656215	184.8	163.35000000000002	88.55000000000001	213.95000000000002	190.85000000000002	107.80000000000001	1786.0
4529.0	200.33692756036623	180.4776228143214	106.81219816819318	193.05	173.25	90.2	209.55	189.20000000000002	139.15	2402.0
4530.0	174.32853658536595	172.1144512195122	103.40871951219513	170.5	167.75	99.55000000000001	178.20000000000002	176.55	108.9	820.0
4531.0	190.0058678847505	171.08053408292298	109.5468200983837	182.60000000000002	162.8	102.85000000000001	195.25000000000003	178.20000000000002	115.50000000000001	2846.0
4532.0	170.74471910112368	155.51528089887674	122.20052434456929	165.0	150.15	117.7	177.10000000000002	165.55	126.50000000000001	1335.0
4533.0	177.63200492004924	161.13132841328402	105.72380073800738	169.95000000000002	154.0	90.2	187.55	169.95000000000002	121.00000000000001	4065.0
4534.0	164.74326568265695	146.6226937269373	147.20212177121772	160.05	142.45000000000002	143.55	174.35000000000002	151.25	151.8	542.0
4535.0	188.28936899862825	167.68662551440335	145.14567901234568	182.05	155.10000000000002	142.45000000000002	191.95000000000002	173.8	149.05	729.0
4536.0	184.01558620689656	165.98184482758626	142.43122413793105	168.85000000000002	154.55	138.60000000000002	189.75000000000003	173.25	147.4	2900.0
4537.0	175.1266068262413	153.68916223404278	146.925820035461	160.05	141.35000000000002	143.0	187.55	168.3	153.45000000000002	4512.0
4538.0	172.77094913476674	151.01422391190337	149.9365757734662	160.60000000000002	143.0	147.4	184.8	160.60000000000002	154.0	3814.0
4539.0	172.91425178147256	154.16748218527368	147.74619952494064	161.70000000000002	145.20000000000002	145.75	183.15	162.8	150.70000000000002	2105.0
4540.0	182.4713930348259	173.76032338308465	146.35130597014927	173.8	168.85000000000002	143.55	191.4	177.65	150.15	804.0
4541.0	192.36894803548833	173.025306294888	53.70830164765526	184.8	166.65	50.050000000000004	199.65	177.65	59.400000000000006	2367.0
4542.0	202.47039999999998	182.71880000000007	78.36488	198.00000000000003	178.75000000000003	74.25	205.70000000000002	185.9	82.5	625.0
4543.0	188.00083643122701	147.43475836431244	135.66359975216852	181.50000000000003	140.8	130.9	193.05	154.55	141.35000000000002	1614.0
4544.0	174.02960596379154	170.23173588924402	137.35825346112887	165.0	147.95000000000002	134.20000000000002	193.05	179.85000000000002	140.8	939.0
4545.0	203.50036569148943	175.78936170212776	103.21459441489363	187.55	164.45000000000002	94.05000000000001	215.60000000000002	191.95000000000002	110.55000000000001	1504.0
4546.0	200.86264	175.0381600000002	114.00576000000001	191.4	168.3	108.9	209.00000000000003	189.75000000000003	120.45	625.0
4547.0	200.60385714285707	181.14642857142866	108.03650000000002	196.35000000000002	176.0	102.85000000000001	205.70000000000002	185.35000000000002	113.85000000000001	1400.0
4548.0	192.5790199809707	170.4900570884872	109.34167459562322	173.25	155.10000000000002	103.95	205.70000000000002	189.75000000000003	115.50000000000001	1051.0
4549.0	202.85490654205617	181.6419976635516	113.22867990654207	198.55	172.15	110.00000000000001	207.9	187.00000000000003	117.15	856.0
4550.0	178.62021829521777	158.8642411642407	124.05453915453914	153.45000000000002	134.75	119.35000000000001	199.65	183.70000000000002	131.45000000000002	2886.0
4551.0	186.04121621621627	168.11047297297296	114.3739864864865	171.60000000000002	154.55	112.2	196.9	182.60000000000002	116.05000000000001	148.0
4552.0	182.7331508515816	165.7048965936737	111.13445863746959	173.25	153.45000000000002	103.4	190.85000000000002	176.55	130.9	1644.0
4553.0	177.2305809698077	164.7529277218662	111.28543000914914	167.75	153.45000000000002	102.85000000000001	187.55	175.45000000000002	127.05000000000001	2186.0
4554.0	173.4355536332182	155.98447231833921	127.31072664359866	167.20000000000002	149.60000000000002	124.85000000000001	179.85000000000002	163.9	131.45000000000002	1156.0
4555.0	172.70632845188314	163.08017782426796	124.96391213389126	166.65	150.70000000000002	116.05000000000001	179.3	169.95000000000002	133.10000000000002	956.0
4556.0	181.66483180428142	163.6743374108054	105.75838430173293	177.10000000000002	157.3	101.75000000000001	186.45000000000002	168.85000000000002	109.45	1962.0
4557.0	170.8022613065327	149.75075376884422	145.078391959799	155.65	137.5	140.25	183.15	167.20000000000002	151.25	2189.0
4558.0	173.8270797962648	158.58115449915115	60.42529711375212	149.60000000000002	132.55	47.300000000000004	195.25000000000003	178.20000000000002	75.9	589.0
4559.0	193.17335581787526	174.90649241146707	102.31762225969646	185.35000000000002	169.4	74.80000000000001	200.75000000000003	180.4	133.10000000000002	593.0
4560.0	190.40133614627266	172.92278481012653	116.43445850914205	177.65	158.95000000000002	111.65	200.75000000000003	185.9	120.45	711.0
4561.0	196.25139309509373	181.707207752877	108.83104179285283	186.45000000000002	168.3	100.65	206.8	191.4	120.45	1651.0
4562.0	200.60455749867512	179.29300476947523	107.55341812400637	183.70000000000002	163.9	100.10000000000001	212.3	190.85000000000002	114.4	1887.0
4563.0	185.29111111111104	163.68388888888884	80.30222222222221	165.55	149.05	58.300000000000004	192.50000000000003	172.70000000000002	121.55000000000001	990.0
4564.0	178.77583892617443	160.46957494407172	119.56040268456377	167.75	149.60000000000002	116.60000000000001	187.55	175.45000000000002	122.10000000000001	447.0
4565.0	186.19588607594943	170.7915348101266	62.44849683544302	182.60000000000002	167.20000000000002	58.85	188.65	174.9	67.65	632.0
4566.0	184.4227867015319	149.3020918939106	128.38524467687708	157.3	138.05	124.30000000000001	198.55	177.65	133.65	2677.0
4567.0	191.5102215508562	169.7428499496475	112.52567975830816	179.3	157.3	109.45	201.3	184.25000000000003	116.05000000000001	993.0
4568.0	194.47851351351358	169.2483783783784	112.00081081081083	183.15	162.25	109.45	200.20000000000002	182.60000000000002	114.4	370.0
4569.0	179.85647058823528	165.98424836601302	115.25555555555556	173.8	156.20000000000002	108.9	187.55	172.70000000000002	126.50000000000001	765.0
4570.0	179.11353944562902	163.67835820895522	112.62158848614074	172.70000000000002	158.4	108.9	186.45000000000002	171.05	117.15	938.0
4571.0	182.66342446547517	165.414668769716	116.84290220820192	176.0	158.4	110.55000000000001	188.65	171.05	126.50000000000001	2853.0
4572.0	158.31585365853618	148.04463414634117	127.67902439024394	150.70000000000002	139.70000000000002	121.00000000000001	165.55	156.75	134.20000000000002	2255.0
4573.0	154.76527149321285	151.0820135746605	130.6822398190045	150.70000000000002	146.3	128.15	157.85000000000002	155.65	134.20000000000002	442.0
4574.0	161.53761904761916	146.2202645502649	126.26021164021164	155.10000000000002	138.05	123.20000000000002	167.20000000000002	153.45000000000002	129.25	945.0
4575.0	195.7569170865781	169.69150251946883	139.4268896014659	174.9	155.65	134.75	210.65	190.3	143.0	2183.0
4576.0	177.02033158813273	164.3376963350788	120.43176265270507	154.0	136.4	115.50000000000001	197.45000000000002	185.35000000000002	127.05000000000001	573.0
4577.0	183.84043743641917	147.54659206510672	98.07736520854529	173.25	138.60000000000002	78.65	189.20000000000002	157.3	119.35000000000001	983.0
4578.0	177.32806122448991	160.67857142857125	113.94081632653062	169.4	153.45000000000002	107.25000000000001	185.9	173.25	121.00000000000001	1078.0
4579.0	167.82906683480462	155.10624211853718	107.33392181588904	149.05	130.35000000000002	103.95	189.75000000000003	181.50000000000003	111.65	793.0
4580.0	188.68802745297435	182.829003558719	139.0092145399085	179.3	162.8	135.3	210.65	196.9	143.55	3934.0
4581.0	205.239364207221	157.74379905808496	134.33210361067506	197.45000000000002	150.70000000000002	124.30000000000001	211.20000000000002	163.9	140.8	2548.0
4582.0	170.66433886662855	160.45643961076107	81.22684602175158	150.15	146.3	69.85000000000001	187.00000000000003	178.20000000000002	113.30000000000001	1747.0
4583.0	174.38087719298255	157.66730994152027	133.24087719298245	165.55	149.60000000000002	129.25	182.05	166.65	138.05	855.0
4584.0	174.82315369261465	161.74500998003992	131.82215568862276	167.20000000000002	151.8	128.70000000000002	183.70000000000002	168.85000000000002	135.3	501.0
4585.0	178.76374999999987	154.5172115384616	126.05153846153847	158.4	139.70000000000002	123.20000000000002	190.3	177.10000000000002	128.70000000000002	520.0
4586.0	153.3296874999999	168.6532986111111	150.8441840277778	149.60000000000002	165.0	148.5	157.3	172.15	152.9	576.0
4587.0	183.75409305064807	160.68324499411074	150.81919905771497	172.15	133.10000000000002	145.20000000000002	192.50000000000003	179.85000000000002	157.85000000000002	1698.0
4588.0	176.38544474393527	138.34204851752023	147.90774932614556	170.5	134.75	143.55	182.60000000000002	141.9	154.0	742.0
4589.0	170.13268977621786	149.32125932426504	148.24056603773587	154.0	136.4	143.0	184.8	167.75	154.0	2279.0
4590.0	177.3952047111612	164.82540661805967	86.76920919798093	157.85000000000002	133.65	79.2	200.20000000000002	189.75000000000003	95.15	1783.0
4591.0	180.76121107266414	131.22657439446368	130.058062283737	175.45000000000002	127.05000000000001	123.75000000000001	185.35000000000002	136.4	139.15	1445.0
4592.0	189.50963476070527	171.43098236775828	116.65264483627205	185.9	167.20000000000002	111.10000000000001	192.50000000000003	176.55	121.00000000000001	794.0
4593.0	190.42862013638162	173.26853188929044	100.97629362214201	182.60000000000002	166.65	73.7	198.00000000000003	180.95000000000002	116.05000000000001	2493.0
4594.0	187.86097560975617	170.69024390243885	73.23902439024391	184.25000000000003	167.75	70.4	190.85000000000002	173.8	75.35000000000001	451.0
4595.0	173.6550478214666	164.42837407013795	130.02736450584484	163.9	159.5	105.60000000000001	185.9	173.25	142.45000000000002	941.0
4596.0	174.2047390841321	153.1899361022368	120.93381256656018	155.10000000000002	136.95000000000002	116.60000000000001	183.70000000000002	171.60000000000002	125.4	939.0
4597.0	178.47924211938286	162.43775989268934	108.96824279007379	171.60000000000002	154.55	101.2	188.10000000000002	172.15	114.95	1491.0
4598.0	179.9117831893167	167.96170463472106	115.65078554595443	175.45000000000002	163.9	106.7	184.8	171.60000000000002	123.75000000000001	1273.0
4599.0	149.1317361111112	156.9944444444443	88.76159722222224	141.9	123.20000000000002	84.7	174.35000000000002	168.3	93.50000000000001	720.0
4600.0	181.66923076923072	129.80899038461538	115.34346153846155	176.55	124.85000000000001	109.45	187.55	135.3	121.00000000000001	1040.0
4601.0	202.10614425645596	149.32083704363293	128.44238646482634	197.45000000000002	145.75	123.75000000000001	207.35000000000002	152.9	135.3	1123.0
4602.0	198.81408730158736	156.62559523809526	106.0015873015873	197.45000000000002	151.8	102.30000000000001	200.20000000000002	161.70000000000002	110.55000000000001	252.0
4603.0	169.94826717076236	158.08947700062996	107.08815374921237	149.60000000000002	130.35000000000002	101.75000000000001	193.05	183.70000000000002	112.2	1587.0
4604.0	165.45142857142878	180.3285714285715	88.80333333333334	147.95000000000002	168.85000000000002	81.4	189.20000000000002	188.65	94.60000000000001	1155.0
4605.0	176.76315417256018	158.0864922206505	78.70289957567186	159.5	144.10000000000002	74.80000000000001	189.75000000000003	176.0	81.4	707.0
4606.0	172.08282442748077	154.59018538713212	115.55517993456925	168.85000000000002	149.60000000000002	111.65	175.45000000000002	158.95000000000002	119.9	917.0
4607.0	177.78412362404723	161.5509737510584	120.07044877222692	154.55	140.25	116.05000000000001	196.35000000000002	183.15	123.75000000000001	1181.0
4608.0	183.53309248554922	149.5825144508671	129.62514450867056	179.3	146.3	127.60000000000001	188.10000000000002	152.35000000000002	132.55	346.0
4609.0	187.99127234490027	170.51995268138822	127.13501577287066	173.25	157.85000000000002	118.80000000000001	200.20000000000002	182.60000000000002	132.55	1902.0
4610.0	180.47014388489228	171.7093525179854	85.26007194244605	171.05	149.60000000000002	80.30000000000001	196.35000000000002	184.25000000000003	90.75000000000001	1529.0
4611.0	190.83275862068982	171.37586206896557	130.39827586206897	187.55	166.65	126.50000000000001	193.60000000000002	174.9	133.10000000000002	319.0
4612.0	172.37247191011227	168.70056179775273	103.07191011235956	157.3	158.4	61.60000000000001	195.25000000000003	178.75000000000003	136.95000000000002	979.0
4613.0	172.00068212824007	150.23178717598898	75.09413369713508	156.20000000000002	127.05000000000001	70.95	185.35000000000002	183.15	79.2	733.0
4614.0	176.66273291925478	142.90520186335408	73.31312111801243	172.70000000000002	138.05	68.2	180.95000000000002	147.4	75.9	644.0
4615.0	194.99668769716112	150.24079915878045	120.27476340694007	165.0	135.3	117.15	207.9	189.75000000000003	125.95000000000002	951.0
4616.0	187.7161136107986	167.3642575928009	119.78616422947132	166.10000000000002	147.95000000000002	112.75000000000001	204.05	188.65	127.05000000000001	1778.0
4617.0	171.4683996241784	151.13631381146305	93.4600375822111	146.85000000000002	128.15	79.2	192.50000000000003	189.20000000000002	108.35000000000001	3193.0
4618.0	175.0003608247422	148.30126288659804	77.33311855670102	152.9	134.75	73.7	186.45000000000002	174.35000000000002	81.4	1940.0
4619.0	179.87598425196836	156.7820472440945	82.38047244094489	162.25	130.35000000000002	77.0	196.35000000000002	189.75000000000003	87.45	635.0
4620.0	173.4176950998187	160.8761645493046	83.96300665456745	154.0	135.3	78.10000000000001	194.70000000000002	185.35000000000002	114.4	1653.0
4621.0	178.85890788747884	161.94253998896835	109.69451185879757	168.85000000000002	152.9	100.10000000000001	190.85000000000002	173.25	133.10000000000002	3626.0
4622.0	180.26657566302632	163.13849453978173	114.90452418096724	161.70000000000002	148.5	80.85000000000001	196.35000000000002	178.20000000000002	131.45000000000002	2564.0
4623.0	182.25326086956497	165.8791427399511	91.61312551271536	163.9	147.95000000000002	84.15	190.85000000000002	173.8	101.75000000000001	2438.0
4624.0	177.60928571428553	163.4285714285717	122.7357142857143	157.85000000000002	138.60000000000002	117.7	197.45000000000002	182.05	128.70000000000002	1540.0
4625.0	190.3358925143953	146.59769673704415	124.03291746641078	186.45000000000002	140.25	121.00000000000001	193.60000000000002	150.70000000000002	127.05000000000001	521.0
4626.0	183.44924516908222	144.87318840579712	123.38134057971017	152.35000000000002	129.25	120.45	196.35000000000002	182.05	125.95000000000002	1656.0
4627.0	189.41334519572965	173.14332740213524	121.22900355871887	178.20000000000002	159.5	117.7	201.3	187.00000000000003	125.4	562.0
4628.0	190.73647851727054	172.51651221566974	61.0073715248526	180.4	162.8	55.550000000000004	196.9	179.3	66.55000000000001	1187.0
4629.0	180.94492827868893	154.29106045081915	82.34728483606557	165.55	128.15	73.7	199.10000000000002	185.9	95.15	1952.0
4630.0	147.4892251815982	167.93777239709456	87.88280871670703	145.20000000000002	163.35000000000002	83.60000000000001	150.15	171.05	91.85000000000001	413.0
4631.0	168.05496551724178	150.5376551724138	76.38931034482759	145.75	127.60000000000001	71.5	191.4	178.75000000000003	81.4	725.0
4632.0	188.7520532319391	170.9960456273765	71.7371482889734	176.0	155.65	68.2	197.45000000000002	183.15	75.35000000000001	1315.0
4633.0	182.47654521795735	168.47212101496436	79.44440468445023	146.3	147.95000000000002	72.05000000000001	200.75000000000003	188.10000000000002	90.75000000000001	1537.0
4634.0	167.80025862068962	155.1540517241379	79.41399425287358	146.3	128.15	74.25	192.50000000000003	186.45000000000002	85.80000000000001	1740.0
4635.0	158.93442118226608	169.5822044334977	78.19211822660098	149.05	134.20000000000002	74.80000000000001	190.3	182.05	83.05000000000001	812.0
4636.0	172.04628154050454	172.04335989375824	76.59023904382471	156.75	139.70000000000002	74.25	195.25000000000003	186.45000000000002	80.30000000000001	753.0
4637.0	180.47179802955648	157.2236863711001	75.50533661740559	158.4	133.65	72.60000000000001	194.15	185.9	79.2	1218.0
4638.0	171.94841101694917	164.25889830508467	75.4583686440678	155.10000000000002	135.3	73.7	193.05	182.60000000000002	77.55000000000001	472.0
4639.0	185.052435897436	135.70403846153846	78.06826923076925	180.4	131.45000000000002	74.80000000000001	190.85000000000002	141.9	81.95	780.0
4640.0	179.81597038603925	157.63447911158133	104.44590163934427	156.20000000000002	134.75	96.25000000000001	199.10000000000002	184.8	114.95	1891.0
4641.0	182.18811659192815	172.3201793721977	100.20543721973094	159.5	142.45000000000002	91.30000000000001	207.35000000000002	193.05	109.45	892.0
4642.0	169.56085568326958	165.7621328224777	78.15935504469988	152.35000000000002	136.95000000000002	73.15	194.15	185.35000000000002	82.5	1566.0
4643.0	175.0851986434111	159.74355620155058	78.17141472868218	157.3	136.95000000000002	74.80000000000001	190.85000000000002	182.05	81.4	2064.0
4644.0	193.91362683438166	176.2502096436058	117.72911425576518	183.70000000000002	171.05	107.25000000000001	199.10000000000002	180.95000000000002	133.65	1908.0
4645.0	180.7925142665324	165.85740181268918	91.07531050688151	167.20000000000002	153.45000000000002	79.75	190.3	173.8	105.60000000000001	2979.0
4646.0	175.58362068965533	175.18362068965516	98.24827586206897	159.5	143.55	94.05000000000001	202.95000000000002	190.3	101.75000000000001	638.0
4647.0	159.07358997314248	146.25937779767193	145.77412712623098	151.8	139.70000000000002	142.45000000000002	173.25	155.65	150.15	2234.0
4648.0	188.4766455696201	173.42822784810102	123.16936708860761	174.9	158.4	117.15	204.05	187.55	128.70000000000002	790.0
4649.0	161.54884526558874	146.0866050808314	83.38724018475752	144.65	128.70000000000002	80.85000000000001	176.55	171.60000000000002	88.0	866.0
4650.0	181.77429305912594	173.46208226221086	71.43778920308483	148.5	160.05	66.55000000000001	195.25000000000003	180.4	77.0	1167.0
4651.0	178.73841059602688	167.11556291390718	88.66523178807947	152.35000000000002	135.3	74.80000000000001	206.8	193.60000000000002	107.25000000000001	1661.0
4652.0	194.81472819216174	165.13975979772437	102.27566371681417	169.4	146.85000000000002	96.80000000000001	210.10000000000002	191.95000000000002	107.25000000000001	791.0
4653.0	193.0430084745763	165.95317796610178	105.97870762711867	171.60000000000002	149.05	101.75000000000001	207.9	190.3	110.00000000000001	472.0
4654.0	171.5890918580376	178.55652400835095	119.59744258872654	160.60000000000002	145.20000000000002	114.4	200.75000000000003	188.10000000000002	125.4	958.0
4655.0	167.791576673866	174.09460043196555	107.95620950323975	154.0	134.75	100.10000000000001	191.4	188.10000000000002	114.4	926.0
4656.0	154.46727642276431	180.20772357723578	105.03434959349595	152.35000000000002	178.75000000000003	100.10000000000001	156.75	181.50000000000003	110.00000000000001	246.0
4657.0	179.66892725030812	173.52872996300835	109.80604192355118	161.70000000000002	142.45000000000002	103.4	202.4	189.20000000000002	113.85000000000001	811.0
4658.0	178.01901709401707	161.34978632478635	107.47094017094018	155.65	137.5	105.05000000000001	200.20000000000002	187.55	112.75000000000001	468.0
4659.0	191.75827725437426	164.27974427994613	110.35087483176314	170.5	147.95000000000002	102.85000000000001	204.60000000000002	187.55	114.4	743.0
4660.0	183.24253968253973	132.7752380952381	90.24365079365079	179.85000000000002	129.8	86.35000000000001	186.45000000000002	135.3	94.60000000000001	315.0
4661.0	188.5062945368172	176.56437054631792	99.0940617577197	175.45000000000002	152.35000000000002	91.85000000000001	204.60000000000002	191.4	107.25000000000001	842.0
4662.0	187.3510365379632	168.84472661311256	92.88016325472924	150.15	132.0	83.05000000000001	204.60000000000002	190.85000000000002	101.75000000000001	3859.0
4663.0	167.88934707903744	147.6317869415803	130.0876288659794	147.4	128.70000000000002	124.85000000000001	184.25000000000003	176.0	139.15	3201.0
4664.0	160.78250377073925	147.94253393665176	130.51259426847665	149.60000000000002	135.85000000000002	127.05000000000001	172.15	160.60000000000002	134.75	663.0
4665.0	158.74302461899177	141.94126611957773	53.860668229777275	146.3	131.45000000000002	47.300000000000004	168.85000000000002	158.4	62.7	853.0
4666.0	155.2854166666667	145.36250000000004	57.231249999999974	146.3	132.55	51.7	167.20000000000002	156.20000000000002	61.60000000000001	528.0
4667.0	190.69237618252657	171.7585420144686	123.10328324986088	178.75000000000003	159.5	118.25000000000001	201.3	186.45000000000002	127.60000000000001	1797.0
4668.0	175.79658119658137	163.09729344729365	95.5837606837607	158.95000000000002	140.8	89.65	197.45000000000002	186.45000000000002	103.95	3861.0
4669.0	166.00000000000017	150.7650793650793	82.99761904761907	151.25	145.75	67.65	178.75000000000003	154.0	96.80000000000001	693.0
4670.0	170.16724617524363	163.6743393602224	57.56488178025035	148.5	157.85000000000002	51.150000000000006	184.8	168.3	66.55000000000001	719.0
4671.0	163.19074784276106	155.99487056567605	67.44117929050815	151.8	138.60000000000002	62.150000000000006	181.50000000000003	165.0	75.9	2086.0
4672.0	163.08471302428245	161.62229580573938	71.6062362030905	150.15	144.10000000000002	66.0	183.15	172.15	76.45	906.0
4673.0	188.8026942600545	166.76296368606006	99.73254588051543	176.0	155.10000000000002	93.50000000000001	199.65	183.15	107.80000000000001	2561.0
4674.0	184.48828596037913	164.44810508182624	105.5374677002584	166.65	148.5	99.00000000000001	200.20000000000002	184.8	109.45	1161.0
4675.0	169.9711299435027	156.39576271186408	124.7424858757062	161.70000000000002	147.95000000000002	120.45	178.20000000000002	165.55	128.15	885.0
4676.0	195.6065326633167	175.95716080402016	128.89484924623113	191.4	172.15	127.05000000000001	199.65	179.85000000000002	130.9	398.0
4677.0	181.45713817943687	161.28110674525217	94.28808120497709	167.20000000000002	129.25	73.7	196.35000000000002	183.15	123.75000000000001	1527.0
4678.0	177.18508287292838	165.68636049723762	73.33725828729284	157.3	136.95000000000002	69.85000000000001	195.8	187.00000000000003	77.55000000000001	1448.0
4679.0	190.12581755593794	140.84543889845105	72.74862306368333	184.8	134.20000000000002	70.95	194.70000000000002	148.5	74.25	581.0
4680.0	170.06807155852013	166.27377198302068	100.1470285021225	150.70000000000002	134.20000000000002	95.15	196.35000000000002	188.10000000000002	105.05000000000001	1649.0
4681.0	189.6164810690425	157.46475501113548	114.85077951002229	161.70000000000002	139.15	110.55000000000001	202.4	185.9	118.80000000000001	898.0
4682.0	202.51627516778527	149.7125838926177	119.5031879194631	195.8	145.75	116.60000000000001	209.00000000000003	152.35000000000002	122.65	596.0
4683.0	199.51654411764707	152.10330882352957	115.85183823529412	196.9	146.85000000000002	113.30000000000001	202.95000000000002	158.4	118.25000000000001	272.0
4684.0	191.79931506849323	173.60461187214614	120.04114155251142	184.25000000000003	166.65	115.50000000000001	198.00000000000003	181.50000000000003	125.4	1095.0
4685.0	191.60293103448282	173.60465517241397	120.0744827586207	184.25000000000003	162.8	117.7	198.00000000000003	183.15	122.65	290.0
4686.0	176.07058417663288	160.84362925482992	97.55112695492174	160.60000000000002	145.75	85.80000000000001	193.05	174.9	108.35000000000001	2174.0
4687.0	172.09603773584885	158.67769811320764	83.55641509433964	161.70000000000002	149.60000000000002	73.15	187.55	169.95000000000002	91.30000000000001	1325.0
4688.0	173.88593749999987	159.91495535714301	79.83470982142858	167.75	152.35000000000002	77.55000000000001	180.4	165.55	81.95	448.0
4689.0	178.96541666666656	160.27583333333376	88.11583333333336	166.10000000000002	147.95000000000002	84.15	189.20000000000002	173.8	91.30000000000001	1320.0
4690.0	178.8852083333334	164.19562499999995	56.14736111111112	174.35000000000002	161.15	50.050000000000004	183.15	166.65	61.050000000000004	720.0
4691.0	157.01152737752167	156.8601585014407	63.18105187319887	146.85000000000002	135.3	58.300000000000004	175.45000000000002	167.75	67.10000000000001	694.0
4692.0	167.60320733104234	152.48986254295522	61.47305269186713	152.9	133.65	56.1	179.85000000000002	166.65	69.30000000000001	1746.0
4693.0	178.7744546979866	164.97785234899345	129.0626677852349	155.10000000000002	154.55	113.85000000000001	189.75000000000003	177.65	135.85000000000002	1192.0
4694.0	176.561743772242	152.09065836298933	111.86921708185055	150.70000000000002	133.10000000000002	108.9	193.60000000000002	183.15	114.95	562.0
4695.0	159.80340163934417	147.8237704918034	119.11512295081968	151.8	139.70000000000002	114.4	165.55	154.0	124.85000000000001	1220.0
4696.0	182.3671835708297	162.40905280804685	104.86881810561611	172.70000000000002	140.8	88.55000000000001	195.25000000000003	181.50000000000003	137.5	1193.0
4697.0	185.94141176470606	134.48858823529415	72.20400000000001	179.85000000000002	128.15	69.30000000000001	193.05	144.10000000000002	75.35000000000001	425.0
4698.0	191.0593129361244	171.9687332259792	68.61833064949008	177.10000000000002	154.0	63.25000000000001	198.55	184.25000000000003	73.7	1863.0
4699.0	196.5585688240656	175.00628988149495	71.44986326344578	191.4	161.15	64.9	201.85000000000002	183.15	78.10000000000001	1097.0
4700.0	173.49801670146147	156.20612386917182	43.55869867780098	160.05	140.8	36.85	183.70000000000002	167.20000000000002	52.800000000000004	1437.0
4701.0	173.66891191709834	157.14041450777205	51.2772884283247	163.35000000000002	147.95000000000002	43.45	183.15	166.10000000000002	58.300000000000004	579.0
4702.0	180.42198429693102	165.9233404710917	98.79703783012135	156.20000000000002	132.55	91.85000000000001	206.25000000000003	195.25000000000003	106.7	1401.0
4703.0	188.68000000000052	152.08785714285716	115.50714285714287	160.60000000000002	125.95000000000002	107.80000000000001	204.60000000000002	188.10000000000002	120.45	1540.0
4704.0	193.21820388349516	147.91529126213615	108.26767799352751	164.45000000000002	132.0	102.85000000000001	205.15	189.20000000000002	113.30000000000001	1236.0
4705.0	187.8391025641026	164.97993096646957	106.81119329388561	156.75	144.65	97.35000000000001	204.60000000000002	188.65	114.4	1014.0
4706.0	174.86983122362884	188.07679324894517	102.3510548523207	169.95000000000002	186.45000000000002	97.9	179.3	189.75000000000003	106.15	237.0
4707.0	178.25722354340073	164.64096313912003	89.56334720570754	148.5	136.95000000000002	82.5	201.85000000000002	188.65	95.15	1682.0
4708.0	165.931625207297	150.6233830845771	95.02650082918743	154.55	140.25	72.05000000000001	174.35000000000002	158.95000000000002	108.9	3015.0
4709.0	164.791621129326	151.47340619307846	89.57085610200365	160.60000000000002	148.5	83.60000000000001	169.95000000000002	155.65	92.95	549.0
4710.0	178.38364565587733	162.37461669505967	79.12223168654174	163.9	150.15	74.25	184.8	169.4	85.80000000000001	587.0
4711.0	178.4899832355408	163.30297569153382	60.4677284157586	172.70000000000002	157.85000000000002	56.1	183.70000000000002	169.4	63.800000000000004	1193.0
4712.0	170.5566063977746	158.81689847009747	90.09214186369958	165.0	150.70000000000002	85.25	182.60000000000002	167.75	96.80000000000001	719.0
4713.0	171.9568865179436	159.8286129970906	89.09946653734241	165.55	150.15	85.80000000000001	183.70000000000002	174.35000000000002	92.95	2062.0
4714.0	180.32752707581224	153.92951263537915	96.94196750902528	174.9	150.15	93.50000000000001	184.25000000000003	158.4	100.10000000000001	554.0
4715.0	185.11895910780677	163.6730483271375	102.47021375464685	158.95000000000002	141.35000000000002	98.45	204.05	188.65	106.7	1076.0
4716.0	181.42802173913037	166.74804347826097	101.22558695652174	160.05	139.15	93.50000000000001	202.4	189.75000000000003	105.60000000000001	2300.0
4717.0	178.72883362936636	142.43632326820628	117.85207223209002	144.10000000000002	122.65	87.45	201.3	184.25000000000003	125.4	3378.0
4718.0	170.74709013484704	152.21669623846734	90.7568310858765	147.4	130.9	78.65	203.50000000000003	184.8	104.50000000000001	2818.0
4719.0	191.94239631336401	134.07073732718897	110.67267281105991	180.95000000000002	125.95000000000002	99.55000000000001	204.05	138.60000000000002	119.9	1085.0
4720.0	170.6230996621621	131.0147381756757	84.2907516891892	158.4	127.60000000000001	72.60000000000001	187.00000000000003	136.4	90.2	1184.0
4721.0	154.39917820069212	147.37002595155738	84.89958910034602	145.20000000000002	128.70000000000002	80.85000000000001	168.85000000000002	163.35000000000002	89.10000000000001	2312.0
4722.0	189.79374687343667	166.4282391195594	99.14087043521761	173.25	131.45000000000002	86.9	209.55	194.15	107.25000000000001	1999.0
4723.0	189.800834084761	171.97914788097418	97.61855275022543	167.75	146.3	88.55000000000001	210.10000000000002	195.25000000000003	103.95	2218.0
4724.0	170.1001436781611	174.27361111111097	111.89339080459771	151.25	133.10000000000002	106.7	198.55	190.3	118.25000000000001	1044.0
4725.0	180.30566860465117	176.06661821705427	117.94781976744189	163.9	144.65	112.75000000000001	205.15	193.60000000000002	123.20000000000002	1032.0
4726.0	190.23492706645055	172.10632090761754	63.721555915721254	187.55	168.85000000000002	59.400000000000006	193.60000000000002	175.45000000000002	67.65	617.0
4727.0	195.2926530612248	173.01727891156455	120.31380952380957	187.55	164.45000000000002	116.05000000000001	200.20000000000002	182.60000000000002	125.4	735.0
4728.0	193.8327906976745	165.7009302325581	116.64348837209303	191.4	162.8	114.95	196.35000000000002	168.3	118.80000000000001	215.0
4729.0	188.36156138259858	170.96477949940387	120.17991656734209	179.85000000000002	161.70000000000002	116.60000000000001	195.25000000000003	182.05	124.30000000000001	839.0
4730.0	189.84064587973268	172.24922048997777	102.23324053452117	185.9	168.3	97.35000000000001	194.15	176.55	106.15	898.0
4731.0	177.6634146341465	163.06765389082486	78.5458768873403	162.8	149.60000000000002	73.7	184.25000000000003	168.85000000000002	84.7	861.0
4732.0	166.86107011070112	152.91928044280456	81.42333948339484	162.8	149.60000000000002	79.2	171.05	157.85000000000002	83.05000000000001	542.0
4733.0	167.29297352342167	153.74684317718953	79.70295315682282	162.25	150.15	78.10000000000001	172.15	157.85000000000002	82.5	491.0
4734.0	172.45588235294127	158.7470588235296	95.83823529411765	166.65	151.25	91.30000000000001	178.75000000000003	166.65	100.65	935.0
4735.0	178.81416666666667	165.3220555555555	95.56555555555556	167.20000000000002	147.95000000000002	79.2	198.55	184.25000000000003	109.45	900.0
4736.0	182.9980031948883	163.30914536741201	104.38534345047924	160.05	141.9	100.10000000000001	202.95000000000002	189.20000000000002	107.80000000000001	1252.0
4737.0	186.68002152080336	170.2064562410332	89.19192969870875	171.05	150.70000000000002	73.7	198.00000000000003	182.60000000000002	132.55	1394.0
4738.0	193.23833333333334	174.53	129.01000000000002	189.75000000000003	171.05	127.05000000000001	196.9	177.65	132.55	330.0
4739.0	165.73787128712868	127.47747524752475	84.89331683168318	158.4	124.30000000000001	80.30000000000001	169.4	131.45000000000002	91.85000000000001	404.0
4740.0	180.83320987654338	145.49288065843618	71.32707818930041	156.75	127.05000000000001	62.7	197.45000000000002	185.35000000000002	83.05000000000001	1215.0
4741.0	164.91020408163263	160.68979591836725	74.33819241982506	151.25	143.0	69.85000000000001	187.00000000000003	173.25	78.10000000000001	686.0
4742.0	192.11605769230775	160.1631730769231	70.34500000000001	190.3	154.0	67.10000000000001	194.70000000000002	167.20000000000002	73.7	520.0
4743.0	194.23947599210717	137.33708616531464	127.27501644376237	185.9	126.50000000000001	121.00000000000001	204.60000000000002	148.5	134.20000000000002	4561.0
4744.0	144.58984375000009	168.78984374999996	75.534765625	141.9	165.0	72.05000000000001	148.5	172.70000000000002	79.75	256.0
4745.0	166.16197183098575	161.8925553319922	95.58214285714286	151.8	134.75	89.65	188.65	180.4	101.2	994.0
4746.0	170.83902847571198	147.03471524288094	80.05494137353433	149.60000000000002	129.25	74.25	185.35000000000002	178.20000000000002	88.55000000000001	1194.0
4747.0	175.85677551020387	129.3317142857143	83.94616326530613	169.4	124.85000000000001	72.05000000000001	188.65	134.20000000000002	90.2	1225.0
4748.0	191.51282051282055	137.65865384615387	113.21891025641025	187.00000000000003	133.10000000000002	109.45	195.25000000000003	140.8	115.50000000000001	312.0
4749.0	191.55216383307564	177.55620814013398	133.68768675940237	180.4	162.25	129.8	205.70000000000002	189.20000000000002	137.5	1941.0
4750.0	195.57370737073694	177.37227722772298	93.35176017601758	190.3	172.15	84.7	200.20000000000002	181.50000000000003	101.75000000000001	909.0
4751.0	180.41211685823754	180.0180555555555	87.62332375478928	165.0	151.8	79.75	206.8	191.95000000000002	98.45	1044.0
4752.0	169.51290516206475	166.7539915966388	100.48196278511406	150.70000000000002	130.9	95.7	198.00000000000003	190.85000000000002	106.15	1666.0
4753.0	187.8269403463759	168.23932007697238	95.30769724182169	163.9	143.0	87.45	209.00000000000003	193.60000000000002	103.4	1559.0
4754.0	154.1424559932943	144.41303436714156	78.62326068734285	142.45000000000002	127.60000000000001	74.25	171.60000000000002	162.25	83.05000000000001	1193.0
4755.0	186.4390056381342	166.4295489492568	100.65676576114812	158.95000000000002	138.05	61.60000000000001	202.95000000000002	187.00000000000003	138.05	1951.0
4756.0	174.82586520947189	167.02969034608364	59.414025500910746	163.9	162.25	48.400000000000006	193.05	173.8	74.25	549.0
4757.0	200.0428571428572	181.90473421926913	79.47134551495017	194.15	177.65	72.60000000000001	204.05	185.35000000000002	83.60000000000001	602.0
4758.0	208.3656794425088	187.00383275261322	103.14128919860627	204.60000000000002	183.15	101.2	212.3	190.85000000000002	106.15	574.0
4759.0	188.80358187134513	173.68099415204674	120.64619883040938	183.70000000000002	163.9	117.15	195.8	182.05	124.30000000000001	684.0
4760.0	190.2461538461537	171.493846153846	122.36384615384617	180.4	162.25	119.35000000000001	197.45000000000002	182.05	124.85000000000001	715.0
4761.0	187.73535242290754	172.58127753303984	124.34240088105727	180.95000000000002	164.45000000000002	121.00000000000001	194.15	179.85000000000002	127.05000000000001	454.0
4762.0	174.78826570173177	160.08013698630145	69.41258723184286	154.0	141.35000000000002	59.400000000000006	185.35000000000002	169.95000000000002	77.55000000000001	3869.0
4763.0	175.5984552845529	159.07788617886186	81.87845528455286	164.45000000000002	150.70000000000002	72.05000000000001	184.8	167.20000000000002	89.10000000000001	1230.0
4764.0	170.37813326282418	156.07260708619808	88.522078265468	155.10000000000002	144.10000000000002	72.05000000000001	189.75000000000003	171.05	101.2	1891.0
4765.0	170.42111111111112	153.15277777777786	74.42999999999999	162.25	146.85000000000002	68.75	177.10000000000002	160.60000000000002	78.10000000000001	990.0
4766.0	172.62350993377464	158.91049414161986	76.0599847172695	166.65	151.8	71.5	177.65	163.9	79.75	1963.0
4767.0	177.20239361702127	160.32473404255333	93.05425531914892	165.55	146.85000000000002	90.2	191.4	176.55	96.80000000000001	2068.0
4768.0	164.7942748091603	168.21393129771	114.76666666666667	161.15	163.9	111.10000000000001	168.3	172.70000000000002	118.25000000000001	786.0
4769.0	167.73967346938784	161.82751020408165	117.88048979591838	161.70000000000002	147.4	113.30000000000001	181.50000000000003	171.05	122.10000000000001	1225.0
4770.0	175.74720998531572	138.35932452276066	57.06916299559471	172.70000000000002	132.55	52.800000000000004	178.75000000000003	143.55	61.60000000000001	681.0
4771.0	185.48010752688177	162.15875576036876	118.8963133640553	165.55	147.4	113.30000000000001	196.9	182.05	123.75000000000001	651.0
4772.0	191.84150513112903	164.9987457240593	120.99122006841506	173.25	150.15	116.05000000000001	205.15	187.55	125.4	877.0
4773.0	185.3052570990023	175.72816577129709	137.9871066768995	177.10000000000002	169.95000000000002	134.20000000000002	197.45000000000002	179.3	144.10000000000002	1303.0
4774.0	150.2626970227671	137.69746059544659	91.6655429071804	144.10000000000002	129.8	84.15	159.5	147.4	97.9	1142.0
4775.0	151.3709651898735	140.8	104.69406645569622	147.95000000000002	135.3	97.35000000000001	155.65	149.60000000000002	109.45	632.0
4776.0	159.5781900138694	143.70180305131765	87.2753120665742	141.9	124.85000000000001	79.2	174.9	169.95000000000002	96.80000000000001	1442.0
4777.0	158.0497689463957	143.57033271719058	89.35314232902032	142.45000000000002	125.4	79.75	172.15	167.75	96.25000000000001	1082.0
4778.0	177.3880675818372	152.32154171066557	114.86230200633581	148.5	124.30000000000001	107.80000000000001	198.00000000000003	188.10000000000002	123.20000000000002	1894.0
4779.0	190.86118479221926	131.53801945181257	117.88236074270557	186.45000000000002	122.65	115.50000000000001	196.9	138.60000000000002	120.45	1131.0
4780.0	183.93023255813938	148.08680485338746	85.46688574317493	147.4	130.35000000000002	80.30000000000001	202.4	179.3	91.85000000000001	989.0
4781.0	190.74412500000003	149.9185416666667	92.90875000000001	157.3	134.75	75.9	208.45000000000002	191.4	111.65	1200.0
4782.0	205.5452429149799	175.46503036437252	107.28173076923079	191.4	166.10000000000002	101.2	215.05	191.95000000000002	111.10000000000001	988.0
4783.0	205.23101796407192	184.20982035928148	109.1476646706587	198.00000000000003	176.0	105.05000000000001	211.75000000000003	189.75000000000003	114.95	835.0
4784.0	206.84087353324628	185.25247718383298	111.53311603650587	202.95000000000002	179.85000000000002	107.80000000000001	210.65	189.20000000000002	117.15	767.0
4785.0	155.25909737029178	152.46062544420718	54.66695095948827	144.65	130.9	47.300000000000004	172.15	163.35000000000002	62.150000000000006	1407.0
4786.0	201.53139534883715	188.85581395348837	108.22441860465118	192.50000000000003	177.10000000000002	104.50000000000001	212.3	194.70000000000002	112.2	946.0
4787.0	203.78434704830056	184.54025044722724	105.61377459749554	193.60000000000002	170.5	102.30000000000001	214.50000000000003	195.25000000000003	108.35000000000001	559.0
4788.0	169.8535027898326	155.80139491630484	68.46391816491011	163.35000000000002	143.0	61.60000000000001	176.0	163.9	75.35000000000001	1613.0
4789.0	172.96211297071122	158.01246861924687	80.8130648535565	158.95000000000002	145.20000000000002	73.15	181.50000000000003	165.55	86.35000000000001	4780.0
4790.0	169.57082028804015	156.13353162179092	75.21740763932374	163.35000000000002	150.15	70.95	176.0	161.70000000000002	78.10000000000001	1597.0
4791.0	170.33219326818676	155.57893593919633	88.58523344191102	167.20000000000002	152.35000000000002	83.60000000000001	174.9	159.5	94.05000000000001	921.0
4792.0	181.12552400270465	164.37358012170395	99.12625084516566	169.95000000000002	154.55	91.30000000000001	189.20000000000002	172.70000000000002	106.7	2958.0
4793.0	175.26373801916955	160.28429179978735	93.13343095491656	168.3	152.9	88.0	183.70000000000002	168.3	101.75000000000001	5634.0
4794.0	174.76863474122507	161.66777215942886	90.89248958953004	160.05	143.0	78.65	191.4	182.60000000000002	102.30000000000001	3362.0
4795.0	179.2345598349384	162.87943603851437	97.07235213204952	160.60000000000002	142.45000000000002	92.95	196.35000000000002	185.35000000000002	102.85000000000001	1454.0
4796.0	184.82713815789475	166.08190789473682	98.14605263157897	170.5	153.45000000000002	94.05000000000001	196.35000000000002	187.00000000000003	102.85000000000001	304.0
4797.0	185.2363964464188	136.9576346474181	131.40052748473073	179.85000000000002	129.8	127.60000000000001	193.05	144.10000000000002	139.15	1801.0
4798.0	193.7488314883151	174.95209102090988	65.30962484624845	188.10000000000002	168.85000000000002	58.85	198.55	179.85000000000002	71.5	1626.0
4799.0	163.29563953488383	184.91511627906982	127.99011627906978	161.15	183.15	124.85000000000001	165.55	186.45000000000002	130.9	172.0
4800.0	153.22140625000006	143.485546875	107.04804687500001	146.85000000000002	134.20000000000002	100.65	163.35000000000002	155.10000000000002	111.65	640.0
4801.0	166.1732758620692	139.83146551724158	78.5543103448276	141.35000000000002	123.75000000000001	72.60000000000001	182.60000000000002	173.8	84.7	1276.0
4802.0	183.6918564920272	128.83029612756263	83.37448747152621	177.10000000000002	125.95000000000002	75.35000000000001	188.10000000000002	133.65	89.10000000000001	878.0
4803.0	197.64886363636367	153.77954545454543	71.18636363636364	194.15	151.25	68.75	201.85000000000002	156.75	74.25	484.0
4804.0	163.21878172588833	130.460744500846	52.4100676818951	158.4	128.15	47.300000000000004	167.75	132.55	58.300000000000004	591.0
4805.0	152.38969072164954	145.7998159057434	53.38807069219441	144.10000000000002	130.9	46.75000000000001	166.10000000000002	156.20000000000002	58.85	1358.0
4806.0	153.45731939163485	142.6345532319391	67.48635931558935	147.95000000000002	135.3	59.95	162.25	150.15	73.15	1052.0
4807.0	183.37158273381297	176.58824940047958	68.54820143884893	179.3	174.9	64.9	187.00000000000003	178.20000000000002	73.15	417.0
4808.0	180.07782301845808	167.16745385450545	63.81821389793702	172.15	154.55	59.95	188.65	174.9	69.85000000000001	1842.0
4809.0	181.43888888888907	170.973091458806	66.17876039304612	172.70000000000002	158.4	60.50000000000001	192.50000000000003	178.20000000000002	70.95	1323.0
4810.0	159.51486486486502	148.5439189189188	41.72094594594596	147.95000000000002	132.55	38.5	170.5	158.95000000000002	46.75000000000001	814.0
4811.0	159.45334365325107	145.35086687306503	50.576842105263154	146.85000000000002	132.0	44.550000000000004	170.5	158.95000000000002	57.75000000000001	1615.0
4812.0	161.03786407767018	146.53094660194157	45.47957119741102	149.05	133.10000000000002	40.7	169.95000000000002	158.95000000000002	51.7	1236.0
4813.0	164.12477544910172	151.48547904191642	141.71433383233534	152.35000000000002	136.4	135.85000000000002	176.55	166.10000000000002	146.3	1336.0
4814.0	164.89348273026343	143.10606496710525	142.86204769736844	150.70000000000002	135.3	138.05	182.60000000000002	157.3	146.85000000000002	2432.0
4815.0	202.5751765536725	185.96564265536722	104.31200564971752	193.60000000000002	175.45000000000002	100.10000000000001	210.65	191.4	111.10000000000001	1416.0
4816.0	204.7500725689406	182.49941944847615	107.1502177068215	196.35000000000002	173.25	103.95	211.20000000000002	190.85000000000002	111.10000000000001	689.0
4817.0	169.96786114221734	142.6865061590145	62.84350503919372	149.05	131.45000000000002	55.00000000000001	179.3	166.65	67.65	893.0
4818.0	167.2906458797327	145.87739420935443	56.96889383815891	150.15	131.45000000000002	44.550000000000004	174.35000000000002	163.9	68.75	1347.0
4819.0	164.41868484362485	147.95749799518842	60.81028468323979	144.10000000000002	127.05000000000001	51.7	180.95000000000002	168.85000000000002	67.10000000000001	2494.0
4820.0	207.78362318840587	184.97642512077297	105.07338164251208	202.4	177.10000000000002	100.10000000000001	214.50000000000003	193.05	108.9	1035.0
4821.0	167.17238833517933	155.44270948689538	63.13062015503871	156.20000000000002	143.55	52.800000000000004	179.3	165.0	73.15	2709.0
4822.0	177.9625976562503	162.75552734375006	89.55933593750005	170.5	155.65	84.7	185.35000000000002	170.5	102.30000000000001	2560.0
4823.0	178.86889400921672	163.20760368663613	98.80368663594471	172.15	156.75	92.95	184.25000000000003	168.3	103.4	2387.0
4824.0	188.04075203252026	171.10701219512214	104.59585873983741	171.60000000000002	153.45000000000002	94.05000000000001	200.75000000000003	185.35000000000002	115.50000000000001	1968.0
4825.0	164.52956989247318	147.9817204301075	100.97741935483872	143.55	128.15	53.35	186.45000000000002	177.65	124.85000000000001	1023.0
4826.0	163.12379594423314	159.51289607097576	92.99984157160964	143.0	120.45	52.25000000000001	188.10000000000002	172.15	121.00000000000001	1578.0
4827.0	182.89757019438457	158.29190064794807	137.77618790496763	172.15	146.3	134.75	193.05	173.25	140.8	926.0
4828.0	199.1053054662378	179.07363344051427	119.12893890675241	194.70000000000002	173.25	112.75000000000001	203.50000000000003	186.45000000000002	125.95000000000002	622.0
4829.0	184.81536764705922	181.71595588235297	117.981875	172.70000000000002	156.75	113.30000000000001	205.15	194.15	122.10000000000001	1360.0
4830.0	154.52628840436068	141.13168979187347	92.74204658077309	143.0	127.60000000000001	83.60000000000001	168.85000000000002	160.60000000000002	106.7	2018.0
4831.0	156.90774111675134	134.98312182741117	99.12284263959391	153.45000000000002	132.55	94.05000000000001	161.15	137.5	105.05000000000001	394.0
4832.0	187.19331683168318	160.72797029702983	75.31188118811882	169.4	142.45000000000002	72.05000000000001	197.45000000000002	185.9	79.2	404.0
4833.0	152.08582240161437	140.80610494450067	66.91185671039355	148.5	136.95000000000002	61.60000000000001	158.95000000000002	146.3	71.5	991.0
4834.0	164.1346193065944	151.42348742352166	67.82816111488783	149.05	135.85000000000002	59.400000000000006	188.10000000000002	171.05	73.15	2942.0
4835.0	156.10083365645636	143.81017836370694	54.848371461806884	151.25	136.95000000000002	50.050000000000004	165.55	152.35000000000002	62.150000000000006	2579.0
4836.0	159.1312734082398	159.0928214731586	48.544194756554305	153.45000000000002	156.20000000000002	41.800000000000004	164.45000000000002	161.70000000000002	55.00000000000001	801.0
4837.0	149.04712041884827	136.40671902268764	105.23333333333335	143.55	132.55	90.75000000000001	159.5	144.10000000000002	146.3	1146.0
4838.0	208.51256366723268	185.1473684210526	103.5970288624788	200.20000000000002	175.45000000000002	100.10000000000001	215.60000000000002	195.8	107.25000000000001	589.0
4839.0	207.74124487004087	187.8216142270862	101.7372093023256	201.85000000000002	179.85000000000002	99.55000000000001	215.05	194.15	105.60000000000001	731.0
4840.0	210.97167689161557	186.0698364008181	102.41472392638038	205.15	180.95000000000002	99.55000000000001	215.05	193.05	105.60000000000001	489.0
4841.0	171.44540540540538	157.5908558558559	117.95617117117118	155.10000000000002	140.8	112.75000000000001	188.10000000000002	174.35000000000002	123.20000000000002	1110.0
4842.0	151.62599364069953	138.85328563857976	110.82223105458401	143.55	132.0	100.10000000000001	164.45000000000002	150.70000000000002	128.15	1887.0
4843.0	187.49219745222948	173.67563694267525	108.36226114649682	177.10000000000002	159.5	104.50000000000001	197.45000000000002	182.60000000000002	112.2	942.0
4844.0	187.01380522088368	173.3123995983935	138.072640562249	176.0	167.75	133.65	195.25000000000003	176.0	143.0	996.0
4845.0	175.1830409356726	173.92865497076014	118.08918128654972	155.10000000000002	138.05	107.80000000000001	200.75000000000003	186.45000000000002	127.05000000000001	1026.0
4846.0	169.92808270676707	177.59169172932351	119.05473684210527	155.10000000000002	140.25	113.85000000000001	198.00000000000003	187.55	127.60000000000001	1330.0
4847.0	157.97932531730106	147.0649298597196	106.26695613449121	146.85000000000002	132.55	89.10000000000001	174.9	165.0	116.05000000000001	4491.0
4848.0	151.16683848797268	145.80544100801845	96.30670103092784	146.3	132.55	90.75000000000001	161.70000000000002	156.20000000000002	101.75000000000001	873.0
4849.0	156.9583460365853	143.1106707317075	94.77061737804874	147.4	130.9	89.10000000000001	169.4	158.4	104.50000000000001	1312.0
4850.0	178.25883413461523	160.55637019230755	75.00030048076924	144.10000000000002	124.30000000000001	68.75	200.20000000000002	188.65	86.9	1664.0
4851.0	192.05703592814373	167.5746257485031	75.33929640718563	174.35000000000002	151.8	72.05000000000001	201.3	188.65	79.2	668.0
4852.0	181.57752902155877	160.8134328358209	73.92802653399669	156.75	136.4	69.30000000000001	198.55	189.75000000000003	77.55000000000001	603.0
4853.0	205.59087966488957	179.66841203351117	135.25182787509522	200.20000000000002	174.35000000000002	130.35000000000002	211.75000000000003	186.45000000000002	141.35000000000002	2626.0
4854.0	179.3992451473762	162.93384255930982	121.56107117181885	158.95000000000002	144.65	94.60000000000001	194.15	176.0	144.10000000000002	2782.0
4855.0	164.51315789473696	157.711403508772	107.53771929824562	160.05	155.10000000000002	103.4	169.4	160.05	112.2	627.0
4856.0	183.62978723404262	174.2859462486001	143.36091825307952	176.0	170.5	140.25	192.50000000000003	178.20000000000002	146.85000000000002	893.0
4857.0	167.9682271680738	153.4985418265542	102.09063699155796	162.25	147.4	91.85000000000001	172.70000000000002	158.4	110.00000000000001	1303.0
4858.0	169.86711627906965	154.68251162790742	48.540186046511636	156.75	144.65	40.7	182.05	163.9	57.75000000000001	2150.0
4859.0	159.32601510859305	146.47372521246461	39.702053824362615	148.5	132.55	35.2	166.65	154.0	45.1	2118.0
4860.0	160.52057546145494	149.30260586319227	36.287459283387626	151.25	139.70000000000002	33.550000000000004	168.3	154.55	40.150000000000006	921.0
4861.0	165.14080000000007	150.05466666666675	37.98226666666667	160.60000000000002	143.0	35.2	169.95000000000002	156.20000000000002	41.800000000000004	375.0
4862.0	164.1882882882882	155.34414414414445	139.27522522522523	157.3	144.10000000000002	135.3	177.10000000000002	163.9	143.55	1221.0
4863.0	165.48873591989985	153.66270337922387	142.14987484355447	156.20000000000002	143.55	138.05	179.3	162.25	145.75	799.0
4864.0	163.81927038626623	142.3895708154508	140.10648068669528	152.9	136.4	134.75	172.70000000000002	148.5	145.20000000000002	1165.0
4865.0	170.05457348406986	152.41783144912648	87.48221993833506	146.85000000000002	127.05000000000001	57.2	186.45000000000002	172.15	140.8	973.0
4866.0	179.72761394101872	173.02685433422704	133.01890080428953	172.70000000000002	151.8	129.25	187.00000000000003	183.15	136.4	1119.0
4867.0	174.86556169429096	155.18052486187864	115.18651012891345	161.15	143.0	111.65	186.45000000000002	174.35000000000002	119.35000000000001	1086.0
4868.0	191.03870967741932	174.26290322580627	108.90322580645162	181.50000000000003	162.25	104.50000000000001	200.75000000000003	184.25000000000003	113.85000000000001	341.0
4869.0	167.98512705530655	184.4538863976083	137.14114349775787	160.60000000000002	180.4	130.9	175.45000000000002	188.10000000000002	141.35000000000002	1338.0
4870.0	194.068058690745	174.45304740406328	110.55248306997744	179.3	160.60000000000002	106.7	207.35000000000002	188.65	114.4	443.0
4871.0	202.2852196752626	162.1541308500479	133.66786055396372	194.70000000000002	156.20000000000002	129.25	210.10000000000002	167.75	136.95000000000002	2094.0
4872.0	195.07540268456376	166.9423489932883	116.58781879194632	176.55	154.55	100.65	206.25000000000003	184.8	135.85000000000002	1490.0
4873.0	150.4703183520598	155.65669475655446	52.09705056179776	142.45000000000002	132.0	46.2	172.15	163.9	58.300000000000004	1068.0
4874.0	168.11836870026534	135.68806366047747	99.38441644562334	161.15	132.55	92.4	174.35000000000002	137.5	106.7	754.0
4875.0	195.45504385964918	174.77817982456122	86.14133771929825	191.4	169.4	80.85000000000001	198.55	177.65	91.85000000000001	456.0
4876.0	149.9238610478359	138.2855353075171	91.77044419134394	145.75	133.65	87.45	155.10000000000002	144.10000000000002	95.7	878.0
4877.0	152.3491784914119	142.4183719193427	88.7210791635549	144.10000000000002	129.25	83.60000000000001	166.65	158.95000000000002	96.25000000000001	2678.0
4878.0	180.08764954257586	165.50452146375758	76.64352568613653	146.3	130.9	67.10000000000001	199.65	186.45000000000002	90.2	2842.0
4879.0	197.26473684210526	158.41736842105277	75.64622807017545	194.15	152.9	72.05000000000001	200.75000000000003	166.65	79.2	570.0
4880.0	162.10320945945938	152.28186936936925	78.92438063063065	143.0	125.4	74.25	185.9	175.45000000000002	83.60000000000001	888.0
4881.0	160.99910044977543	168.98358320839574	76.66604197901052	144.10000000000002	125.95000000000002	72.05000000000001	195.8	188.65	84.15	1334.0
4882.0	156.48284564740277	138.299049012436	110.95073152889537	147.95000000000002	132.55	95.15	166.65	148.5	125.4	1367.0
4883.0	164.28279999999995	150.55303999999992	60.29495999999998	151.8	134.20000000000002	56.650000000000006	174.9	163.35000000000002	65.45	625.0
4884.0	161.93889388489205	143.8709982014388	40.54568345323742	151.25	130.9	35.2	168.3	156.20000000000002	47.85	1112.0
4885.0	164.7699253004215	149.0071289379664	49.85511529717442	154.0	139.15	37.95	173.25	161.15	60.50000000000001	3079.0
4886.0	160.8395061728398	150.67345679012365	53.84506172839507	149.60000000000002	135.3	44.550000000000004	172.15	161.15	59.400000000000006	891.0
4887.0	161.29417754569178	146.67193211488242	140.94475195822457	153.45000000000002	135.85000000000002	134.75	170.5	163.35000000000002	145.75	1915.0
4888.0	162.89433384379797	143.84563552833058	143.30826952526803	156.20000000000002	139.70000000000002	141.35000000000002	169.4	149.05	146.3	653.0
4889.0	197.14014683153016	183.19675425038645	133.0481452859351	189.20000000000002	172.15	125.4	208.45000000000002	191.95000000000002	139.15	1294.0
4890.0	155.52583420229413	136.31569343065692	42.102815432742446	136.4	120.45	35.75	169.95000000000002	160.60000000000002	48.400000000000006	1918.0
4891.0	152.8325892857141	139.84776785714288	44.303125	139.15	125.4	39.050000000000004	166.65	158.4	50.6	1232.0
4892.0	150.95022747952675	145.84808917197464	60.32534121929025	136.95000000000002	122.65	53.900000000000006	171.05	164.45000000000002	64.9	1099.0
4893.0	143.9644366197186	162.3710387323945	62.35625	140.8	157.3	58.300000000000004	147.4	165.55	65.45	568.0
4894.0	157.74115011202377	148.80149365197906	61.97255414488424	139.15	123.75000000000001	53.900000000000006	178.20000000000002	168.85000000000002	68.2	1339.0
4895.0	197.690625	153.6753472222222	106.00104166666667	195.8	150.15	102.85000000000001	200.20000000000002	157.85000000000002	109.45	144.0
4896.0	184.62536496350359	177.61989051094886	115.77031630170318	175.45000000000002	158.95000000000002	109.45	201.3	185.35000000000002	122.10000000000001	822.0
4897.0	165.30118232731832	140.30647168637228	59.243932794026136	141.35000000000002	126.50000000000001	52.800000000000004	175.45000000000002	167.20000000000002	64.9	1607.0
4898.0	181.71204819277153	167.67710843373493	135.58317269076306	172.70000000000002	155.10000000000002	130.9	189.75000000000003	172.70000000000002	140.8	1245.0
4899.0	155.90561674008822	141.9620870044052	117.69000550660792	150.15	135.85000000000002	112.2	164.45000000000002	150.15	125.95000000000002	1816.0
4900.0	157.23821733821762	161.65231990232013	82.72161172161172	151.8	157.85000000000002	79.2	161.15	165.55	86.35000000000001	819.0
4901.0	165.48182053941903	151.96631224066417	72.2083246887967	151.8	135.85000000000002	65.45	183.15	162.25	77.55000000000001	1928.0
4902.0	167.95887356321853	155.5417701149424	67.04664367816093	156.20000000000002	139.70000000000002	62.150000000000006	178.20000000000002	164.45000000000002	72.60000000000001	2175.0
4903.0	169.86577557755794	153.86349834983474	41.053960396039614	163.35000000000002	146.85000000000002	36.300000000000004	177.10000000000002	161.70000000000002	46.75000000000001	1515.0
4904.0	159.6559624413145	146.8629107981222	42.01845070422536	150.70000000000002	137.5	38.5	166.10000000000002	155.65	46.2	1065.0
4905.0	160.31830500689026	149.52976573265943	45.10960036747819	151.25	137.5	39.050000000000004	168.85000000000002	157.85000000000002	52.25000000000001	2177.0
4906.0	162.50989010989034	171.90622710622716	107.33965201465202	159.5	166.65	104.50000000000001	165.55	178.20000000000002	109.45	546.0
4907.0	176.42002793296092	159.67268156424603	103.99209497206705	158.4	140.25	95.7	193.60000000000002	184.25000000000003	112.75000000000001	1790.0
4908.0	168.27740310077544	162.46232558139542	112.76364341085272	155.65	139.15	107.80000000000001	188.10000000000002	185.35000000000002	117.7	1290.0
4909.0	175.99040190375501	170.4165256478054	137.9371496562665	163.35000000000002	149.60000000000002	133.10000000000002	198.00000000000003	183.70000000000002	143.55	1891.0
4910.0	178.79988755622188	174.20281109445264	139.01394302848576	163.9	150.15	132.55	201.85000000000002	184.8	145.20000000000002	1334.0
4911.0	173.67831149927235	161.55429403202342	135.23675400291125	164.45000000000002	149.60000000000002	132.55	183.70000000000002	169.95000000000002	140.8	687.0
4912.0	177.20575037147168	159.17473997028222	100.89337295690939	161.70000000000002	142.45000000000002	95.15	190.3	178.20000000000002	108.35000000000001	3365.0
4913.0	189.7716580310881	169.59321243523326	111.63290155440416	172.15	152.9	106.7	202.4	187.00000000000003	115.50000000000001	965.0
4914.0	157.4402957486139	143.00762476894633	53.8623844731978	140.25	125.4	47.300000000000004	172.15	162.8	62.7	2164.0
4915.0	199.97075306479854	177.78581436077064	93.20573555166376	193.60000000000002	172.70000000000002	85.80000000000001	208.45000000000002	182.60000000000002	101.75000000000001	1142.0
4916.0	187.61461318051585	174.4209169054442	106.22091690544414	177.10000000000002	157.3	102.85000000000001	199.65	185.35000000000002	108.9	349.0
4917.0	175.64691923397157	158.69766860949215	73.94134054954206	166.65	148.5	70.95	183.70000000000002	170.5	78.10000000000001	1201.0
4918.0	155.86148809523823	160.95815476190523	72.53845238095239	151.25	154.55	68.2	160.60000000000002	166.10000000000002	77.55000000000001	840.0
4919.0	173.95140073081603	157.79205237515222	70.30453714981729	161.70000000000002	137.5	66.0	187.55	173.25	76.45	1642.0
4920.0	165.71039939713646	159.24800301431802	69.73436322532028	157.85000000000002	141.9	65.45	178.20000000000002	168.85000000000002	74.80000000000001	1327.0
4921.0	174.33069536423847	147.30711920529794	67.54364238410595	169.95000000000002	139.15	63.800000000000004	179.3	152.9	72.60000000000001	1510.0
4922.0	155.35941979522184	150.48525597269617	48.09177474402731	150.70000000000002	146.85000000000002	42.35	161.70000000000002	155.10000000000002	55.550000000000004	1465.0
4923.0	156.71328124999982	155.06874999999997	51.63359375	152.35000000000002	152.9	45.1	161.15	157.3	57.75000000000001	704.0
4924.0	162.02962585034007	144.35367346938762	50.520680272108855	148.5	134.75	44.550000000000004	168.85000000000002	156.75	57.2	1470.0
4925.0	185.00660869565212	155.13826086956536	109.87660869565218	176.55	141.35000000000002	107.25000000000001	201.3	184.25000000000003	113.30000000000001	575.0
4926.0	207.7449285075959	167.71018766756018	113.53715370866847	189.20000000000002	157.3	108.35000000000001	213.95000000000002	196.9	118.25000000000001	2238.0
4927.0	192.0323671497583	174.38055555555607	75.17829106280193	185.9	166.65	68.75	197.45000000000002	182.60000000000002	83.60000000000001	1656.0
4928.0	171.75266701191072	137.74181771103056	96.8170895908856	147.4	129.25	90.75000000000001	184.25000000000003	169.4	111.10000000000001	1931.0
4929.0	190.20666470933654	178.60854374632993	128.217175572519	179.3	163.35000000000002	123.20000000000002	205.70000000000002	190.3	133.65	1703.0
4930.0	167.89712500000016	166.79712500000025	66.671	164.45000000000002	163.35000000000002	64.35000000000001	171.05	169.95000000000002	69.85000000000001	400.0
4931.0	172.24288079470202	168.40198675496683	105.31134105960265	161.15	152.35000000000002	100.65	184.8	180.4	110.55000000000001	604.0
4932.0	162.009189189189	170.65831081081078	133.8202027027027	155.10000000000002	166.10000000000002	129.8	170.5	177.10000000000002	137.5	740.0
4933.0	169.84549999999993	169.63374999999985	136.4935	165.55	166.10000000000002	133.65	173.8	176.55	139.70000000000002	400.0
4934.0	199.45494343334963	178.39613871126392	98.13726020659124	184.25000000000003	162.25	90.2	211.75000000000003	190.85000000000002	103.95	2033.0
4935.0	199.88393118594456	182.16877745241575	95.71530014641286	193.60000000000002	175.45000000000002	89.10000000000001	205.15	187.55	100.10000000000001	1366.0
4936.0	198.2769314604021	168.99332768224824	95.32436425284577	178.75000000000003	132.55	85.25	207.35000000000002	191.4	106.15	4129.0
4937.0	185.28447265625005	175.7805013020836	119.78434244791667	167.20000000000002	150.15	114.95	207.35000000000002	193.60000000000002	127.05000000000001	1536.0
4938.0	186.0894313304721	158.12086909871238	65.67365879828326	169.4	149.60000000000002	63.25000000000001	194.15	180.4	68.2	932.0
4939.0	178.12630422844597	162.3629599121364	82.43898956617244	152.35000000000002	143.0	59.400000000000006	191.4	174.35000000000002	135.3	1821.0
4940.0	191.43705673758868	173.51134751773054	127.85744680851062	187.55	169.95000000000002	125.4	194.15	176.0	130.9	282.0
4941.0	186.546971066908	169.14091320072328	126.51541591320077	182.60000000000002	165.0	116.60000000000001	189.75000000000003	172.70000000000002	134.75	1106.0
4942.0	175.59193177061545	158.21156341565512	138.77554416073673	160.05	146.85000000000002	131.45000000000002	188.10000000000002	171.05	145.20000000000002	4778.0
4943.0	176.77248263888893	163.58107638888904	129.47439236111111	167.75	152.9	127.05000000000001	185.9	172.15	133.10000000000002	576.0
4944.0	172.32991902834019	173.2593522267206	129.69534412955468	165.0	152.9	125.95000000000002	191.95000000000002	179.85000000000002	133.10000000000002	1235.0
4945.0	165.26196923076898	154.04196923076924	95.52907692307693	149.60000000000002	144.65	73.7	174.35000000000002	162.25	108.35000000000001	1625.0
4946.0	171.34192307692317	159.48096153846154	71.55182692307693	163.35000000000002	147.4	68.75	182.60000000000002	170.5	74.80000000000001	520.0
4947.0	167.74415411868904	155.18914968999076	47.85552111012692	156.75	144.65	39.050000000000004	177.65	165.55	59.400000000000006	3387.0
4948.0	169.93233404710898	146.41423982869367	88.50171306209855	165.55	141.35000000000002	85.80000000000001	173.8	151.25	91.30000000000001	467.0
4949.0	151.97605392156902	143.7546323529408	58.635661764705894	135.85000000000002	122.65	51.7	171.05	162.25	66.0	2040.0
4950.0	171.8180137575235	150.3625752364572	44.31259673258813	155.10000000000002	136.4	36.300000000000004	182.05	165.55	55.00000000000001	2326.0
4951.0	171.8519060773481	147.8992541436463	78.08693370165746	139.15	121.00000000000001	62.7	201.3	193.05	119.35000000000001	1810.0
4952.0	192.75256276150643	169.89994769874485	137.44937238493728	182.05	156.75	134.20000000000002	205.70000000000002	179.85000000000002	143.0	956.0
4953.0	164.00301003344467	173.40819397993317	133.19013377926424	160.60000000000002	169.4	130.9	168.3	179.3	134.75	299.0
4954.0	175.6712177121771	161.73297970479717	106.23321033210333	164.45000000000002	145.75	102.85000000000001	190.3	176.0	111.10000000000001	1084.0
4955.0	175.18416666666673	159.9454427083334	105.92570312500001	161.70000000000002	144.65	99.55000000000001	188.10000000000002	175.45000000000002	109.45	1920.0
4956.0	172.05722527472554	158.59461538461562	101.41199175824181	161.70000000000002	144.10000000000002	95.15	183.70000000000002	171.60000000000002	107.25000000000001	3640.0
4957.0	167.37769230769226	176.86589743589755	112.16615384615385	158.4	145.20000000000002	107.25000000000001	196.35000000000002	183.70000000000002	115.50000000000001	585.0
4958.0	183.93484768907584	158.81683298319365	90.94931722689077	152.9	133.65	81.95	205.70000000000002	192.50000000000003	97.9	1904.0
4959.0	137.0589108910891	145.1751925192522	47.85847084708473	125.4	110.55000000000001	42.900000000000006	168.3	164.45000000000002	53.900000000000006	909.0
4960.0	176.0741134751772	158.73546099290755	116.72774822695035	169.4	152.35000000000002	111.10000000000001	182.05	166.10000000000002	121.00000000000001	564.0
4961.0	153.37897469175903	144.21920830629463	77.52537313432836	145.20000000000002	129.25	71.5	172.70000000000002	163.35000000000002	83.05000000000001	1541.0
4962.0	161.26470588235287	181.3191176470588	117.08676470588236	155.65	179.85000000000002	114.4	167.75	183.15	120.45	374.0
4963.0	176.32674307545372	158.12421203438362	122.34637058261701	158.95000000000002	143.0	117.15	188.65	175.45000000000002	128.15	1047.0
4964.0	182.03801452784506	167.8165859564165	122.86707021791769	172.15	155.10000000000002	118.80000000000001	192.50000000000003	178.75000000000003	127.60000000000001	413.0
4965.0	174.6233663366336	160.24168316831697	125.29762376237626	162.25	140.25	116.60000000000001	188.65	177.65	131.45000000000002	505.0
4966.0	173.29213406292752	170.50677154582743	124.79056087551302	160.60000000000002	156.20000000000002	119.9	191.95000000000002	176.55	128.70000000000002	731.0
4967.0	183.81458333333333	159.44270833333337	127.67906250000001	172.15	154.0	124.30000000000001	188.10000000000002	173.25	131.45000000000002	480.0
4968.0	181.72942157953293	163.48642936596227	129.56323692992214	168.3	151.8	125.4	191.95000000000002	173.8	133.65	899.0
4969.0	177.83510253317274	166.55180940892635	127.2948130277443	164.45000000000002	149.05	124.85000000000001	194.70000000000002	181.50000000000003	129.8	829.0
4970.0	162.84655884377185	141.14824501032356	53.691431520991074	139.15	126.50000000000001	42.900000000000006	177.10000000000002	166.65	62.7	1453.0
4971.0	151.5976655629137	139.0713245033113	50.728758278145676	138.05	124.30000000000001	42.35	166.65	155.65	57.75000000000001	3020.0
4972.0	156.35320813771537	140.11228482003125	58.4299687010955	140.25	126.50000000000001	53.900000000000006	168.3	158.4	62.150000000000006	639.0
4973.0	202.9045496750231	179.9817548746519	124.76982358402972	194.15	172.70000000000002	117.15	209.00000000000003	190.85000000000002	133.65	1077.0
4974.0	169.53321710832162	149.69690841469077	96.72073454207344	147.95000000000002	129.25	89.65	188.65	179.3	105.05000000000001	2151.0
4975.0	179.60724137931044	166.56512931034467	94.05592672413795	147.95000000000002	132.0	82.5	207.9	191.4	106.15	2320.0
4976.0	144.33314642742698	131.68790451778278	47.03936238385134	124.30000000000001	109.45	39.6	167.75	163.35000000000002	54.45	3121.0
4977.0	157.06280956447463	143.1587532023909	46.83125533731855	147.4	130.35000000000002	40.7	165.55	155.10000000000002	51.7	1171.0
4978.0	140.08782051282026	142.14462524654846	50.45382149901381	126.50000000000001	111.10000000000001	41.25	170.5	165.0	56.1	2028.0
4979.0	141.25378858746492	144.03260056127246	47.39981290926099	127.60000000000001	112.2	41.800000000000004	169.4	161.70000000000002	52.25000000000001	1069.0
4980.0	189.5051976573939	160.36888726207914	76.14319180087848	182.05	147.95000000000002	56.650000000000006	202.4	182.60000000000002	117.15	683.0
4981.0	166.32592699884128	157.9341251448436	72.42856315179606	149.60000000000002	127.05000000000001	62.150000000000006	187.55	183.15	78.65	1726.0
4982.0	159.68176100628952	140.98993710691838	75.55125786163522	150.70000000000002	135.85000000000002	66.0	188.10000000000002	147.95000000000002	81.95	1749.0
4983.0	179.65830712788303	167.4816299790359	62.81155660377359	161.70000000000002	145.20000000000002	57.2	193.05	178.20000000000002	67.10000000000001	1908.0
4984.0	170.89809850374058	160.9103179551129	79.59295511221944	158.4	146.3	75.9	186.45000000000002	172.15	84.15	1604.0
4985.0	173.4131201764057	163.54222712238143	89.22249173098128	165.55	151.8	72.60000000000001	184.25000000000003	170.5	121.55000000000001	907.0
4986.0	178.80087358684509	168.53797533401868	118.73895169578624	168.3	151.8	116.05000000000001	191.4	178.75000000000003	122.10000000000001	973.0
4987.0	184.63356713426853	177.82525050100202	114.20490981963928	179.3	171.60000000000002	111.65	190.3	183.15	116.60000000000001	499.0
4988.0	189.17360205032622	173.31125349487434	126.93979496738112	173.8	158.95000000000002	121.00000000000001	203.50000000000003	184.8	131.45000000000002	2146.0
4989.0	184.61123090745733	172.990566037736	120.24097035040434	172.15	157.85000000000002	113.30000000000001	198.00000000000003	182.60000000000002	132.55	1113.0
4990.0	171.0158730158731	154.06746031746044	124.44285714285714	160.05	143.55	121.55000000000001	179.3	166.65	128.15	693.0
4991.0	182.16325301204822	163.7897590361441	120.65060240963858	171.60000000000002	154.55	117.7	189.75000000000003	176.0	124.30000000000001	913.0
4992.0	181.5379439890712	167.51745218579242	117.13271857923496	172.70000000000002	152.9	112.75000000000001	190.3	181.50000000000003	124.85000000000001	1464.0
4993.0	184.87827403482194	155.7932248296747	125.54697199091599	164.45000000000002	146.3	120.45	195.25000000000003	179.3	129.8	1321.0
4994.0	178.74825949367096	158.63235759493685	130.11851265822787	164.45000000000002	148.5	126.50000000000001	188.10000000000002	171.60000000000002	133.10000000000002	632.0
4995.0	173.3835436648159	159.3048207975771	87.84063604240283	154.0	140.8	78.10000000000001	193.60000000000002	173.8	114.95	1981.0
4996.0	150.8460878517503	138.28404255319148	42.81129032258065	136.4	121.55000000000001	35.75	165.55	158.95000000000002	50.050000000000004	2914.0
4997.0	152.52177497575184	135.35814742967995	46.51314258001941	142.45000000000002	128.70000000000002	41.25	158.4	148.5	51.150000000000006	1031.0
4998.0	153.6752397154343	134.7862356944015	49.726430559851515	134.75	117.7	38.5	172.70000000000002	161.15	57.2	3233.0
4999.0	151.59542328042326	139.95986772486796	47.80896825396825	135.3	120.45	41.800000000000004	169.95000000000002	162.25	52.25000000000001	1890.0
5000.0	169.68784219001608	121.55088566827692	48.24235104669888	167.20000000000002	118.80000000000001	42.35	172.70000000000002	124.85000000000001	53.35	621.0
5001.0	159.33022508038565	136.30862808145767	52.37261521972134	138.05	124.30000000000001	47.85	172.15	160.05	57.2	933.0
5002.0	196.28109146810166	175.4529592621062	73.93082244427364	187.55	159.5	69.85000000000001	202.95000000000002	183.70000000000002	79.75	1301.0
5003.0	179.09720319634707	178.58299086758	122.73601598173516	162.25	147.4	116.05000000000001	211.20000000000002	193.05	129.8	876.0
5004.0	204.97818232351293	158.8830461367425	129.83301834352417	195.8	152.35000000000002	123.75000000000001	210.10000000000002	166.65	136.95000000000002	1799.0
5005.0	191.93762555243077	181.9366412213744	128.1789473684211	182.05	162.25	123.20000000000002	207.35000000000002	194.70000000000002	133.65	2489.0
5006.0	205.64160099543747	167.08708004977203	116.52129821650766	184.8	156.75	111.10000000000001	212.3	195.25000000000003	121.55000000000001	2411.0
5007.0	199.00306513409956	173.87586206896546	130.6330779054917	193.60000000000002	167.75	127.60000000000001	204.60000000000002	181.50000000000003	133.10000000000002	783.0
5008.0	171.86378340365678	185.08002812939503	135.0710267229255	162.8	182.05	129.25	177.65	188.10000000000002	138.60000000000002	711.0
5009.0	190.1577698695139	159.7136714116252	95.35160142348758	163.35000000000002	143.0	86.35000000000001	203.50000000000003	190.85000000000002	114.4	1686.0
5010.0	175.04777424483296	170.06454689984082	100.97877583465818	160.60000000000002	146.3	96.25000000000001	194.15	184.25000000000003	105.60000000000001	629.0
5011.0	180.4921374950611	165.91941920189666	96.0605096799684	162.25	142.45000000000002	89.65	199.65	187.00000000000003	105.05000000000001	2531.0
5012.0	192.01446615021925	173.7208992926909	94.41808689794549	184.25000000000003	166.10000000000002	81.95	197.45000000000002	180.4	102.30000000000001	2969.0
5013.0	177.0082493125573	161.8507332722273	49.88061411549038	172.15	155.10000000000002	45.1	182.05	166.65	55.550000000000004	1091.0
5014.0	156.112550960978	143.57370413511956	44.12748980780431	146.3	132.0	40.150000000000006	165.0	154.55	48.95	1717.0
5015.0	177.30376506024103	147.72304216867474	118.80331325301206	173.25	145.20000000000002	116.05000000000001	181.50000000000003	150.70000000000002	120.45	332.0
5016.0	168.37064994882286	157.0044524053224	69.17924769703173	154.0	137.5	63.800000000000004	185.35000000000002	173.25	74.25	1954.0
5017.0	170.46523779724674	164.0414580725906	106.89824780976221	165.55	151.25	71.5	182.60000000000002	170.5	121.55000000000001	1598.0
5018.0	172.85281879194665	157.98288590604054	116.8384563758389	165.55	148.5	114.4	181.50000000000003	169.4	119.9	745.0
5019.0	173.88037249283664	168.78538681948444	74.043553008596	170.5	165.55	72.05000000000001	177.65	171.60000000000002	77.0	349.0
5020.0	173.80000000000007	146.95023364485982	115.8019859813084	166.65	130.35000000000002	83.05000000000001	178.75000000000003	183.15	132.0	856.0
5021.0	184.03369127516777	165.9589932885907	130.7338926174497	174.35000000000002	155.10000000000002	127.05000000000001	192.50000000000003	176.55	134.20000000000002	745.0
5022.0	189.94312977099239	162.68926526717576	128.28225190839694	173.8	154.55	123.20000000000002	200.20000000000002	179.85000000000002	133.65	1048.0
5023.0	169.48060817547352	157.80777666999023	125.1088235294118	157.3	142.45000000000002	119.9	182.05	171.05	130.9	1003.0
5024.0	174.5815789473687	161.13165307635285	119.11067457375837	155.65	139.70000000000002	114.95	193.05	180.95000000000002	123.75000000000001	1349.0
5025.0	175.86343963553526	160.9933940774489	124.9878132118451	167.75	147.95000000000002	120.45	184.8	170.5	128.70000000000002	439.0
5026.0	178.92958265139086	164.9491407528643	117.63203764320787	169.95000000000002	151.25	112.75000000000001	189.20000000000002	176.55	123.75000000000001	1222.0
5027.0	181.69451219512192	170.8431910569105	121.72550813008131	176.55	159.5	118.80000000000001	193.05	177.65	124.30000000000001	492.0
5028.0	186.06311274509812	165.75625000000014	116.18615196078433	176.0	158.95000000000002	112.2	191.95000000000002	177.65	119.9	408.0
5029.0	170.78496644295302	156.53664429530204	130.08644295302017	157.3	145.75	124.85000000000001	180.95000000000002	176.55	138.05	745.0
5030.0	187.4716448726774	165.5761183757745	131.40192704748796	168.3	151.8	123.75000000000001	202.95000000000002	183.70000000000002	136.4	1453.0
5031.0	181.09777150031348	166.4387005649716	116.80128688010043	173.25	154.55	112.2	189.20000000000002	175.45000000000002	124.85000000000001	1593.0
5032.0	193.8222000000001	168.74146666666664	114.71753333333335	185.9	155.10000000000002	110.00000000000001	201.3	181.50000000000003	119.9	750.0
5033.0	160.1116974169743	147.9183394833948	51.97317343173432	143.55	128.70000000000002	45.1	175.45000000000002	165.0	59.400000000000006	1355.0
5034.0	163.01824401368307	146.78916761687557	47.19464082098062	146.85000000000002	132.0	39.6	173.25	162.25	55.00000000000001	877.0
5035.0	155.63035714285738	142.76428571428565	102.16792973286873	147.95000000000002	133.65	85.80000000000001	166.10000000000002	154.55	113.30000000000001	3444.0
5036.0	153.81301684532923	138.7052833078101	99.22656967840734	149.60000000000002	135.85000000000002	94.60000000000001	158.4	144.10000000000002	104.50000000000001	653.0
5037.0	153.54687499999994	141.88854166666667	104.43229166666667	149.05	135.3	99.00000000000001	160.60000000000002	149.60000000000002	109.45	1056.0
5038.0	201.51345407503237	182.3225097024579	93.22820181112549	196.35000000000002	178.20000000000002	89.10000000000001	205.15	185.9	99.55000000000001	773.0
5039.0	188.61857745398757	174.91223159509246	124.49064417177912	165.0	150.70000000000002	117.7	209.55	192.50000000000003	136.4	2608.0
5040.0	203.0717775467776	179.6476091476093	118.53872141372143	194.15	171.60000000000002	110.00000000000001	208.45000000000002	189.20000000000002	127.60000000000001	962.0
5041.0	201.25447427293074	180.81834451901588	123.37225950782998	197.45000000000002	176.55	117.15	205.70000000000002	185.35000000000002	129.25	894.0
5042.0	202.80526315789476	182.0253947368418	123.52927631578949	197.45000000000002	174.9	115.50000000000001	206.8	187.55	130.9	1520.0
5043.0	189.18096751412435	174.6500529661018	136.88066737288136	176.0	154.0	133.10000000000002	205.70000000000002	191.95000000000002	140.8	2832.0
5044.0	177.97936962750703	158.47564469914042	109.60680515759313	162.25	141.9	107.80000000000001	189.75000000000003	178.75000000000003	111.10000000000001	698.0
5045.0	176.94775711159755	158.9205142231951	137.9753829321663	162.25	145.20000000000002	132.55	189.20000000000002	170.5	141.35000000000002	914.0
5046.0	171.47309717568248	161.95933460986123	103.54770224988032	156.20000000000002	138.60000000000002	97.35000000000001	191.95000000000002	180.95000000000002	110.55000000000001	2089.0
5047.0	179.40917474210693	166.591028446389	98.40409502969678	160.05	140.8	92.4	198.55	187.55	105.05000000000001	3199.0
5048.0	185.96885245901646	157.85000000000008	103.50573770491803	157.85000000000002	136.95000000000002	99.55000000000001	204.60000000000002	191.4	106.7	671.0
5049.0	157.4333333333334	144.3089147286821	55.58837209302331	148.5	133.65	48.95	167.20000000000002	157.3	61.050000000000004	1419.0
5050.0	155.79087372830634	146.9033213644526	59.347995212447664	148.5	134.75	54.45	167.20000000000002	157.3	64.9	1671.0
5051.0	175.34443897637786	160.30875984251963	51.12726377952757	171.60000000000002	156.20000000000002	46.2	178.75000000000003	163.9	55.550000000000004	1016.0
5052.0	184.41275510204085	156.82576530612226	66.58086734693879	182.60000000000002	150.70000000000002	64.35000000000001	187.00000000000003	162.8	68.75	392.0
5053.0	155.7861821086262	143.61150159744423	74.245607028754	145.20000000000002	129.8	70.4	171.05	161.70000000000002	80.30000000000001	626.0
5054.0	169.8467576791809	157.72610921501703	76.62081911262798	160.05	145.75	74.25	178.75000000000003	168.85000000000002	78.65	293.0
5055.0	188.89170146137786	164.5275052192067	127.17917536534446	177.65	158.95000000000002	122.65	194.70000000000002	175.45000000000002	132.0	958.0
5056.0	181.61063829787247	168.4634751773052	123.3432624113475	168.3	151.25	118.25000000000001	196.35000000000002	182.60000000000002	129.8	1551.0
5057.0	189.4361861861862	163.9033033033033	116.86426426426428	176.0	156.20000000000002	112.75000000000001	195.25000000000003	179.85000000000002	120.45	333.0
5058.0	180.00538461538483	176.20999999999998	128.21769230769235	176.55	172.70000000000002	125.4	184.25000000000003	180.95000000000002	132.0	715.0
5059.0	188.50798319327708	170.90168067226878	126.77899159663865	179.85000000000002	160.60000000000002	122.65	200.75000000000003	180.95000000000002	130.35000000000002	1309.0
5060.0	184.46074766355127	163.53697429906583	116.15858644859816	172.70000000000002	149.60000000000002	110.55000000000001	193.05	179.3	127.60000000000001	856.0
5061.0	183.87983918999458	152.4502382370462	130.52197736748062	151.8	134.20000000000002	124.85000000000001	200.20000000000002	182.05	136.4	3358.0
5062.0	187.5309859154928	161.48274647887348	129.8496478873239	163.9	146.85000000000002	124.30000000000001	205.70000000000002	184.8	134.75	1562.0
5063.0	198.4719594594595	180.06925675675654	79.85033783783784	194.15	176.55	74.80000000000001	202.4	183.70000000000002	84.15	444.0
5064.0	155.86432291666645	154.4950520833333	106.56588541666667	147.4	133.10000000000002	97.9	176.0	167.20000000000002	113.85000000000001	2112.0
5065.0	190.97586841029806	185.18457294646493	127.35028606456882	173.25	172.70000000000002	121.55000000000001	206.8	194.70000000000002	130.9	2447.0
5066.0	187.81176283073032	183.6417915205612	134.37813197322282	174.9	165.55	130.9	210.10000000000002	194.70000000000002	137.5	3137.0
5067.0	197.17213055083732	178.9022809997568	129.60928172773595	173.25	161.15	117.15	210.10000000000002	195.25000000000003	136.4	4121.0
5068.0	173.09916748285968	165.77894221351616	105.95472575905976	156.75	144.65	94.60000000000001	196.35000000000002	182.05	114.95	2042.0
5069.0	176.65476190476195	166.8647619047619	110.76738095238096	163.35000000000002	144.65	108.9	194.70000000000002	182.60000000000002	113.85000000000001	210.0
5070.0	173.0913043478262	166.69956521739147	137.4613043478261	165.0	154.0	134.20000000000002	190.85000000000002	173.25	141.35000000000002	1265.0
5071.0	130.3668067226891	148.3806722689076	44.157142857142865	123.75000000000001	131.45000000000002	33.550000000000004	136.4	160.60000000000002	53.35	1309.0
5072.0	164.4219387755103	116.87500000000001	37.72114512471656	158.4	112.2	33.0	170.5	121.55000000000001	41.800000000000004	882.0
5073.0	171.3940364583328	148.61	50.96466145833333	155.10000000000002	115.50000000000001	33.550000000000004	190.85000000000002	171.05	72.05000000000001	1920.0
5074.0	142.49414715719072	143.66036789297635	39.62943143812709	129.8	111.10000000000001	35.2	171.60000000000002	162.25	42.35	598.0
5075.0	154.9529228855719	148.37207711442784	61.63078358208955	147.4	133.10000000000002	56.1	167.75	161.15	66.0	804.0
5076.0	155.1886151797602	145.06085219707083	49.379161118508655	149.60000000000002	136.4	46.75000000000001	162.25	152.9	52.800000000000004	751.0
5077.0	160.29902629016567	150.5746835443038	50.320715676728334	154.0	141.35000000000002	41.800000000000004	166.65	156.20000000000002	57.75000000000001	2054.0
5078.0	169.87820279295704	154.9991499696417	45.70777170613235	161.70000000000002	148.5	39.6	177.10000000000002	162.25	52.25000000000001	1647.0
5079.0	162.8476630963974	164.93252190847122	73.50774099318404	149.05	151.8	67.10000000000001	177.10000000000002	175.45000000000002	79.75	1027.0
5080.0	159.87978533094793	138.95272808586768	79.45483005366727	143.55	129.25	75.9	169.95000000000002	163.35000000000002	83.60000000000001	1118.0
5081.0	171.55900621118008	150.39664596273283	84.84689440993792	146.85000000000002	128.15	71.5	201.3	181.50000000000003	118.80000000000001	805.0
5082.0	187.56594202898555	148.31666666666672	62.79764492753623	182.05	145.75	60.50000000000001	191.95000000000002	151.8	65.45	276.0
5083.0	165.91799132948	162.85325144508676	67.61979768786128	152.9	135.3	64.35000000000001	179.3	174.35000000000002	70.95	692.0
5084.0	169.5566225165561	162.30761589404003	64.34370860927154	157.85000000000002	144.10000000000002	60.50000000000001	184.25000000000003	175.45000000000002	67.65	1661.0
5085.0	186.14784663865518	150.4891281512605	124.36008403361346	177.10000000000002	143.0	119.9	198.55	160.05	128.15	952.0
5086.0	171.0549773755658	165.8590950226245	120.32656108597286	157.85000000000002	139.15	114.4	189.75000000000003	180.4	129.8	1105.0
5087.0	179.89078947368398	148.13552631578943	121.47105263157896	174.35000000000002	141.9	118.25000000000001	183.70000000000002	152.9	125.95000000000002	418.0
5088.0	173.86044891640856	165.3980263157893	122.33753869969041	162.25	147.95000000000002	116.60000000000001	185.9	176.0	127.60000000000001	1292.0
5089.0	173.54893267651877	157.62060755336626	123.64162561576359	160.05	140.8	118.80000000000001	184.8	169.95000000000002	127.05000000000001	609.0
5090.0	179.14483627204032	174.63054156171293	122.3500629722922	169.95000000000002	154.0	117.15	196.35000000000002	183.70000000000002	125.95000000000002	794.0
5091.0	179.64865125240843	165.57013487475942	115.0602119460501	165.0	148.5	112.2	193.60000000000002	179.3	118.80000000000001	519.0
5092.0	172.9489266547404	173.95939177101963	117.58881932021468	164.45000000000002	150.70000000000002	113.85000000000001	193.60000000000002	180.4	121.55000000000001	559.0
5093.0	162.37018518518508	176.35444444444457	120.5925925925926	159.5	174.35000000000002	117.7	165.55	178.20000000000002	123.20000000000002	270.0
5094.0	173.343053645117	167.4610041265476	124.4055364511692	161.70000000000002	149.05	120.45	187.55	177.65	130.35000000000002	1454.0
5095.0	170.06966338259457	169.1295155993431	125.94187192118227	158.95000000000002	141.35000000000002	120.45	189.75000000000003	179.3	130.35000000000002	1218.0
5096.0	175.35546006066738	169.22482305358943	122.90692618806877	165.0	149.05	118.80000000000001	192.50000000000003	180.4	127.05000000000001	989.0
5097.0	176.3003740648378	170.01034912718197	123.53054862842895	169.95000000000002	154.55	121.00000000000001	190.3	177.10000000000002	126.50000000000001	401.0
5098.0	172.68298969072157	159.8561855670105	124.10876288659793	160.05	144.65	112.75000000000001	191.4	169.95000000000002	130.35000000000002	1067.0
5099.0	173.14665539270908	162.7574220217963	112.14336715520483	157.3	140.25	105.60000000000001	200.75000000000003	184.25000000000003	119.35000000000001	2661.0
5100.0	153.3529411764707	142.46700603318232	100.63589743589745	150.15	138.60000000000002	95.15	156.75	146.85000000000002	108.35000000000001	1326.0
5101.0	186.1405990957047	149.55751695553928	93.73065184626981	149.05	129.8	80.30000000000001	206.8	191.95000000000002	102.85000000000001	2654.0
5102.0	187.45228771640552	161.06022258862336	92.48116240725474	161.70000000000002	132.0	83.60000000000001	204.60000000000002	187.55	108.35000000000001	2426.0
5103.0	176.15483960177	164.31797566371688	78.57881637168143	146.85000000000002	136.4	74.25	201.3	189.75000000000003	86.35000000000001	1808.0
5104.0	196.21368194842404	177.02356733524357	78.85802292263611	193.05	173.25	74.80000000000001	199.10000000000002	180.4	83.05000000000001	698.0
5105.0	197.66633642495796	168.47251264755485	122.51574620573358	172.15	147.95000000000002	116.05000000000001	212.85000000000002	195.25000000000003	127.60000000000001	2372.0
5106.0	196.44333800841545	178.745371669004	122.66671341748483	180.95000000000002	156.20000000000002	117.15	212.85000000000002	195.8	128.15	2139.0
5107.0	180.8313225058004	158.14733178654316	108.39593967517402	154.55	138.60000000000002	105.05000000000001	202.95000000000002	185.9	113.85000000000001	431.0
5108.0	195.02971576227387	144.39276485788125	110.18191214470286	190.85000000000002	140.8	106.7	200.75000000000003	148.5	113.30000000000001	387.0
5109.0	142.14142638036805	131.09924846625768	45.390521472392656	135.3	122.10000000000001	35.75	152.35000000000002	144.10000000000002	53.35	3260.0
5110.0	154.82188679245277	118.74863207547172	42.538867924528304	142.45000000000002	109.45	36.300000000000004	168.3	128.15	51.7	1060.0
5111.0	171.05034854245852	163.86061470215463	151.59679974651462	154.55	146.85000000000002	147.4	190.3	171.05	156.20000000000002	1578.0
5112.0	183.14961457603388	166.24106517168877	150.54929922915207	168.3	157.3	148.5	189.75000000000003	172.15	153.45000000000002	1427.0
5113.0	175.80249895002117	157.86778664426737	150.90650986980262	158.95000000000002	139.70000000000002	146.85000000000002	190.3	174.9	157.3	2381.0
5114.0	160.94624999999994	155.47624999999996	154.140625	155.10000000000002	141.9	152.35000000000002	169.95000000000002	164.45000000000002	155.10000000000002	880.0
5115.0	171.01628830874043	149.9943435489968	154.37395005675373	158.95000000000002	141.35000000000002	151.8	185.35000000000002	162.25	158.4	2643.0
5116.0	148.88403375818095	134.60468480881846	39.04280055115399	127.05000000000001	109.45	33.0	171.60000000000002	164.45000000000002	46.2	2903.0
5117.0	154.83701986754988	119.9633774834437	41.703112582781465	145.75	112.75000000000001	37.400000000000006	161.70000000000002	127.05000000000001	47.85	755.0
5118.0	166.50759577278694	157.15577939233836	59.594715984147925	149.05	136.4	50.050000000000004	183.15	163.9	68.2	1514.0
5119.0	173.78826219512203	148.4748475609753	73.90792682926829	160.05	132.55	70.4	183.70000000000002	177.10000000000002	77.55000000000001	984.0
5120.0	147.5256676557863	148.92433234421367	76.69317507418398	144.65	144.65	73.15	150.15	154.55	82.5	337.0
5121.0	172.5809746696033	161.53584801762122	65.22497246696035	149.05	133.10000000000002	59.400000000000006	187.55	175.45000000000002	73.7	1816.0
5122.0	174.86267465069866	149.96996007984023	66.43253493013972	156.75	140.25	61.60000000000001	184.8	169.4	71.5	501.0
5123.0	182.98076923076945	170.90615384615393	121.91868131868134	168.3	152.35000000000002	116.05000000000001	199.10000000000002	184.25000000000003	127.05000000000001	455.0
5124.0	186.10929729729705	170.1812972972972	118.0977837837838	179.3	159.5	112.75000000000001	194.15	180.4	122.10000000000001	925.0
5125.0	179.41048034934494	178.4041484716156	117.46222707423581	177.10000000000002	176.0	114.4	182.05	180.4	119.35000000000001	229.0
5126.0	191.42283737024223	171.2850346020761	119.49939446366783	187.00000000000003	166.10000000000002	115.50000000000001	195.8	177.65	124.85000000000001	578.0
5127.0	203.95286396181388	175.8831742243437	107.63723150357997	189.20000000000002	163.35000000000002	99.55000000000001	215.60000000000002	196.9	112.75000000000001	838.0
5128.0	179.65831683168304	171.5531683168319	75.82920792079209	166.10000000000002	141.35000000000002	73.7	198.00000000000003	188.65	79.2	505.0
5129.0	167.6617537313434	174.8538246268658	109.97639925373136	155.65	141.35000000000002	106.7	194.70000000000002	184.8	113.85000000000001	536.0
5130.0	183.5195614035089	164.37570175438597	108.19754385964913	160.60000000000002	142.45000000000002	105.05000000000001	202.95000000000002	188.10000000000002	113.30000000000001	570.0
5131.0	174.24335696670798	156.191692355117	150.39465166461162	157.3	141.35000000000002	145.75	187.55	168.85000000000002	156.20000000000002	3244.0
5132.0	174.0272300469493	155.18693270735557	150.80978960180838	158.95000000000002	142.45000000000002	146.3	185.35000000000002	165.0	155.10000000000002	5751.0
5133.0	177.55709754163354	164.2742268041237	150.13517049960348	165.55	160.60000000000002	146.85000000000002	186.45000000000002	168.85000000000002	152.9	1261.0
5134.0	169.19103942652256	154.4892174432501	54.50421146953404	148.5	135.3	47.300000000000004	182.05	163.9	69.30000000000001	3348.0
5135.0	191.41695205479448	172.5273401826483	109.96107305936073	185.35000000000002	167.20000000000002	75.9	196.9	179.3	123.75000000000001	876.0
5136.0	189.23659491193746	170.83258317025442	114.98605675146773	184.25000000000003	165.55	74.25	193.05	175.45000000000002	131.45000000000002	1022.0
5137.0	189.3893913043479	193.78173913043494	111.95608695652176	185.35000000000002	188.65	107.80000000000001	192.50000000000003	198.55	115.50000000000001	575.0
5138.0	196.7610798122068	173.8960563380283	74.9900469483568	188.10000000000002	167.20000000000002	70.95	201.85000000000002	181.50000000000003	79.2	1065.0
5139.0	196.95027700831037	177.6144506001847	85.23425669436752	189.20000000000002	167.75	79.75	202.4	184.8	92.95	1083.0
5140.0	193.36911167512685	176.22251269035522	76.83388324873097	185.9	163.35000000000002	72.05000000000001	201.85000000000002	183.70000000000002	82.5	1970.0
5141.0	193.67059386973168	156.38438697317994	78.84571360153258	166.10000000000002	142.45000000000002	73.15	205.15	190.85000000000002	86.35000000000001	2088.0
5142.0	190.95296803652963	161.40783866057834	77.0318112633181	173.25	147.95000000000002	73.7	200.20000000000002	190.3	80.85000000000001	657.0
5143.0	189.44812703583068	149.57402280130296	84.47426710097723	150.70000000000002	132.0	78.10000000000001	205.15	193.05	92.95	2456.0
5144.0	195.03030199039125	153.48699382292384	107.64107755662322	156.75	137.5	100.65	209.00000000000003	190.85000000000002	113.85000000000001	1457.0
5145.0	197.83626436781594	179.39545977011508	81.74896551724139	190.85000000000002	173.8	75.9	202.4	183.15	86.35000000000001	870.0
5146.0	197.7436514195581	178.2234227129335	83.62255520504732	190.85000000000002	171.05	77.55000000000001	202.95000000000002	183.70000000000002	90.2	1268.0
5147.0	198.67356484762573	180.8256555634302	121.77413182140327	189.75000000000003	169.4	113.30000000000001	206.8	190.85000000000002	129.25	1411.0
5148.0	198.7319277108431	179.4957831325303	123.75120481927715	192.50000000000003	171.60000000000002	117.7	205.15	185.9	128.70000000000002	913.0
5149.0	201.66681240063582	177.870349761526	123.7180842607313	195.8	173.8	118.80000000000001	206.8	182.60000000000002	129.25	1258.0
5150.0	166.32397590361373	153.41736445783127	58.41960843373492	149.60000000000002	135.85000000000002	51.150000000000006	177.65	163.35000000000002	66.55000000000001	3320.0
5151.0	161.9903819918146	148.98472032742168	59.015825375170536	150.15	136.4	53.35	172.15	160.05	63.25000000000001	733.0
5152.0	166.73960342979623	156.88971061093275	60.483788853161876	151.25	144.10000000000002	52.800000000000004	180.4	165.55	68.2	1866.0
5153.0	167.61126126126126	167.73053410553408	66.4243564993565	148.5	144.65	58.300000000000004	187.00000000000003	176.55	78.65	1554.0
5154.0	181.1199570815449	140.95579399141639	70.7942060085837	173.25	132.0	65.45	188.10000000000002	148.5	75.35000000000001	466.0
5155.0	178.08629807692316	156.18783653846157	73.25841346153847	146.85000000000002	146.3	63.800000000000004	189.75000000000003	165.55	79.75	1040.0
5156.0	181.49801873198822	155.67100144092214	72.35709654178675	155.65	137.5	69.85000000000001	195.25000000000003	184.25000000000003	77.0	1388.0
5157.0	176.81458333333336	170.79333333333318	73.93166666666667	166.65	148.5	69.30000000000001	191.95000000000002	183.70000000000002	78.65	1320.0
5158.0	207.08230897009955	183.4263704318937	118.55606312292359	199.65	176.0	111.65	211.75000000000003	190.3	123.20000000000002	1204.0
5159.0	156.57286103542262	142.41103542234333	149.39888283378747	150.15	135.85000000000002	144.65	164.45000000000002	152.35000000000002	153.45000000000002	1835.0
5160.0	156.0558550185874	142.59721189591107	151.97736988847583	150.70000000000002	136.4	147.95000000000002	164.45000000000002	151.8	154.55	1076.0
5161.0	154.47214285714315	139.68178571428572	151.57607142857145	146.3	129.25	148.5	162.25	151.25	155.65	1540.0
5162.0	188.8444108761328	167.11941087613278	151.3712990936556	182.60000000000002	158.4	149.05	191.95000000000002	174.35000000000002	153.45000000000002	662.0
5163.0	207.03571428571428	183.70587949465522	116.17614188532556	201.3	177.65	111.65	211.20000000000002	188.10000000000002	121.00000000000001	1029.0
5164.0	206.75565669700916	181.02438231469432	118.0683355006502	202.95000000000002	176.0	113.30000000000001	209.55	185.9	123.20000000000002	769.0
5165.0	205.11593806921675	180.12850637522772	127.62905282331513	201.85000000000002	176.55	123.20000000000002	207.35000000000002	183.15	132.0	549.0
5166.0	151.3840229885056	141.8342528735631	91.60850574712647	147.4	133.65	87.45	158.95000000000002	151.8	96.25000000000001	870.0
5167.0	153.2971560130011	142.70920910075844	93.14098049837483	147.95000000000002	133.10000000000002	87.45	163.35000000000002	152.9	99.55000000000001	1846.0
5168.0	160.23801916932916	136.00990415335465	74.8702875399361	155.10000000000002	133.65	72.60000000000001	164.45000000000002	138.05	78.10000000000001	313.0
5169.0	178.40418641390212	162.50458135860987	102.02890995260664	160.05	143.0	80.85000000000001	194.15	178.75000000000003	115.50000000000001	633.0
5170.0	185.69419354838715	185.26838709677415	107.3741935483871	183.15	183.70000000000002	104.50000000000001	188.10000000000002	187.55	108.9	155.0
5171.0	197.06410423452772	167.58482084690567	141.18553745928338	192.50000000000003	158.95000000000002	137.5	205.15	172.15	144.65	1535.0
5172.0	158.4512385568122	149.2573236402798	150.2678782983307	152.35000000000002	140.8	145.75	169.4	167.75	153.45000000000002	1857.0
5173.0	172.68491773308958	151.3083180987199	149.0915600243754	158.4	138.05	145.20000000000002	187.00000000000003	168.3	155.65	1641.0
5174.0	205.49590047393374	181.43014218009463	127.05182464454974	195.25000000000003	171.60000000000002	121.00000000000001	212.85000000000002	192.50000000000003	132.0	2110.0
5175.0	204.9898245614035	185.3843508771928	126.44673684210522	199.10000000000002	179.85000000000002	119.9	210.10000000000002	189.75000000000003	130.9	1425.0
5176.0	169.6976640419949	141.70454068241472	154.9703674540683	149.05	129.8	147.4	187.00000000000003	169.4	161.15	1905.0
5177.0	161.66169154228862	152.4320895522387	73.2534328358209	143.55	130.9	64.35000000000001	191.4	167.20000000000002	79.2	1005.0
5178.0	170.4790715372907	144.0196347031963	70.77336377473365	167.20000000000002	138.60000000000002	67.65	175.45000000000002	149.05	74.80000000000001	657.0
5179.0	171.6390322580646	161.581129032258	146.05456989247313	157.85000000000002	140.8	140.8	190.3	173.8	151.25	930.0
5180.0	181.30397923875427	149.96412918108416	143.15034602076122	160.60000000000002	138.60000000000002	139.70000000000002	190.85000000000002	170.5	147.4	867.0
5181.0	183.71643323996256	170.1025210084033	147.16120448179274	168.3	151.25	144.10000000000002	198.55	185.35000000000002	150.15	1071.0
5182.0	196.82052667116812	166.57683997299142	146.8314314652262	191.4	152.9	142.45000000000002	202.95000000000002	172.15	153.45000000000002	1481.0
5183.0	199.8644177812748	162.42222659323423	144.12098741148705	193.60000000000002	155.65	140.25	207.35000000000002	167.75	150.15	2542.0
5184.0	183.3769230769231	170.46538461538475	141.69526627218937	168.85000000000002	149.60000000000002	135.85000000000002	202.95000000000002	187.00000000000003	147.4	1859.0
5185.0	178.52529544175616	181.85005627462007	144.9177265053461	172.15	176.0	141.35000000000002	184.8	187.55	147.95000000000002	1777.0
5186.0	178.1402583255527	163.38594771241787	145.26727357609712	156.20000000000002	143.55	139.15	199.10000000000002	183.15	150.70000000000002	3213.0
5187.0	168.10323943661973	173.69000000000005	123.97232394366199	153.45000000000002	141.9	119.9	200.20000000000002	185.9	128.15	710.0
5188.0	168.77127862595415	168.5130725190842	148.20400763358782	160.05	165.55	145.75	180.4	171.60000000000002	150.15	524.0
5189.0	167.60388580491667	152.55412371134014	154.19103885804918	154.55	140.25	150.70000000000002	186.45000000000002	171.05	157.85000000000002	1261.0
5190.0	185.0344571428571	166.9680571428572	64.07091428571431	173.25	155.65	60.50000000000001	192.50000000000003	178.75000000000003	68.75	875.0
5191.0	158.45734597156414	151.59726171669334	124.86535018430756	147.4	138.60000000000002	113.85000000000001	164.45000000000002	162.25	136.4	1899.0
5192.0	149.908850457782	166.22589013224817	113.67990844354019	144.10000000000002	163.35000000000002	103.95	154.55	171.60000000000002	121.00000000000001	983.0
5193.0	195.76973032471085	140.65864061640136	133.7925701706109	187.00000000000003	129.8	125.95000000000002	207.9	147.95000000000002	138.05	1817.0
5194.0	161.66261261261258	153.4470720720719	102.2286036036036	146.85000000000002	132.55	92.95	182.05	172.15	113.30000000000001	2442.0
5195.0	169.64639479905406	163.11205673758886	148.87056737588654	149.60000000000002	147.4	143.55	195.8	178.20000000000002	152.35000000000002	846.0
5196.0	192.5997875122588	175.5449329846354	141.246436744034	185.35000000000002	168.3	136.4	198.00000000000003	180.4	148.5	3059.0
5197.0	172.49084507042244	156.22283172720546	146.36910674573758	152.9	133.65	139.70000000000002	194.15	177.65	155.10000000000002	2698.0
5198.0	187.60123726346453	141.72507278020421	143.5656113537118	181.50000000000003	136.95000000000002	139.70000000000002	192.50000000000003	147.4	149.60000000000002	1374.0
5199.0	162.5553245116575	174.76865154379328	140.0767170762445	157.3	168.85000000000002	135.85000000000002	169.4	180.95000000000002	144.10000000000002	1587.0
5200.0	169.15170603674522	175.80511811023658	145.51686351706036	162.8	170.5	141.9	174.35000000000002	182.60000000000002	148.5	1524.0
5201.0	195.12800146412886	144.25139092240119	136.86101756954614	187.00000000000003	138.05	133.65	200.75000000000003	149.60000000000002	139.70000000000002	1366.0
5202.0	168.55294117647068	179.14191176470595	141.51102941176472	162.8	173.8	136.4	173.8	183.15	145.20000000000002	1496.0
5203.0	170.41666666666623	157.11379310344876	148.6376436781609	155.65	142.45000000000002	144.65	188.65	172.15	152.9	1914.0
5204.0	166.41893678160918	155.8633620689661	151.4617816091954	154.55	143.55	147.4	187.55	167.20000000000002	157.3	1740.0
5205.0	165.88995689655204	143.52344827586185	154.4177155172414	151.25	135.3	149.05	178.75000000000003	166.65	159.5	1160.0
5206.0	170.77394877675874	150.9588111620792	155.44627293577986	150.70000000000002	132.55	148.5	186.45000000000002	174.9	161.15	2616.0
5207.0	182.47709984152138	162.85229793977808	65.6905705229794	168.3	149.05	61.050000000000004	194.15	180.95000000000002	69.30000000000001	631.0
5208.0	152.13085271317846	150.34441860465097	82.85131782945736	143.55	129.8	80.30000000000001	169.4	163.35000000000002	87.45	645.0
5209.0	176.18445807770976	166.48466257668707	77.38466257668712	172.70000000000002	162.8	73.7	180.4	170.5	80.85000000000001	489.0
5210.0	197.51276894293758	179.86775023386332	136.1635874649205	188.10000000000002	173.8	130.35000000000002	206.25000000000003	185.9	143.0	2138.0
5211.0	159.24125452352226	139.32647768395674	146.39951749095297	146.85000000000002	127.05000000000001	142.45000000000002	168.85000000000002	153.45000000000002	151.8	829.0
5212.0	181.832928240741	176.817997685185	145.44253472222223	173.8	173.25	141.9	191.4	179.85000000000002	149.05	864.0
5213.0	187.3996558505407	180.05280235988187	147.4254178957719	180.4	176.0	143.55	193.05	183.15	152.35000000000002	1017.0
5214.0	173.27000742390484	160.12063845582782	82.12945434298442	154.55	135.85000000000002	79.2	194.15	185.35000000000002	85.25	2694.0
5215.0	176.8531684027777	161.86519097222214	81.95238715277777	162.25	143.55	78.10000000000001	192.50000000000003	182.60000000000002	85.80000000000001	1152.0
5216.0	190.55828729281765	156.6649171270718	112.51298342541438	188.65	152.35000000000002	108.9	193.05	160.60000000000002	114.95	181.0
5217.0	188.91294820717133	165.1621513944223	113.40298804780878	173.25	155.10000000000002	108.35000000000001	196.35000000000002	182.60000000000002	117.7	251.0
5218.0	175.28299595141704	153.31268556005404	139.91153846153847	161.15	141.35000000000002	136.4	185.9	168.3	142.45000000000002	741.0
5219.0	163.78983557548565	143.19587070254107	150.2385837070254	146.3	127.60000000000001	143.55	191.95000000000002	167.75	157.85000000000002	2676.0
5220.0	199.5300947867299	174.02764612954195	138.03609794628753	194.70000000000002	171.60000000000002	134.75	205.70000000000002	177.65	141.9	633.0
5221.0	202.51914481525623	176.14864421930878	142.9390345649583	191.4	169.4	134.20000000000002	213.4	188.65	154.0	3356.0
5222.0	183.4158026755854	137.70877926421406	152.0372909698997	179.3	132.55	146.3	187.00000000000003	143.0	156.20000000000002	598.0
5223.0	188.78552803129065	154.51773142112134	151.59204693611474	185.35000000000002	145.75	147.95000000000002	191.4	163.9	155.65	767.0
5224.0	157.17704326923086	150.12487980769228	70.75697115384615	141.9	126.50000000000001	66.55000000000001	176.0	168.85000000000002	74.80000000000001	416.0
5225.0	203.92471878515164	178.81619797525317	144.449550056243	198.55	173.8	137.5	210.10000000000002	186.45000000000002	151.25	1778.0
5226.0	193.58066406249992	173.83867187500013	150.8439453125	189.20000000000002	169.95000000000002	146.3	196.9	177.10000000000002	154.0	768.0
5227.0	169.24581589958177	152.07500000000041	145.7476987447699	150.15	133.10000000000002	138.05	188.10000000000002	172.15	155.10000000000002	956.0
5228.0	164.64504343382737	153.38620337250927	64.67966274910577	148.5	134.20000000000002	60.50000000000001	180.95000000000002	170.5	69.85000000000001	1957.0
5229.0	168.89285714285717	146.94714285714284	140.0664285714286	156.20000000000002	140.25	136.95000000000002	178.20000000000002	158.4	144.10000000000002	770.0
5230.0	197.0282094594596	177.3819679054052	148.80240709459463	192.50000000000003	174.35000000000002	143.0	201.85000000000002	180.95000000000002	154.0	1184.0
5231.0	181.41779891304353	167.2292934782613	147.32766304347825	152.35000000000002	153.45000000000002	141.9	196.35000000000002	179.85000000000002	150.70000000000002	1840.0
5232.0	180.8613858961798	164.0198579823705	148.700930460333	158.95000000000002	140.25	142.45000000000002	199.65	177.65	156.20000000000002	2042.0
5233.0	173.42034596375603	169.42446457990104	81.83673805601319	163.35000000000002	148.5	78.10000000000001	190.3	183.70000000000002	84.7	607.0
5234.0	157.76375415282354	158.2995016611297	148.4455481727575	148.5	129.25	142.45000000000002	185.9	171.05	156.75	1505.0
5235.0	178.78346560846583	140.79163359788362	154.51944444444447	163.35000000000002	135.85000000000002	149.60000000000002	188.65	150.15	158.4	1512.0
5236.0	175.33444065871626	148.5580919931858	152.01831345826236	155.65	137.5	147.4	188.65	171.60000000000002	157.85000000000002	1761.0
5237.0	173.60143769968045	164.15713525026626	58.23029818956337	166.10000000000002	151.25	53.35	184.25000000000003	172.15	61.60000000000001	939.0
5238.0	176.10301857585128	162.543730650155	76.60239938080495	158.4	144.65	72.60000000000001	186.45000000000002	173.8	81.4	1292.0
5239.0	176.392857142857	164.32923280423276	117.14078483245152	165.55	146.85000000000002	113.30000000000001	187.55	175.45000000000002	122.10000000000001	1134.0
5240.0	164.98155136268358	144.94806079664542	71.14832285115304	142.45000000000002	127.05000000000001	67.10000000000001	179.85000000000002	172.70000000000002	74.80000000000001	954.0
5241.0	177.11377347751863	166.06869664200372	101.85862265224817	163.9	144.65	97.9	193.05	180.95000000000002	106.15	1757.0
5242.0	200.53909479686396	178.48107626514619	141.94312188168212	195.8	172.15	132.0	205.70000000000002	187.00000000000003	150.15	2806.0
5243.0	203.4535436893204	177.85451456310687	138.66033980582526	200.20000000000002	173.8	135.3	208.45000000000002	184.25000000000003	143.0	1030.0
5244.0	174.2010666086198	133.79486286460602	152.11271223334785	164.45000000000002	128.15	143.55	184.8	140.25	158.4	2297.0
5245.0	171.16296734500696	140.33954093705657	149.96909607193567	149.05	128.70000000000002	143.55	184.8	167.20000000000002	159.5	2113.0
5246.0	165.41524999999996	134.31550000000001	76.5765	161.70000000000002	130.35000000000002	74.25	168.85000000000002	136.95000000000002	78.10000000000001	200.0
5247.0	173.40916905444126	155.31905444126085	82.06346704871059	169.4	142.45000000000002	76.45	177.65	171.05	86.9	349.0
5248.0	169.04844221105515	158.5274120603017	82.50525125628141	157.3	141.35000000000002	74.25	180.95000000000002	169.95000000000002	86.9	1990.0
5249.0	163.55072507552885	160.6179456193354	68.60277945619336	148.5	133.10000000000002	63.800000000000004	184.8	177.65	72.60000000000001	1655.0
5250.0	183.35767090620007	139.43855325914151	66.57798092209859	177.10000000000002	134.20000000000002	61.050000000000004	189.75000000000003	143.0	71.5	1258.0
5251.0	179.11844660194163	133.16229773462786	150.5504854368932	174.9	130.35000000000002	146.3	182.60000000000002	136.4	154.0	309.0
5252.0	188.4898613518198	168.11476025418827	102.28601964182555	176.55	158.4	96.25000000000001	199.10000000000002	182.05	107.80000000000001	1731.0
5253.0	186.8987810707457	173.28338910133832	104.38432122370938	177.10000000000002	158.4	99.00000000000001	199.10000000000002	184.25000000000003	108.9	2092.0
5254.0	173.61127747252726	164.27321428571446	96.73729395604396	150.70000000000002	130.9	90.2	199.65	189.20000000000002	105.60000000000001	3640.0
5255.0	184.58697183098602	160.34823943661988	100.47570422535212	157.3	135.85000000000002	94.60000000000001	205.15	194.15	105.05000000000001	994.0
5256.0	187.6412322274881	172.6609004739337	102.24786729857821	174.9	155.10000000000002	98.45	200.75000000000003	187.00000000000003	107.25000000000001	422.0
5257.0	190.94440298507462	159.29008528784692	128.11745735607676	168.3	147.95000000000002	122.65	202.95000000000002	184.25000000000003	133.10000000000002	1876.0
5258.0	180.59139194139206	163.2784798534798	132.64368131868133	167.20000000000002	150.15	129.8	193.60000000000002	178.20000000000002	135.3	546.0
5259.0	173.85584615384624	173.66630769230773	132.68369230769233	170.5	170.5	130.9	177.10000000000002	178.20000000000002	134.75	325.0
5260.0	186.2763796909491	162.46611479028712	129.27671081677707	167.20000000000002	148.5	122.10000000000001	200.75000000000003	181.50000000000003	134.20000000000002	1359.0
5261.0	151.99559543230038	140.20334420880914	72.37659053833603	149.05	136.4	69.30000000000001	155.65	145.20000000000002	74.80000000000001	613.0
5262.0	192.14379562043814	144.6405109489051	90.24087591240881	187.00000000000003	140.25	85.80000000000001	198.55	149.60000000000002	96.25000000000001	1507.0
5263.0	178.91586137954036	160.46932689103613	90.07647450849713	154.55	135.85000000000002	83.05000000000001	199.65	187.55	95.7	3001.0
5264.0	167.8049999999999	148.3877272727272	62.224090909090904	147.4	132.55	57.2	183.15	167.75	68.2	1210.0
5265.0	177.7511678832118	186.41226277372238	126.66058394160585	173.25	183.15	122.65	183.15	190.3	129.25	685.0
5266.0	159.21471019809246	162.18099779897298	69.67648569332356	142.45000000000002	134.75	64.9	187.55	179.85000000000002	75.9	1363.0
5267.0	160.0058528428094	166.74197324414695	69.98933946488295	145.20000000000002	133.10000000000002	65.45	187.00000000000003	180.95000000000002	75.9	1196.0
5268.0	170.75215384615396	149.77938461538503	124.74733333333336	155.65	140.25	122.10000000000001	177.65	164.45000000000002	127.60000000000001	975.0
5269.0	179.99987350921583	156.21172750271043	91.6846223346585	151.25	133.65	64.35000000000001	198.55	185.35000000000002	103.95	2767.0
5270.0	170.14236453201988	164.38807178043643	86.61319493314568	154.0	132.55	79.75	190.3	187.55	92.4	1421.0
5271.0	185.0267916207276	158.65893054024258	87.2007717750827	162.8	142.45000000000002	82.5	198.55	186.45000000000002	92.95	907.0
5272.0	191.61779197080298	174.23558394160585	93.21195255474454	184.25000000000003	171.05	79.2	196.35000000000002	177.10000000000002	134.20000000000002	548.0
5273.0	187.23896551724147	162.18804597701148	93.4696551724138	184.25000000000003	158.95000000000002	89.65	190.3	165.55	99.00000000000001	435.0
5274.0	181.7647642679901	173.24044665012406	104.95583126550869	177.65	169.95000000000002	101.75000000000001	185.35000000000002	177.10000000000002	108.35000000000001	403.0
5275.0	176.32907503234168	158.93061125485158	101.30316946959898	166.10000000000002	149.60000000000002	93.50000000000001	187.55	170.5	109.45	3092.0
5276.0	193.36170550847459	164.5560381355934	103.04459745762712	171.60000000000002	141.9	79.2	204.05	187.55	122.65	944.0
5277.0	170.29166666666663	185.13958333333335	89.02291666666669	167.75	182.60000000000002	85.80000000000001	172.70000000000002	187.55	93.50000000000001	264.0
5278.0	158.254842615012	148.13644067796614	95.36440677966102	149.05	134.75	74.25	168.3	166.10000000000002	122.65	413.0
5279.0	177.14942487419185	171.69647735442118	93.3912652767793	166.65	152.9	86.9	195.8	183.15	101.2	1391.0
5280.0	182.4726645004062	170.56031681559702	94.42932575142163	165.0	146.3	80.30000000000001	202.95000000000002	188.10000000000002	109.45	1231.0
5281.0	190.4840725806451	171.18454301075275	103.41922043010753	174.9	153.45000000000002	95.15	206.25000000000003	191.95000000000002	109.45	744.0
5282.0	172.34405315614643	160.01893687707673	97.05435215946844	155.65	133.10000000000002	92.4	192.50000000000003	181.50000000000003	102.30000000000001	1505.0
5283.0	153.28390728476796	142.44708609271538	49.54443708609271	143.55	129.25	45.1	165.55	155.65	52.800000000000004	755.0
5284.0	173.75111111111113	167.59111111111113	129.86844444444446	170.5	165.55	126.50000000000001	177.65	169.4	133.65	225.0
5285.0	152.85602022058836	152.5451286764707	147.55772058823533	149.05	140.25	143.55	156.20000000000002	165.55	151.25	1088.0
5286.0	152.94534693877563	145.19910204081626	73.41444897959185	143.55	129.25	67.65	169.95000000000002	161.15	80.30000000000001	1225.0
5287.0	155.6090425531915	150.73627659574456	69.52117021276597	147.95000000000002	133.10000000000002	66.0	169.95000000000002	161.70000000000002	72.05000000000001	470.0
5288.0	179.20685483870975	167.61870967741933	92.18266129032259	171.05	150.70000000000002	59.400000000000006	191.95000000000002	180.95000000000002	102.30000000000001	1240.0
5289.0	158.8292682926825	149.6586007702182	64.57840179717584	150.70000000000002	138.05	57.2	168.85000000000002	158.95000000000002	71.5	3116.0
5290.0	172.24110198494168	157.13360711841193	63.313997262149215	157.85000000000002	138.60000000000002	56.650000000000006	180.95000000000002	167.20000000000002	71.5	1461.0
5291.0	183.49564220183478	161.65422673656659	61.33292922673656	176.0	136.95000000000002	55.00000000000001	191.4	173.8	72.05000000000001	1526.0
5292.0	167.50833333333335	160.8154761904765	120.34880952380954	161.15	143.0	117.7	179.85000000000002	172.15	122.65	462.0
5293.0	178.7388728323702	166.39947976878585	91.78991329479769	169.95000000000002	155.65	84.7	189.20000000000002	175.45000000000002	99.00000000000001	1730.0
5294.0	179.50242718446583	165.7563106796116	92.21456310679613	169.95000000000002	156.75	87.45	187.55	173.25	102.85000000000001	1133.0
5295.0	179.1077854671278	166.6722029988468	99.15732410611305	172.70000000000002	158.4	94.60000000000001	185.35000000000002	171.60000000000002	103.4	867.0
5296.0	182.0171641791045	166.92238805970163	112.44029850746269	154.0	144.10000000000002	106.7	199.65	188.65	118.80000000000001	737.0
5297.0	192.80390600190492	173.79423626548098	94.40770085741508	179.3	152.9	83.05000000000001	204.05	188.10000000000002	106.15	3149.0
5298.0	167.85121527777773	166.10620659722215	71.01302083333334	146.3	133.65	63.800000000000004	190.85000000000002	181.50000000000003	80.85000000000001	1152.0
5299.0	168.48017241379313	164.44051724137918	81.62758620689657	166.65	162.25	79.75	171.05	166.65	84.7	116.0
5300.0	167.84232613908864	158.44286570743395	61.62374100719427	149.05	135.3	53.900000000000006	183.70000000000002	169.4	69.30000000000001	1668.0
5301.0	167.585778635779	150.28661518661477	62.11814671814671	159.5	141.35000000000002	58.85	172.70000000000002	162.25	64.35000000000001	777.0
5302.0	172.74256870443082	153.57462142456544	85.78766124509255	157.3	136.4	77.0	184.25000000000003	173.25	90.75000000000001	1783.0
5303.0	172.52729468599009	156.34465915190538	82.42707997852925	156.75	138.05	75.35000000000001	184.25000000000003	171.60000000000002	88.55000000000001	1863.0
5304.0	172.92953169799253	158.14068174577844	83.95813953488374	152.35000000000002	135.3	80.30000000000001	193.60000000000002	184.8	88.55000000000001	3139.0
5305.0	167.81661151555303	163.64483785572477	95.62465254798146	149.60000000000002	129.8	90.2	192.50000000000003	183.15	102.30000000000001	1511.0
5306.0	169.01615925058556	184.74590163934428	129.4264637002342	163.35000000000002	181.50000000000003	124.85000000000001	172.70000000000002	187.00000000000003	133.65	427.0
5307.0	157.9129647749507	143.91971624266134	132.5865949119374	152.9	139.15	128.15	162.25	150.15	139.70000000000002	1022.0
5308.0	175.7772727272726	157.6123376623379	82.59805194805195	165.0	149.05	79.75	186.45000000000002	169.95000000000002	85.80000000000001	847.0
5309.0	177.36724137931034	160.68965517241386	89.73505747126434	163.35000000000002	144.10000000000002	86.9	190.85000000000002	179.3	92.4	957.0
5310.0	150.31122359154912	136.50699823943663	73.22794894366197	133.10000000000002	121.55000000000001	67.65	163.9	151.25	77.55000000000001	1136.0
5311.0	173.91257680491552	163.05746927803426	86.96927803379418	152.9	143.0	80.85000000000001	194.70000000000002	184.25000000000003	92.95	2604.0
5312.0	175.94862311015177	157.45947624190066	88.03920086393089	155.65	137.5	84.7	191.95000000000002	182.60000000000002	91.30000000000001	1852.0
5313.0	171.616375139561	163.11440267956834	86.35184220320059	155.10000000000002	138.05	81.95	191.4	182.05	89.65	2687.0
5314.0	175.01811391223148	160.15168067226904	88.80420168067228	159.5	145.20000000000002	84.7	191.95000000000002	177.65	92.95	1071.0
5315.0	166.9496858168761	151.70421903052065	91.9907091561939	144.10000000000002	127.60000000000001	69.30000000000001	189.75000000000003	174.35000000000002	149.05	1114.0
5316.0	163.7219262295082	162.99272540983623	61.673258196721314	155.65	160.60000000000002	58.300000000000004	171.05	166.10000000000002	64.9	488.0
5317.0	167.5026157546601	155.8778713168972	77.13824413710164	139.15	132.0	66.0	182.60000000000002	171.05	89.10000000000001	1663.0
5318.0	165.9017920441119	155.05624261520302	69.3049822764868	156.75	143.0	61.60000000000001	174.35000000000002	161.70000000000002	77.0	2539.0
5319.0	170.6484630163304	157.93876080691655	75.83078770413066	161.15	146.85000000000002	66.0	178.75000000000003	168.85000000000002	83.60000000000001	1041.0
5320.0	169.87684174624857	150.61896316507486	84.3432128240109	156.20000000000002	135.3	75.35000000000001	180.95000000000002	168.3	90.2	1466.0
5321.0	178.5288601036272	164.41181347150257	71.31875647668393	169.95000000000002	152.9	68.2	187.00000000000003	174.35000000000002	74.25	965.0
5322.0	182.03271857923528	162.37322404371577	61.751775956284135	173.25	154.55	58.300000000000004	188.10000000000002	173.8	66.55000000000001	732.0
5323.0	171.0054761904761	157.3007482993197	70.02285714285715	157.85000000000002	144.65	64.9	182.05	167.75	76.45	1470.0
5324.0	176.3581395348836	159.31903531438422	70.24698535745048	163.9	144.65	67.65	187.55	173.25	75.35000000000001	1161.0
5325.0	146.25149750415974	140.4238768718802	83.86722129783695	136.95000000000002	132.55	46.75000000000001	160.05	150.70000000000002	138.60000000000002	601.0
5326.0	191.6924959216966	166.27630505709647	141.4105628058728	189.20000000000002	157.85000000000002	138.05	195.8	173.25	144.65	1226.0
5327.0	180.6718390804597	153.2308429118774	86.15402298850574	174.9	149.60000000000002	81.95	187.00000000000003	157.3	89.10000000000001	261.0
5328.0	153.4586654309547	145.77344763670078	58.436098239110294	145.20000000000002	130.9	50.050000000000004	167.75	158.4	64.9	1079.0
5329.0	188.82358156028369	166.8245567375885	116.28696808510638	182.60000000000002	162.25	112.2	193.05	176.55	120.45	564.0
5330.0	149.93146327356826	141.37131289762885	54.40387507229618	145.75	134.75	50.050000000000004	156.20000000000002	152.35000000000002	64.9	1729.0
5331.0	153.47093244529	145.90647002854428	112.61969552806852	147.4	136.95000000000002	106.7	160.60000000000002	156.20000000000002	116.05000000000001	1051.0
5332.0	164.10083532219576	155.77732696897368	122.68675417661099	156.20000000000002	142.45000000000002	119.35000000000001	172.70000000000002	161.70000000000002	124.30000000000001	419.0
5333.0	168.39036643025997	153.7263002364065	124.97222222222226	163.35000000000002	149.05	116.05000000000001	173.8	159.5	129.8	1692.0
5334.0	166.84660012476618	159.12532751091712	69.00184029943856	150.15	133.65	59.95	184.25000000000003	172.15	86.35000000000001	1603.0
5335.0	150.17978199718706	139.80017580872007	86.1612517580872	144.65	133.65	83.05000000000001	156.75	148.5	90.75000000000001	1422.0
5336.0	160.88376811594222	131.21365942028982	65.8688768115942	147.4	119.35000000000001	40.150000000000006	189.75000000000003	162.8	143.0	1380.0
5337.0	191.81636670416216	164.55517435320598	145.25444319460067	189.20000000000002	152.9	141.9	195.8	172.70000000000002	149.60000000000002	889.0
5338.0	162.62828054298646	150.46523378582194	89.55791855203623	157.3	145.20000000000002	81.4	167.75	154.55	96.80000000000001	1326.0
5339.0	147.96237073422938	133.3360392967942	54.58479834539814	128.70000000000002	113.85000000000001	40.7	177.10000000000002	164.45000000000002	127.60000000000001	3868.0
5340.0	150.39606866002194	127.84850498338872	47.42120708748617	134.20000000000002	117.15	42.35	160.60000000000002	146.85000000000002	52.25000000000001	903.0
5341.0	153.08980154354987	142.02097574421143	51.84038037486219	147.4	137.5	44.550000000000004	160.05	147.4	58.85	1814.0
5342.0	153.55757772020732	142.58322538860097	53.76819948186529	148.5	135.85000000000002	46.75000000000001	160.05	149.60000000000002	59.95	772.0
5343.0	157.7685335298452	152.9948415622698	108.12424465733235	149.60000000000002	139.70000000000002	93.50000000000001	165.0	162.8	117.15	1357.0
5344.0	156.13160621761662	146.29287564766858	109.97606217616583	146.3	133.10000000000002	84.15	170.5	159.5	119.35000000000001	1930.0
5345.0	162.59073614557488	147.57150537634425	104.86552936311001	157.3	142.45000000000002	96.25000000000001	166.65	154.0	127.60000000000001	2418.0
5346.0	162.64608657630066	147.29346305203333	115.53895933537386	154.55	139.15	105.05000000000001	167.20000000000002	153.45000000000002	124.85000000000001	2287.0
5347.0	165.23583591331268	150.7397316821465	120.19231166150672	152.35000000000002	139.15	76.45	173.25	158.95000000000002	143.0	1938.0
5348.0	162.47328819621848	148.88868165559506	92.42459121103732	154.55	140.25	75.9	173.25	158.95000000000002	118.80000000000001	3914.0
5349.0	159.80339961513783	147.65400898011532	85.64300833867864	155.10000000000002	143.55	81.95	165.0	152.35000000000002	89.65	1559.0
5350.0	157.78690725244064	146.01541143654123	103.73061366806142	148.5	134.75	86.35000000000001	164.45000000000002	153.45000000000002	115.50000000000001	2868.0
5351.0	157.11887159533075	144.986186770428	100.41070038910503	151.25	136.95000000000002	90.75000000000001	162.25	152.9	114.4	2827.0
5352.0	159.39787899860934	147.18466620306023	113.17378303198889	152.9	137.5	107.25000000000001	163.9	154.55	116.60000000000001	1438.0
5353.0	151.81148007590153	157.34383301707774	118.15189753320684	146.3	153.45000000000002	116.05000000000001	158.95000000000002	161.70000000000002	119.9	527.0
5354.0	165.04491895261836	151.55483167082264	114.69351620947633	159.5	144.10000000000002	110.55000000000001	169.95000000000002	157.3	118.80000000000001	1604.0
5355.0	139.39342105263157	151.72894736842082	48.27236842105263	129.8	114.95	41.25	168.85000000000002	165.0	54.45	836.0
5356.0	147.13591997575057	139.26653531373145	54.38214610488025	140.8	128.15	39.6	168.3	163.35000000000002	69.30000000000001	3299.0
5357.0	165.42926829268293	153.77195121951226	124.15411585365855	156.75	143.55	122.65	172.70000000000002	162.8	126.50000000000001	328.0
5358.0	185.50360360360347	153.8637387387387	85.29459459459461	181.50000000000003	150.70000000000002	83.05000000000001	188.65	157.85000000000002	88.55000000000001	222.0
5359.0	155.2534324442499	145.3243331875821	55.23038915609969	130.35000000000002	112.2	34.1	214.50000000000003	174.35000000000002	137.5	2287.0
5360.0	202.41050212164075	184.71014851485145	133.4298444130127	195.25000000000003	172.70000000000002	123.75000000000001	213.4	193.05	141.35000000000002	1414.0
5361.0	162.60565173116092	127.8419551934827	76.70371690427699	149.05	122.10000000000001	66.55000000000001	169.95000000000002	136.4	101.2	982.0
5362.0	147.19058265582686	136.74207317073171	93.95758807588078	144.10000000000002	133.10000000000002	89.65	151.8	140.8	99.55000000000001	738.0
5363.0	149.8112430167598	138.56850558659218	101.76920391061454	146.85000000000002	135.3	96.80000000000001	154.0	142.45000000000002	108.35000000000001	716.0
5364.0	147.7086130462324	135.49784673844206	44.255668144395194	138.05	126.50000000000001	37.95	156.75	146.3	54.45	1579.0
5365.0	148.2936406995232	145.17726550079493	37.82845786963434	134.75	120.45	35.2	171.05	163.35000000000002	42.35	629.0
5366.0	153.36614349775806	143.98517688091687	66.72401594419533	136.95000000000002	123.20000000000002	55.00000000000001	172.70000000000002	167.20000000000002	76.45	2007.0
5367.0	166.8166666666667	149.42500000000007	123.55833333333335	164.45000000000002	145.20000000000002	122.65	169.4	151.8	124.30000000000001	66.0
5368.0	160.21766129032278	147.2083870967741	95.09736559139786	150.15	136.4	80.30000000000001	169.4	157.3	124.30000000000001	1860.0
5369.0	164.18400628084342	147.88387169134148	138.69129654553612	156.20000000000002	138.60000000000002	132.55	174.9	161.15	143.0	2229.0
5370.0	164.31646981627287	151.19153543307075	139.11391076115487	159.5	146.3	133.65	169.4	160.05	144.10000000000002	762.0
5371.0	166.3027190332329	150.6889224572006	126.07212990936557	160.05	144.10000000000002	108.9	172.15	161.15	140.8	1986.0
5372.0	204.2288484486873	171.61378281622913	134.9908711217184	193.60000000000002	156.20000000000002	126.50000000000001	212.85000000000002	193.05	143.55	1676.0
5373.0	159.0067460317462	127.79767573696147	37.66938775510204	133.10000000000002	115.50000000000001	33.0	173.25	163.9	42.35	882.0
5374.0	156.57084854014602	139.49124087591272	69.67536496350365	137.5	121.55000000000001	55.550000000000004	172.70000000000002	162.25	80.30000000000001	1096.0
5375.0	153.53487446417617	134.91099203919146	46.49402939375382	133.65	117.7	36.300000000000004	171.05	163.35000000000002	56.650000000000006	1633.0
5376.0	148.80234665427537	137.10845724907065	47.08582713754648	140.25	129.25	40.7	156.20000000000002	146.3	55.00000000000001	2152.0
5377.0	144.64283854166698	148.21569010416707	55.82858072916665	140.25	139.70000000000002	50.050000000000004	147.95000000000002	155.65	63.25000000000001	768.0
5378.0	155.47736842105266	140.27499999999998	66.73342105263157	138.05	119.9	52.800000000000004	176.0	167.20000000000002	80.30000000000001	2090.0
5379.0	160.50468220338973	148.13900423728788	99.4330084745763	151.25	138.05	78.10000000000001	170.5	158.95000000000002	132.0	2360.0
5380.0	158.40681014150962	145.88360849056593	90.47694575471698	152.35000000000002	138.05	81.95	171.05	155.65	124.30000000000001	1696.0
5381.0	150.18752436647168	144.19005847953235	78.63820662768032	142.45000000000002	127.05000000000001	74.25	165.0	161.70000000000002	84.7	513.0
5382.0	149.3821603927985	138.4415711947627	83.26063829787236	145.75	133.65	80.30000000000001	154.55	144.65	85.80000000000001	611.0
5383.0	151.47394514767947	139.51627988748248	86.8087201125176	141.9	125.95000000000002	78.65	167.20000000000002	160.05	93.50000000000001	1422.0
5384.0	158.0595238095238	139.7572916666667	79.1934523809524	140.25	124.85000000000001	74.80000000000001	170.5	163.9	84.15	336.0
5385.0	150.11625766871157	137.8833128834356	85.92282208588958	144.65	131.45000000000002	82.5	158.95000000000002	150.15	91.30000000000001	815.0
5386.0	162.6781028368794	146.5925531914894	124.45017730496455	157.3	134.75	110.00000000000001	168.3	157.85000000000002	138.05	564.0
5387.0	150.63170529801332	143.71891556291374	65.17272350993376	139.70000000000002	127.60000000000001	53.35	171.05	161.70000000000002	72.60000000000001	1208.0
5388.0	147.79320895522375	147.10611940298506	68.98888059701493	145.75	138.05	63.800000000000004	150.15	157.3	74.25	670.0
5389.0	163.58278008298777	150.14452282157663	116.37224066390041	155.65	141.35000000000002	108.35000000000001	169.95000000000002	159.5	124.85000000000001	1205.0
5390.0	160.65671641791064	130.39253731343285	69.54626865671642	155.10000000000002	124.30000000000001	64.35000000000001	165.0	134.20000000000002	74.80000000000001	737.0
5391.0	154.78554553264613	131.69570446735395	53.92457044673539	133.65	116.60000000000001	35.2	172.15	156.75	79.75	2328.0
5392.0	147.11399999999995	153.55735999999993	72.94584000000002	138.05	125.95000000000002	68.2	171.60000000000002	164.45000000000002	78.10000000000001	625.0
5393.0	171.32663690476195	145.99717261904772	116.50833333333335	168.85000000000002	142.45000000000002	110.55000000000001	173.8	149.05	121.55000000000001	336.0
5394.0	147.16554487179485	148.17387820512832	75.15608974358976	144.65	143.0	71.5	149.05	153.45000000000002	79.75	312.0
5395.0	152.5706564986737	136.85991379310346	68.31780503978781	140.25	127.05000000000001	54.45	166.10000000000002	157.85000000000002	77.55000000000001	1508.0
5396.0	149.9267573696145	137.56111111111113	76.43628117913833	146.85000000000002	134.20000000000002	72.60000000000001	154.55	143.0	80.30000000000001	441.0
5397.0	167.48333333333352	116.77962962962965	51.20740740740742	164.45000000000002	114.4	46.75000000000001	169.95000000000002	118.80000000000001	56.1	297.0
5398.0	161.60486767485833	153.84716446124767	115.00666351606806	154.0	142.45000000000002	85.80000000000001	171.60000000000002	161.70000000000002	127.60000000000001	1058.0
5399.0	167.01128284389486	117.85896445131377	50.87967542503865	161.70000000000002	113.30000000000001	42.900000000000006	173.8	122.10000000000001	56.650000000000006	647.0
5400.0	147.0201030927834	147.4389819587629	71.15483247422681	138.60000000000002	130.9	66.0	159.5	157.85000000000002	78.10000000000001	776.0
5401.0	102.44512195121952	79.86585365853661	221.08902439024394	98.45	74.80000000000001	218.35000000000002	106.7	84.7	223.85000000000002	451.0
5402.0	119.20644654088048	109.903144654088	180.94524371069184	107.25000000000001	94.60000000000001	160.05	134.20000000000002	133.10000000000002	205.70000000000002	1272.0
5403.0	117.941163310962	105.69720357941827	193.07337807606265	114.4	101.2	186.45000000000002	121.55000000000001	111.65	198.55	894.0
5404.0	89.45287836583098	88.74303621169915	219.26258124419687	78.65	67.10000000000001	212.85000000000002	108.9	101.75000000000001	224.95000000000002	1077.0
5405.0	94.54790167865708	86.84064748201426	216.46720623501201	79.2	69.30000000000001	210.65	110.00000000000001	105.05000000000001	223.3	1668.0
5406.0	93.15096153846152	90.03365384615387	219.72692307692307	81.4	70.4	213.4	111.10000000000001	103.4	225.50000000000003	572.0
5407.0	102.12526881720433	84.81451612903219	216.33709677419358	80.85000000000001	69.30000000000001	211.75000000000003	117.15	108.35000000000001	221.65	1023.0
5408.0	93.66837252189958	85.81191793453202	217.81420009220844	83.60000000000001	73.15	212.85000000000002	103.95	97.9	223.3	2169.0
5409.0	94.7867831541219	87.3997311827958	219.71267921146955	84.7	73.15	214.50000000000003	107.80000000000001	99.00000000000001	224.4	1116.0
5410.0	87.61089351285185	100.76511627906973	216.35532435740518	83.60000000000001	96.80000000000001	211.75000000000003	90.75000000000001	104.50000000000001	221.10000000000002	817.0
5411.0	97.23117839607204	87.77765957446817	220.83805237315877	86.9	74.80000000000001	216.70000000000002	109.45	100.65	224.4	611.0
5412.0	96.81527777777774	85.96394230769236	215.4096153846154	91.85000000000001	78.65	211.75000000000003	102.85000000000001	92.4	218.35000000000002	936.0
5413.0	101.05083547557845	84.54376606683805	216.38187660668382	94.05000000000001	79.75	210.65	106.15	92.95	220.00000000000003	778.0
5414.0	96.65446470313242	88.65979429640024	217.17903225806458	88.55000000000001	76.45	210.65	107.80000000000001	100.65	222.20000000000002	2139.0
5415.0	110.53428571428572	125.33419642857145	175.16092261904762	95.15	81.4	169.95000000000002	145.75	148.5	180.95000000000002	1680.0
5416.0	114.26541725601128	99.93896746817542	216.28613861386143	108.9	93.50000000000001	211.75000000000003	118.80000000000001	106.7	220.00000000000003	707.0
5417.0	138.64289124668437	115.51283819628641	145.53933687002652	113.85000000000001	97.35000000000001	140.8	152.9	145.75	151.25	1885.0
5418.0	101.13387096774197	114.94758064516132	201.10483870967747	97.9	111.65	197.45000000000002	103.95	119.9	205.15	682.0
5419.0	112.57003058103976	108.33738532110083	157.2276758409786	89.10000000000001	80.85000000000001	151.25	132.55	137.5	162.8	654.0
5420.0	122.98042091836736	107.82034438775514	203.13941326530613	115.50000000000001	97.9	194.70000000000002	128.70000000000002	118.80000000000001	211.20000000000002	784.0
5421.0	133.47558257345491	123.18356129685917	136.94414893617025	125.95000000000002	112.2	130.9	139.70000000000002	131.45000000000002	141.9	1974.0
5422.0	146.57814776274734	129.6906867845994	116.8066077003122	135.3	120.45	109.45	155.10000000000002	141.9	123.20000000000002	961.0
5423.0	128.546511627907	113.66217870257039	112.18384332925338	109.45	97.9	107.80000000000001	143.0	140.25	117.7	817.0
5424.0	124.98322981366461	122.70807453416145	112.62474120082817	109.45	99.55000000000001	108.9	146.85000000000002	141.9	117.15	483.0
5425.0	130.97629674306395	129.77478890229193	147.19565741857664	117.15	107.25000000000001	144.10000000000002	149.60000000000002	141.9	152.35000000000002	829.0
5426.0	135.18065359477126	151.2233986928103	117.55189542483662	130.9	141.9	112.75000000000001	138.60000000000002	159.5	121.00000000000001	765.0
5427.0	127.80666666666667	110.06133333333338	159.96999999999997	95.7	79.2	151.8	152.35000000000002	151.25	168.3	825.0
5428.0	142.3006009615383	144.13106971153854	131.64633413461542	125.4	111.10000000000001	124.30000000000001	177.10000000000002	168.3	136.4	832.0
5429.0	118.63352095059409	114.72401500938084	163.84771732332706	105.60000000000001	92.4	157.3	136.95000000000002	135.85000000000002	169.4	1599.0
5430.0	119.71297786720324	113.4007042253521	160.91760563380285	107.25000000000001	95.15	156.20000000000002	132.55	133.10000000000002	164.45000000000002	497.0
5431.0	116.91116367076634	99.98968779564807	210.65988647114477	110.55000000000001	95.15	202.4	119.9	107.80000000000001	217.25000000000003	1057.0
5432.0	123.02886963371408	118.60807404489958	166.1173296573454	109.45	88.55000000000001	153.45000000000002	141.9	140.25	216.70000000000002	2539.0
5433.0	112.55490196078424	108.66764705882359	222.17352941176472	104.50000000000001	91.85000000000001	215.05	125.95000000000002	119.35000000000001	227.15	1122.0
5434.0	110.70852446483188	111.85982415902144	212.8209862385321	100.65	97.9	205.70000000000002	129.25	120.45	224.4	1308.0
5435.0	133.7619669876205	129.86506189821185	141.07689133425035	114.95	111.10000000000001	110.00000000000001	165.0	160.60000000000002	166.65	727.0
5436.0	112.9935788479698	110.42431539187918	219.13423040604346	98.45	85.80000000000001	210.65	134.75	123.75000000000001	227.15	1059.0
5437.0	128.5365353037767	131.02598522167492	97.30619868637112	110.55000000000001	100.65	89.65	153.45000000000002	152.35000000000002	103.4	1218.0
5438.0	137.85272417707154	133.1383938706016	118.06645856980704	131.45000000000002	105.60000000000001	106.15	142.45000000000002	154.0	134.20000000000002	1762.0
5439.0	120.77981018119068	123.37241875179753	160.79282427379928	95.15	88.0	110.00000000000001	148.5	159.5	208.45000000000002	3477.0
5440.0	133.60118252643318	124.76812743461328	120.5514607679466	105.60000000000001	91.30000000000001	111.10000000000001	160.60000000000002	158.95000000000002	131.45000000000002	3594.0
5441.0	104.66870920957221	100.21287164612042	170.84140681653372	96.25000000000001	91.85000000000001	155.10000000000002	112.75000000000001	107.80000000000001	192.50000000000003	1379.0
5442.0	95.42111307420497	124.6916077738516	160.1481448763251	89.65	114.4	157.3	100.65	129.8	165.0	566.0
5443.0	144.44346629986273	132.92145804676755	98.02180192572217	129.8	117.7	74.80000000000001	159.5	152.35000000000002	138.60000000000002	1454.0
5444.0	164.70631067961156	117.92961165048543	129.93661003236247	157.3	113.85000000000001	124.30000000000001	171.05	122.10000000000001	133.10000000000002	1236.0
5445.0	139.76517165005538	142.6010520487264	114.20874861572537	117.7	102.30000000000001	111.10000000000001	169.4	166.10000000000002	118.80000000000001	903.0
5446.0	117.86216216216219	117.69493243243245	186.1614864864865	110.00000000000001	104.50000000000001	146.3	132.55	134.75	213.95000000000002	1628.0
5447.0	111.501083032491	109.47581227436824	221.51101083032495	108.9	106.15	219.45000000000002	113.85000000000001	112.75000000000001	223.3	277.0
5448.0	110.78644382544104	105.05766016713093	218.5930826369545	102.85000000000001	88.0	213.95000000000002	123.20000000000002	114.4	223.3	1077.0
5449.0	137.3084546472566	109.93840985442345	155.19885218365064	115.50000000000001	96.25000000000001	148.5	146.85000000000002	140.25	165.55	1786.0
5450.0	163.90803757828803	102.97745302713992	110.85083507306891	158.4	99.00000000000001	106.15	167.75	107.25000000000001	113.30000000000001	479.0
5451.0	154.7751425313571	103.05005701254278	164.67953249714944	147.95000000000002	96.80000000000001	160.60000000000002	158.4	108.9	167.75	877.0
5452.0	118.60156612529003	140.99715777262193	163.21919953596287	113.85000000000001	136.95000000000002	160.60000000000002	122.65	146.3	166.65	862.0
5453.0	127.10863970588235	87.16691176470589	205.71415441176475	124.30000000000001	85.25	201.3	129.8	89.65	210.10000000000002	272.0
5454.0	149.71263297872338	123.01276595744682	126.20452127659577	147.4	119.35000000000001	122.10000000000001	152.35000000000002	128.70000000000002	131.45000000000002	376.0
5455.0	128.9150519031142	86.311937716263	148.82543252595156	126.50000000000001	83.05000000000001	145.75	132.0	88.55000000000001	152.35000000000002	289.0
5456.0	137.47965179542982	113.18449401523397	138.14455930359088	105.05000000000001	100.10000000000001	107.25000000000001	160.60000000000002	128.70000000000002	179.85000000000002	919.0
5457.0	146.09334637964784	81.05880626223099	155.68444227005872	143.0	77.55000000000001	151.25	149.60000000000002	84.7	159.5	511.0
5458.0	149.97089743589746	149.17692307692292	103.64961538461539	129.8	122.65	99.55000000000001	173.8	168.85000000000002	108.9	390.0
5459.0	136.36722331368696	134.36424361493127	138.497347740668	101.75000000000001	91.30000000000001	96.80000000000001	173.8	168.85000000000002	205.15	1527.0
5460.0	146.59375722543362	129.66838150289018	110.55572254335262	141.35000000000002	122.10000000000001	79.75	150.15	141.9	129.8	865.0
5461.0	147.14069634703193	131.68513127853885	131.05570776255712	129.25	117.15	122.65	157.85000000000002	149.05	135.85000000000002	1752.0
5462.0	120.47981927710845	103.5855421686747	167.38098644578315	112.75000000000001	83.05000000000001	158.4	126.50000000000001	117.7	186.45000000000002	1328.0
5463.0	103.8482490915097	99.42335645853971	211.20399735711928	88.55000000000001	79.75	180.95000000000002	121.55000000000001	121.55000000000001	226.05	3027.0
5464.0	107.96019417475726	111.52184466019418	161.28990291262136	103.4	106.7	157.85000000000002	116.05000000000001	116.05000000000001	163.9	515.0
5465.0	110.65118397085611	122.12905282331509	167.13989071038253	104.50000000000001	92.4	162.8	132.0	133.10000000000002	171.05	549.0
5466.0	141.9591687041565	119.58129584352079	125.87245313773433	109.45	96.25000000000001	96.80000000000001	164.45000000000002	158.95000000000002	162.8	1227.0
5467.0	139.1647681041497	133.2651342554923	111.17518307567128	116.05000000000001	101.75000000000001	106.7	164.45000000000002	158.95000000000002	116.05000000000001	1229.0
5468.0	112.67076981707321	115.29081554878054	216.5616615853659	102.85000000000001	88.55000000000001	207.35000000000002	133.65	124.85000000000001	222.75000000000003	1312.0
5469.0	115.59641434262949	105.7957503320053	213.4810756972112	99.00000000000001	84.7	205.15	132.55	125.4	221.10000000000002	753.0
5470.0	114.43178391959803	103.7841708542713	188.63618090452263	110.00000000000001	97.9	180.95000000000002	118.25000000000001	108.9	196.35000000000002	1592.0
5471.0	115.45487514863258	105.48882282996433	192.12526753864447	111.65	100.65	184.25000000000003	118.80000000000001	109.45	198.55	841.0
5472.0	96.40921052631583	106.2452216066483	206.13649584487536	85.80000000000001	72.05000000000001	199.65	121.55000000000001	118.25000000000001	212.85000000000002	722.0
5473.0	144.89366149696554	139.4292650033715	95.06692515171954	124.30000000000001	111.10000000000001	88.0	169.95000000000002	162.8	101.75000000000001	1483.0
5474.0	150.03473053892208	133.337125748503	108.32365269461079	129.25	110.55000000000001	103.4	166.65	159.5	113.30000000000001	334.0
5475.0	122.35382641157256	108.71572561829208	162.5805646290248	105.60000000000001	95.7	136.4	149.60000000000002	121.00000000000001	176.55	2143.0
5476.0	149.48172043010752	145.11523297491036	123.54301075268819	129.8	111.10000000000001	120.45	177.65	169.4	126.50000000000001	279.0
5477.0	104.13826405867984	132.53834555827228	165.94535452322737	91.85000000000001	76.45	151.25	145.75	148.5	179.3	1227.0
5478.0	113.40774336283188	118.3258849557522	174.66305309734514	92.4	77.55000000000001	168.85000000000002	143.0	149.05	182.05	2486.0
5479.0	113.20808136338638	107.63128092358437	160.44912039582192	105.05000000000001	100.10000000000001	155.65	123.75000000000001	115.50000000000001	166.65	1819.0
5480.0	114.35081618168924	106.72107877927616	159.51717530163236	108.35000000000001	102.30000000000001	154.55	122.65	112.75000000000001	163.9	1409.0
5481.0	124.18841185410331	103.31515957446814	164.5034954407295	103.95	88.0	160.05	136.95000000000002	134.20000000000002	169.4	1316.0
5482.0	133.91041465766642	120.92680810028934	146.18543876567023	99.00000000000001	85.25	107.80000000000001	164.45000000000002	157.85000000000002	210.65	2074.0
5483.0	136.9389842632332	146.2803290414875	112.90815450643778	132.0	139.70000000000002	105.60000000000001	141.35000000000002	155.10000000000002	117.15	699.0
5484.0	152.99603174603178	119.14756944444447	110.37703373015874	117.7	102.30000000000001	107.25000000000001	165.55	161.15	114.95	1008.0
5485.0	122.41369606003754	157.36604127579722	112.90065666041276	118.25000000000001	152.35000000000002	111.10000000000001	126.50000000000001	161.15	114.95	533.0
5486.0	144.93042383550136	110.80734368443139	161.05814099874112	114.4	95.7	112.2	166.10000000000002	149.60000000000002	172.70000000000002	2383.0
5487.0	143.9582222222221	133.61333333333334	82.709	134.75	125.95000000000002	78.65	151.25	143.55	87.45	900.0
5488.0	126.27268786127169	117.74450867052025	109.27832369942197	124.30000000000001	114.4	106.15	128.70000000000002	122.10000000000001	114.95	346.0
5489.0	97.44519230769231	132.34903846153847	152.78365384615387	94.60000000000001	130.35000000000002	147.95000000000002	100.10000000000001	134.75	157.3	364.0
5490.0	139.90068702290068	127.06889312977104	114.66660305343513	125.95000000000002	106.15	93.50000000000001	165.55	158.95000000000002	133.65	1310.0
5491.0	140.7092399791775	134.8461998958874	100.34794377928161	125.4	111.65	95.15	163.9	158.95000000000002	106.7	1921.0
5492.0	139.97830188679245	88.76981132075471	148.91792452830188	133.65	86.35000000000001	144.10000000000002	146.85000000000002	91.85000000000001	153.45000000000002	583.0
5493.0	132.9044612216883	149.09737474262158	126.46300617707624	110.55000000000001	113.85000000000001	118.80000000000001	174.9	162.8	135.3	2914.0
5494.0	100.40037821482602	86.4623298033283	223.0304084720121	95.7	80.30000000000001	219.45000000000002	104.50000000000001	90.2	226.05	661.0
5495.0	101.23673167848693	87.86087470449176	222.77697990543737	90.75000000000001	79.2	218.35000000000002	110.55000000000001	100.65	226.05	1692.0
5496.0	113.75577689243029	101.06414342629479	215.94227091633468	96.25000000000001	81.95	183.15	131.45000000000002	118.25000000000001	233.20000000000002	1255.0
5497.0	141.52741935483888	123.85250896057347	154.06111111111113	126.50000000000001	108.35000000000001	148.5	154.55	146.85000000000002	162.25	1395.0
5498.0	112.272062804548	109.51312939902549	212.08113156469952	100.10000000000001	87.45	202.95000000000002	129.25	121.00000000000001	220.55	1847.0
5499.0	116.40068807339448	102.68651376146798	216.68688073394497	102.85000000000001	87.45	206.8	128.15	117.15	224.4	1090.0
5500.0	163.84121140142528	116.09703087885983	114.35035629453684	161.15	109.45	110.00000000000001	166.65	121.00000000000001	118.80000000000001	421.0
5501.0	139.89520725388604	161.82253886010355	96.08756476683938	135.85000000000002	159.5	91.30000000000001	142.45000000000002	163.9	101.2	386.0
5502.0	101.26023809523802	110.8433333333333	217.2709523809524	99.55000000000001	105.60000000000001	213.4	102.85000000000001	117.15	219.45000000000002	210.0
5503.0	142.87426160337523	128.3331223628692	133.49472573839662	102.30000000000001	92.4	106.7	169.95000000000002	161.70000000000002	181.50000000000003	2607.0
5504.0	150.86737320211958	122.59254352763062	131.6007191521575	131.45000000000002	106.15	122.10000000000001	160.60000000000002	149.05	140.8	1321.0
5505.0	135.687927756654	168.24144486692012	107.57205323193917	130.35000000000002	163.9	104.50000000000001	140.8	172.15	110.55000000000001	526.0
5506.0	133.23522099447516	90.66643646408845	186.0078729281768	129.8	86.35000000000001	181.50000000000003	135.3	95.7	190.3	362.0
5507.0	109.02459954233409	101.43535469107552	228.8037757437071	99.00000000000001	86.35000000000001	221.10000000000002	127.60000000000001	111.65	234.85000000000002	437.0
5508.0	133.45056074766356	108.31196261682244	141.882523364486	90.75000000000001	89.65	123.75000000000001	155.10000000000002	149.05	171.05	1070.0
5509.0	91.215810674723	92.5694864048339	213.27870090634445	83.05000000000001	72.60000000000001	208.45000000000002	107.25000000000001	103.95	217.25000000000003	993.0
5510.0	95.91668341708538	84.16492462311564	212.62668341708545	91.30000000000001	76.45	206.8	100.65	90.2	217.8	995.0
5511.0	96.77221128608916	87.16453412073491	210.839468503937	85.80000000000001	73.7	205.15	108.9	102.85000000000001	215.05	1524.0
5512.0	113.36095890410961	106.54109589041089	221.14041095890414	99.00000000000001	84.7	213.4	132.55	122.10000000000001	227.15	803.0
5513.0	112.1625472887768	103.95693568726352	221.66664564943255	99.00000000000001	86.35000000000001	215.05	132.0	119.35000000000001	227.70000000000002	793.0
5514.0	130.33392857142857	111.35535714285712	117.33303571428573	107.25000000000001	97.9	110.00000000000001	144.65	139.15	125.4	616.0
5515.0	107.2404139433551	91.5863834422657	191.91884531590415	85.80000000000001	77.55000000000001	186.45000000000002	124.30000000000001	117.15	198.55	918.0
5516.0	112.8384068278805	100.50448079658607	180.23961593172123	101.75000000000001	92.95	175.45000000000002	119.9	111.65	186.45000000000002	703.0
5517.0	102.57060606060607	113.2090909090909	157.9627272727273	90.75000000000001	83.05000000000001	154.55	124.85000000000001	128.70000000000002	164.45000000000002	1815.0
5518.0	108.80875286041194	113.3604118993135	154.7966819221968	91.85000000000001	91.30000000000001	151.25	125.95000000000002	129.8	158.95000000000002	874.0
5519.0	110.74952445652163	111.18967391304335	156.66480978260873	97.35000000000001	90.75000000000001	153.45000000000002	125.4	127.05000000000001	161.15	1472.0
5520.0	148.58020113136374	136.50059710873666	92.31841609050917	138.05	126.50000000000001	81.4	164.45000000000002	149.60000000000002	104.50000000000001	1591.0
5521.0	134.16709401709403	124.50742521367525	125.69439102564104	124.85000000000001	114.4	114.4	138.60000000000002	130.35000000000002	130.35000000000002	936.0
5522.0	120.54984954864594	128.79212637913741	135.26359077231697	113.30000000000001	102.85000000000001	126.50000000000001	143.0	138.05	142.45000000000002	997.0
5523.0	126.01769911504425	120.91902654867258	147.69778761061946	119.9	112.75000000000001	145.20000000000002	133.10000000000002	129.25	149.60000000000002	1243.0
5524.0	163.40346556233644	132.51835222319096	105.37247166521361	138.05	117.7	96.25000000000001	172.15	161.15	113.85000000000001	2294.0
5525.0	120.97801831806831	126.3900915903414	107.00545378850958	112.75000000000001	103.4	98.45	141.9	141.9	117.15	1201.0
5526.0	120.05008169934638	111.85789760348587	158.72352941176476	113.85000000000001	103.95	154.55	128.15	119.35000000000001	163.9	1836.0
5527.0	99.70567970204829	90.15254500310355	220.11675977653633	89.65	78.10000000000001	216.15	110.00000000000001	101.75000000000001	223.85000000000002	1611.0
5528.0	101.80889894419306	89.97104072398186	223.69984917043743	96.25000000000001	85.80000000000001	221.65	107.25000000000001	94.05000000000001	226.05	663.0
5529.0	109.41604938271598	122.96935483870969	155.3210075667065	96.80000000000001	87.45	144.65	141.35000000000002	139.70000000000002	161.15	2511.0
5530.0	137.65552115583083	97.40505675954591	158.06114551083593	101.2	84.15	151.8	150.15	148.5	163.35000000000002	969.0
5531.0	101.96104072398181	87.776515837104	216.67984162895928	85.80000000000001	73.15	207.9	113.85000000000001	106.15	223.85000000000002	2210.0
5532.0	154.80299999999994	124.6975714285715	109.02885714285715	128.15	106.15	105.05000000000001	165.55	166.65	117.7	350.0
5533.0	159.6022946859902	139.1473429951691	126.15458937198066	134.75	113.85000000000001	117.7	177.10000000000002	168.3	133.10000000000002	414.0
5534.0	153.4556352459017	134.3228483606557	111.98924180327869	127.05000000000001	110.55000000000001	107.25000000000001	174.9	166.65	118.25000000000001	488.0
5535.0	125.3238320355951	108.74368743047832	179.06017797552838	89.65	80.30000000000001	140.25	151.8	150.15	224.95000000000002	1798.0
5536.0	131.7538490566038	121.32709433962265	172.56509433962265	127.60000000000001	92.4	145.75	136.4	142.45000000000002	212.85000000000002	1325.0
5537.0	144.4722841225627	96.4874651810585	148.3100278551532	120.45	76.45	95.7	169.4	118.25000000000001	200.20000000000002	359.0
5538.0	134.61186178442497	119.21810211449198	158.50324909747295	117.15	99.55000000000001	151.25	145.20000000000002	139.70000000000002	164.45000000000002	1939.0
5539.0	121.77046135410426	129.21144397843022	144.25949670461358	100.65	90.2	128.15	150.70000000000002	146.3	183.15	1669.0
5540.0	135.9108333333333	120.04916666666668	139.48916666666668	115.50000000000001	105.05000000000001	136.4	150.15	142.45000000000002	143.55	660.0
5541.0	138.67575125208694	118.94323873121876	95.56915692821372	110.00000000000001	95.7	92.4	156.75	154.0	99.55000000000001	1198.0
5542.0	142.0948315911728	118.05005807200926	96.83577235772358	109.45	96.25000000000001	92.95	158.4	155.65	101.2	861.0
5543.0	100.14481803797472	93.64228639240508	193.43987341772154	76.45	66.0	145.75	131.45000000000002	134.75	215.60000000000002	1264.0
5544.0	93.71874405328253	89.5128924833493	209.08791627021884	83.05000000000001	73.7	204.60000000000002	107.25000000000001	103.95	212.85000000000002	1051.0
5545.0	99.55732790525543	92.24407846039969	196.71720947446337	86.9	80.85000000000001	147.95000000000002	127.60000000000001	102.30000000000001	210.10000000000002	1351.0
5546.0	91.25377659574471	95.55547872340429	207.8046276595745	84.15	77.55000000000001	203.50000000000003	107.25000000000001	105.60000000000001	211.20000000000002	940.0
5547.0	124.72115384615385	119.76826923076925	103.40865384615385	117.7	116.05000000000001	95.7	129.8	125.4	117.7	572.0
5548.0	142.08166969146993	131.84328493647914	78.23575317604356	129.8	119.35000000000001	74.80000000000001	152.9	145.75	81.95	551.0
5549.0	131.1669035532995	143.09771573604075	78.4640609137056	123.75000000000001	114.4	74.80000000000001	152.9	153.45000000000002	82.5	985.0
5550.0	139.80520494469752	129.58780091086538	120.49079375406637	105.60000000000001	95.15	88.55000000000001	168.3	160.05	179.85000000000002	1537.0
5551.0	133.0443579766537	104.23962386511029	157.33352788586254	108.9	94.60000000000001	153.45000000000002	142.45000000000002	135.3	161.15	771.0
5552.0	128.03817427385894	157.56473029045645	109.03236514522823	125.4	155.65	105.05000000000001	130.9	160.05	112.2	241.0
5553.0	117.93239436619724	112.04894366197198	130.34612676056335	112.2	105.60000000000001	127.60000000000001	123.20000000000002	117.7	133.65	710.0
5554.0	115.82211320754718	111.73343396226419	134.4212452830189	108.9	103.95	129.8	122.65	119.35000000000001	138.05	1325.0
5555.0	108.98820319059611	113.15314861460966	151.8812762384551	96.25000000000001	88.55000000000001	149.05	125.95000000000002	127.60000000000001	155.10000000000002	1191.0
5556.0	106.24934823091247	99.56433891992542	173.2735567970205	91.85000000000001	84.15	166.10000000000002	117.7	115.50000000000001	179.3	1611.0
5557.0	104.53729478943616	97.94475374732336	180.09418272662387	99.55000000000001	91.30000000000001	175.45000000000002	108.9	103.95	184.25000000000003	1401.0
5558.0	109.00115712545676	104.8570645554203	155.9065773447016	95.15	88.0	152.35000000000002	121.00000000000001	122.10000000000001	158.95000000000002	821.0
5559.0	105.08310006997904	96.26385584324711	173.90545836249126	97.35000000000001	89.10000000000001	156.75	119.35000000000001	101.2	183.70000000000002	1429.0
5560.0	122.22345058626466	88.41917922948069	152.7111390284757	117.15	82.5	149.60000000000002	125.95000000000002	95.15	155.65	597.0
5561.0	120.97750929368031	95.13875464684016	151.43708178438663	116.60000000000001	89.65	149.60000000000002	124.85000000000001	100.10000000000001	153.45000000000002	538.0
5562.0	109.78204334365323	107.14102167182669	154.370866873065	95.15	88.55000000000001	151.25	124.30000000000001	123.75000000000001	157.3	1615.0
5563.0	143.3827229299364	137.28367834394905	83.8154458598726	130.35000000000002	116.05000000000001	78.65	157.85000000000002	152.35000000000002	88.0	628.0
5564.0	133.61507197290433	147.30127011007633	82.36820491109228	129.25	141.9	76.45	137.5	153.45000000000002	90.2	1181.0
5565.0	131.49355102040818	136.6895918367347	104.11926530612244	124.85000000000001	110.55000000000001	100.65	160.05	151.8	111.10000000000001	1225.0
5566.0	136.42653139356815	121.04421898928022	136.53223583460948	128.70000000000002	110.00000000000001	95.7	143.0	146.3	149.60000000000002	1306.0
5567.0	121.8224643755239	127.7106454316849	128.31320201173511	116.05000000000001	124.30000000000001	123.20000000000002	128.15	131.45000000000002	133.10000000000002	1193.0
5568.0	111.78256765261166	104.80943989930772	185.77850849590942	97.9	85.80000000000001	137.5	120.45	136.95000000000002	201.85000000000002	1589.0
5569.0	134.53551344743278	124.72376222493885	106.95718215158925	124.85000000000001	112.75000000000001	101.2	146.85000000000002	136.95000000000002	113.30000000000001	3272.0
5570.0	125.22245835726595	114.81794945433663	147.6821079839173	110.55000000000001	97.9	141.9	144.10000000000002	136.95000000000002	152.35000000000002	1741.0
5571.0	152.59672897196256	130.23397863818425	110.13070761014687	123.75000000000001	105.05000000000001	102.85000000000001	170.5	161.70000000000002	116.05000000000001	749.0
5572.0	101.8890075014425	102.36093479515289	181.5758511252164	91.85000000000001	84.7	171.60000000000002	116.60000000000001	113.85000000000001	193.60000000000002	1733.0
5573.0	98.01064327485383	108.95403508771926	183.54304093567254	91.30000000000001	84.15	178.75000000000003	117.7	119.9	188.65	855.0
5574.0	101.0380136986302	94.63264840182651	202.88219178082193	85.25	72.60000000000001	198.55	118.80000000000001	113.30000000000001	209.00000000000003	1314.0
5575.0	110.3735718769617	99.925988700565	196.1041745134966	91.30000000000001	74.25	107.25000000000001	128.15	165.55	210.65	1593.0
5576.0	107.88730158730164	124.0106575963719	159.55362811791386	105.05000000000001	117.15	156.75	111.65	132.55	162.25	441.0
5577.0	116.36275743707097	132.02517162471392	155.23529748283755	102.85000000000001	92.95	147.95000000000002	146.85000000000002	146.85000000000002	160.60000000000002	874.0
5578.0	126.71376241721856	103.22243377483441	159.09091473509935	107.80000000000001	94.05000000000001	135.3	157.3	117.7	173.25	2416.0
5579.0	116.25938596491231	101.23859649122807	163.63078947368425	112.75000000000001	95.7	161.15	121.00000000000001	107.25000000000001	166.10000000000002	570.0
5580.0	107.51471088435373	94.95357142857146	196.07687074829934	87.45	76.45	191.4	121.55000000000001	121.00000000000001	204.60000000000002	588.0
5581.0	109.27578212290497	104.99684357541915	162.97053072625695	95.15	83.60000000000001	156.75	122.65	128.15	171.60000000000002	1790.0
5582.0	106.08125000000008	103.15982142857139	173.0151785714286	101.2	97.9	169.4	110.55000000000001	109.45	176.0	616.0
5583.0	124.45438596491229	120.80156369183833	145.18237986270026	116.60000000000001	112.2	142.45000000000002	132.0	128.15	147.95000000000002	1311.0
5584.0	103.63522012578612	133.95440251572327	168.0682389937107	100.65	127.05000000000001	164.45000000000002	105.60000000000001	140.8	171.05	477.0
5585.0	122.05093048713738	111.48503010399573	164.4936507936508	103.4	88.0	158.95000000000002	140.25	137.5	169.4	1827.0
5586.0	125.64605263157897	116.46370614035088	121.334100877193	108.35000000000001	99.55000000000001	118.25000000000001	141.9	138.05	125.95000000000002	456.0
5587.0	163.570341614907	137.12934782608713	130.60450310559006	136.4	118.25000000000001	124.30000000000001	177.65	167.75	136.4	322.0
5588.0	115.53942564559216	115.07880676758691	203.1162733748887	103.4	95.15	149.05	156.20000000000002	128.15	221.10000000000002	2246.0
5589.0	133.48897338403043	98.59168250950573	165.46739543726238	118.80000000000001	91.30000000000001	161.70000000000002	146.85000000000002	106.7	169.95000000000002	1052.0
5590.0	93.78595825426946	86.4209677419355	209.05287792536373	84.7	75.9	202.95000000000002	102.85000000000001	99.00000000000001	215.60000000000002	1581.0
5591.0	94.62312312312308	84.7957957957958	212.9490990990991	83.05000000000001	71.5	207.35000000000002	105.60000000000001	100.65	217.8	666.0
5592.0	134.61101905550953	122.09179784589887	82.73786246893121	122.65	108.9	77.0	146.85000000000002	139.70000000000002	88.0	1207.0
5593.0	126.07854188210963	122.82802481902793	100.79503619441572	121.55000000000001	118.25000000000001	91.85000000000001	129.8	129.25	106.15	967.0
5594.0	132.80613718411553	129.63718411552347	78.40974729241879	128.15	126.50000000000001	75.35000000000001	138.60000000000002	134.75	81.4	277.0
5595.0	98.6402255639098	105.58511278195493	184.97037593984962	86.9	78.65	179.85000000000002	119.35000000000001	122.10000000000001	189.75000000000003	665.0
5596.0	119.95694822888284	113.72711171662127	125.93950953678475	116.60000000000001	110.55000000000001	123.75000000000001	123.20000000000002	117.7	128.15	367.0
5597.0	102.36048109965634	87.31958762886597	191.43780068728523	98.45	84.7	186.45000000000002	107.25000000000001	90.75000000000001	195.8	291.0
5598.0	115.04765940274415	109.42824858757056	144.93010492332527	108.9	104.50000000000001	136.95000000000002	121.00000000000001	114.4	150.70000000000002	1239.0
5599.0	120.68333333333335	113.91052631578943	161.40789473684208	115.50000000000001	106.15	158.4	127.60000000000001	121.00000000000001	165.0	627.0
5600.0	132.03437499999998	143.9991976351354	123.0383445945946	128.15	134.75	117.7	138.60000000000002	152.9	128.70000000000002	1184.0
5601.0	145.9128067484665	148.4835506134968	103.96813650306748	139.70000000000002	115.50000000000001	91.30000000000001	158.4	162.8	131.45000000000002	1304.0
5602.0	132.79929453262787	146.7345679012345	82.77548500881834	128.70000000000002	140.25	79.2	136.4	151.25	87.45	567.0
5603.0	144.12910172272342	135.2237489745694	116.12557424118131	105.05000000000001	118.80000000000001	107.25000000000001	162.8	156.75	132.55	2438.0
5604.0	137.55485888389998	125.69034637588199	106.34756254008981	118.80000000000001	107.80000000000001	99.00000000000001	156.75	151.8	113.30000000000001	3118.0
5605.0	111.18225731537396	96.48093358104971	205.47187645146312	97.35000000000001	84.15	194.70000000000002	123.75000000000001	112.75000000000001	215.05	2153.0
5606.0	130.24060494958755	138.84500458295142	108.89445462878095	115.50000000000001	103.95	105.05000000000001	163.9	159.5	113.85000000000001	1091.0
5607.0	131.8475543478261	145.80380434782603	111.49257246376813	121.55000000000001	110.00000000000001	106.15	162.25	156.75	115.50000000000001	552.0
5608.0	121.95831157528285	113.7896866840731	129.64682332463016	115.50000000000001	103.95	127.05000000000001	128.15	120.45	132.55	1149.0
5609.0	102.67123442808607	100.0458097395244	190.81138165345413	96.25000000000001	87.45	187.00000000000003	113.30000000000001	109.45	195.25000000000003	883.0
5610.0	111.61148459383752	91.18368347338937	187.21106442577033	108.35000000000001	86.9	183.70000000000002	114.95	95.7	191.95000000000002	714.0
5611.0	106.98918976545839	103.97673773987202	188.98469083155655	97.9	88.55000000000001	183.15	116.60000000000001	111.10000000000001	194.70000000000002	2345.0
5612.0	107.71728742094182	99.25509486999303	179.1987350667604	99.55000000000001	92.4	173.8	114.4	108.35000000000001	183.70000000000002	1423.0
5613.0	108.55306661251012	105.24390739236398	178.67896019496345	101.75000000000001	91.85000000000001	173.25	116.60000000000001	111.65	184.25000000000003	2462.0
5614.0	110.42661375661379	100.61100529100537	178.0283068783069	104.50000000000001	96.80000000000001	173.25	113.85000000000001	105.05000000000001	182.60000000000002	945.0
5615.0	107.86153184165231	100.58846815834764	181.43278829604134	104.50000000000001	97.9	177.10000000000002	111.10000000000001	103.4	185.9	581.0
5616.0	107.70652582159634	101.68234741784049	183.84279342723005	99.00000000000001	91.30000000000001	178.75000000000003	115.50000000000001	111.65	191.95000000000002	2130.0
5617.0	118.17210708117442	111.17599309153714	131.29801381692576	108.9	101.75000000000001	128.15	126.50000000000001	123.75000000000001	134.75	579.0
5618.0	108.63340978593271	94.6294342507646	173.64105504587158	105.60000000000001	91.85000000000001	169.4	112.75000000000001	98.45	177.65	654.0
5619.0	99.04748201438838	98.17895683453253	191.2061151079137	92.95	86.9	185.9	109.45	104.50000000000001	196.35000000000002	834.0
5620.0	104.74574468085108	98.66674375578168	185.49500462534692	100.10000000000001	92.95	180.4	108.9	102.85000000000001	190.85000000000002	1081.0
5621.0	109.9356012658228	115.58702531645571	141.00537974683544	99.00000000000001	90.2	138.05	130.35000000000002	129.8	144.10000000000002	316.0
5622.0	110.66299249530958	111.36364915572236	150.02410881801126	94.05000000000001	86.35000000000001	140.8	132.0	131.45000000000002	155.65	1066.0
5623.0	150.09812874251477	129.1116766467066	120.58214820359282	136.4	123.20000000000002	97.35000000000001	158.95000000000002	138.60000000000002	128.70000000000002	1336.0
5624.0	150.39393939393986	142.93503787878808	103.8660984848485	139.15	122.10000000000001	95.7	168.85000000000002	158.95000000000002	117.7	2904.0
5625.0	134.27891791044775	125.8438432835821	132.7207089552239	107.25000000000001	95.7	97.9	155.10000000000002	144.10000000000002	191.4	2948.0
5626.0	149.14335378323122	138.24907975460124	102.48745739604637	128.15	113.30000000000001	95.7	168.85000000000002	162.25	109.45	1467.0
5627.0	145.75559638213687	133.3061334087055	111.55050876201244	115.50000000000001	104.50000000000001	101.2	159.5	143.55	118.80000000000001	1769.0
5628.0	147.07808476394843	145.13921673819755	105.02757510729614	135.3	128.70000000000002	93.50000000000001	165.55	163.35000000000002	118.80000000000001	1864.0
5629.0	141.80833333333334	136.8293859649123	112.95263157894739	139.15	133.65	109.45	144.10000000000002	140.8	117.7	342.0
5630.0	116.12794508414534	109.02471213463238	157.162621789194	103.95	96.80000000000001	153.45000000000002	126.50000000000001	121.55000000000001	161.70000000000002	1129.0
5631.0	108.43865323435841	101.02969247083772	202.49623541887595	97.9	89.10000000000001	197.45000000000002	117.15	110.55000000000001	206.8	943.0
5632.0	152.3982282282287	133.58360360360362	130.29384384384383	135.3	117.7	122.65	166.65	158.95000000000002	137.5	1665.0
5633.0	150.76355555555566	126.26900000000002	87.24100000000001	147.4	123.75000000000001	81.95	153.45000000000002	129.8	93.50000000000001	450.0
5634.0	124.61779465930026	103.15665285451198	163.2725138121547	102.30000000000001	79.75	122.65	153.45000000000002	127.05000000000001	219.45000000000002	2172.0
5635.0	109.88814243759174	110.83994126284871	170.89897209985318	98.45	89.10000000000001	166.10000000000002	128.70000000000002	124.30000000000001	176.0	1362.0
5636.0	150.91695778748172	106.46783114992725	102.5001455604076	141.9	101.2	88.0	159.5	111.10000000000001	117.7	687.0
5637.0	118.41424815983176	101.33243953732915	160.76656151419562	113.30000000000001	96.80000000000001	157.3	123.20000000000002	106.7	164.45000000000002	951.0
5638.0	143.32329749103957	160.09632616487457	124.74256272401433	137.5	156.20000000000002	121.55000000000001	151.25	164.45000000000002	128.15	558.0
5639.0	144.49093896713566	125.51464788732393	127.06239436619717	107.80000000000001	102.85000000000001	114.95	162.8	150.15	135.85000000000002	1065.0
5640.0	135.74258109040724	128.08433402346452	126.5945134575569	112.2	101.2	109.45	162.8	151.8	134.20000000000002	1449.0
5641.0	104.99088164251206	135.75434782608698	150.25628019323673	101.2	129.8	146.3	108.35000000000001	141.35000000000002	154.0	828.0
5642.0	105.5723744292238	142.36879756468795	149.86035007610351	102.30000000000001	138.05	145.75	108.9	146.85000000000002	152.9	657.0
5643.0	124.84633333333335	103.80287500000009	154.76266666666666	104.50000000000001	92.4	150.70000000000002	134.75	127.05000000000001	158.95000000000002	1200.0
5644.0	117.95817727840198	106.22553058676661	153.0441947565543	100.10000000000001	90.75000000000001	149.60000000000002	128.15	125.95000000000002	156.75	801.0
5645.0	114.46650755767709	110.17633253778847	154.7433969769292	95.15	85.25	151.25	136.95000000000002	132.0	158.95000000000002	1257.0
5646.0	120.49500000000002	103.74055555555553	155.68166666666667	101.2	89.65	151.8	135.3	128.70000000000002	160.05	990.0
5647.0	116.20045592705168	107.8409574468086	156.4808510638298	100.65	92.4	152.9	128.70000000000002	124.30000000000001	159.5	658.0
5648.0	98.35122448979591	102.45910714285719	204.0379336734694	85.25	74.25	196.9	121.55000000000001	117.15	211.20000000000002	1960.0
5649.0	109.80765895953769	84.92254335260127	203.79765173410408	88.0	75.35000000000001	198.00000000000003	119.35000000000001	109.45	210.10000000000002	1384.0
5650.0	127.88837837837838	103.13094594594588	142.92716216216215	101.75000000000001	88.55000000000001	140.25	141.9	139.70000000000002	145.20000000000002	370.0
5651.0	124.34680124223607	114.4297204968945	151.1697204968944	101.2	88.0	145.75	146.85000000000002	145.75	155.65	1610.0
5652.0	132.13429447852755	109.11055214723925	153.46889570552148	102.30000000000001	85.80000000000001	147.4	149.60000000000002	147.95000000000002	158.4	815.0
5653.0	130.7299412915851	121.30065231572081	136.478212654925	101.75000000000001	91.30000000000001	89.65	164.45000000000002	162.25	191.4	1533.0
5654.0	98.40773594636408	116.90123775141834	167.87253739040744	89.65	81.95	161.15	124.85000000000001	127.60000000000001	175.45000000000002	1939.0
5655.0	121.07478485370059	105.49350258175552	159.76884681583476	101.2	85.80000000000001	152.35000000000002	141.35000000000002	135.85000000000002	166.10000000000002	1162.0
5656.0	117.76121822962321	102.67646801051713	160.68773006134967	98.45	86.9	156.75	129.8	124.85000000000001	165.55	1141.0
5657.0	145.68979289940822	124.39356508875741	93.56183431952661	118.80000000000001	107.25000000000001	85.80000000000001	161.70000000000002	156.20000000000002	99.55000000000001	676.0
5658.0	121.42112211221122	125.24570957095717	152.4752475247525	113.85000000000001	100.65	97.35000000000001	135.85000000000002	166.10000000000002	183.70000000000002	909.0
5659.0	105.75402726146221	101.17546468401494	214.2669144981413	91.85000000000001	79.75	208.45000000000002	129.8	115.50000000000001	221.10000000000002	807.0
5660.0	110.7170281995662	100.03855748373101	203.19577006507592	105.05000000000001	94.60000000000001	197.45000000000002	114.95	105.60000000000001	209.55	922.0
5661.0	129.92517241379315	121.1028352490422	143.23432950191574	110.55000000000001	98.45	139.70000000000002	149.05	143.0	148.5	1305.0
5662.0	124.111051930759	100.95466045272974	160.23455392809586	112.2	96.25000000000001	110.55000000000001	171.60000000000002	111.65	174.9	751.0
5663.0	169.59170804369433	113.56981132075472	127.31981132075472	163.9	111.10000000000001	121.00000000000001	173.8	116.05000000000001	134.20000000000002	1007.0
5664.0	125.86704545454543	132.93863636363636	163.7005681818182	108.35000000000001	97.9	156.20000000000002	157.3	150.70000000000002	169.4	1936.0
5665.0	115.09524128686327	101.15134048257379	201.91414209115285	97.9	85.80000000000001	192.50000000000003	129.8	123.20000000000002	223.3	746.0
5666.0	147.5527777777776	146.9258960573477	129.05385304659498	128.70000000000002	111.10000000000001	122.65	178.75000000000003	169.4	136.95000000000002	1116.0
5667.0	158.06083333333333	140.87218750000002	130.02458333333334	133.10000000000002	116.05000000000001	123.75000000000001	178.75000000000003	169.4	134.20000000000002	480.0
5668.0	106.8050718512257	102.88463651732886	212.76352493660187	90.2	77.0	151.8	155.65	129.25	233.20000000000002	2366.0
5669.0	95.09324917672883	94.39171240395162	223.10439077936337	84.7	74.80000000000001	219.45000000000002	114.95	104.50000000000001	227.15	911.0
5670.0	132.59947089947107	107.2422398589065	167.9524103468548	99.55000000000001	81.95	161.70000000000002	152.35000000000002	149.60000000000002	172.70000000000002	1701.0
5671.0	122.6833786231885	124.54759963768113	169.78609601449276	102.85000000000001	85.80000000000001	163.9	154.55	151.8	173.8	1104.0
5672.0	109.07222222222225	94.04629629629632	221.05370370370375	93.50000000000001	76.45	218.35000000000002	122.10000000000001	116.05000000000001	223.85000000000002	297.0
5673.0	118.69017386722871	111.22315595363536	206.0436775553214	101.75000000000001	86.35000000000001	194.15	135.85000000000002	128.70000000000002	213.95000000000002	1898.0
5674.0	137.1039013452915	136.15336322869956	149.86686098654712	124.30000000000001	108.35000000000001	144.10000000000002	158.4	152.9	155.10000000000002	1115.0
5675.0	127.3117241379309	108.76698850574721	163.15326436781612	96.80000000000001	84.7	127.60000000000001	154.0	145.75	218.35000000000002	2175.0
5676.0	130.2839147286822	138.2184108527132	151.16472868217056	127.05000000000001	133.10000000000002	147.95000000000002	133.10000000000002	145.20000000000002	154.55	258.0
5677.0	122.94137931034483	101.51896551724136	215.366091954023	108.9	90.75000000000001	206.25000000000003	132.55	120.45	223.85000000000002	957.0
5678.0	127.13896174863389	126.51863387978142	163.48284153005466	116.60000000000001	96.80000000000001	156.75	144.65	143.0	169.4	915.0
5679.0	117.29343339587243	98.89577861163225	219.59033771106945	102.30000000000001	88.0	215.05	129.25	115.50000000000001	226.60000000000002	533.0
5680.0	134.6813610662358	114.40399838449113	161.9445678513732	100.65	98.45	150.15	147.95000000000002	140.25	221.65	2476.0
5681.0	125.36968503937013	105.10449475065614	198.7239501312336	106.15	89.10000000000001	150.70000000000002	143.55	118.80000000000001	220.55	1524.0
5682.0	134.73152454780364	127.88850129198967	78.35723514211887	132.0	123.75000000000001	74.80000000000001	138.60000000000002	132.0	81.95	387.0
5683.0	110.68493150684928	105.53767123287665	155.78356164383564	103.95	98.45	152.9	118.25000000000001	113.30000000000001	157.85000000000002	803.0
5684.0	109.62219286657873	105.45105680317054	158.99431968295903	104.50000000000001	97.9	156.75	116.05000000000001	112.2	162.8	757.0
5685.0	104.96495983935736	116.43544176706828	144.91506024096387	96.25000000000001	87.45	140.8	127.05000000000001	128.15	147.95000000000002	498.0
5686.0	111.55941176470596	75.29823529411755	201.6785294117647	107.25000000000001	72.05000000000001	198.00000000000003	116.05000000000001	78.65	205.70000000000002	340.0
5687.0	132.685068762279	123.93585461689582	87.38408644400785	114.95	105.05000000000001	80.30000000000001	151.25	146.3	93.50000000000001	1527.0
5688.0	120.1226643598616	111.5205882352941	127.73892733564016	104.50000000000001	99.55000000000001	123.75000000000001	130.9	130.9	132.55	289.0
5689.0	115.18744212962964	113.18668981481483	139.59432870370372	108.35000000000001	101.2	119.35000000000001	131.45000000000002	134.20000000000002	154.55	864.0
5690.0	117.18849144634532	77.96570762052879	196.43981337480562	112.2	74.25	193.60000000000002	122.10000000000001	82.5	200.20000000000002	643.0
5691.0	136.66304347826087	98.89039855072464	122.14981884057973	134.20000000000002	97.35000000000001	118.25000000000001	139.15	100.65	128.15	276.0
5692.0	132.0770625889047	126.03879800853484	88.64662162162165	126.50000000000001	121.00000000000001	83.60000000000001	138.60000000000002	132.55	95.7	1406.0
5693.0	136.98045602605865	122.58371335504887	81.48957654723128	133.65	119.9	78.65	139.70000000000002	125.4	85.80000000000001	307.0
5694.0	134.79340232858993	127.39793014230274	82.63732212160414	130.35000000000002	123.20000000000002	79.2	139.15	131.45000000000002	85.80000000000001	773.0
5695.0	139.6520642201835	132.30527522935782	79.22438837920491	134.75	125.4	75.35000000000001	145.75	139.70000000000002	84.15	654.0
5696.0	142.88297872340425	128.85359042553193	80.0001329787234	133.10000000000002	124.30000000000001	74.25	149.60000000000002	138.60000000000002	83.60000000000001	376.0
5697.0	140.28769470404987	132.0822429906542	81.28291796469367	134.75	125.4	76.45	147.95000000000002	137.5	86.35000000000001	963.0
5698.0	128.97887665198235	120.12314977973567	116.61453744493394	123.20000000000002	114.95	109.45	135.85000000000002	125.95000000000002	125.4	2270.0
5699.0	131.2027052238806	131.66035447761195	78.82136194029852	121.55000000000001	111.10000000000001	74.80000000000001	145.20000000000002	141.9	85.25	536.0
5700.0	114.78812709030099	109.58336120401341	140.92416387959867	101.75000000000001	92.4	137.5	129.8	125.4	143.55	598.0
5701.0	122.22025227750524	124.99954449894885	103.4396986685354	113.85000000000001	109.45	97.9	136.4	136.95000000000002	109.45	1427.0
5702.0	119.56722689075632	103.96694677871145	145.16764705882355	96.80000000000001	86.9	141.35000000000002	134.75	133.10000000000002	148.5	357.0
5703.0	153.98695255474436	116.16240875912409	95.06970802919709	151.25	105.05000000000001	81.95	157.3	124.85000000000001	107.80000000000001	548.0
5704.0	118.6149411764706	121.91882352941174	162.7728235294118	110.55000000000001	112.2	154.0	126.50000000000001	130.9	171.60000000000002	425.0
5705.0	108.65335051546384	92.85289948453607	213.63743556701033	87.45	79.2	208.45000000000002	127.05000000000001	112.2	218.35000000000002	776.0
5706.0	112.5766149870801	96.54276485788112	209.633850129199	95.15	80.30000000000001	204.60000000000002	126.50000000000001	117.15	215.05	387.0
5707.0	109.76595744680851	98.20571808510638	213.15220744680852	92.4	78.65	204.60000000000002	125.95000000000002	118.25000000000001	219.45000000000002	1880.0
5708.0	128.61662420382166	148.30732484076432	111.15675159235668	119.9	108.9	106.7	162.25	157.85000000000002	114.95	785.0
5709.0	127.835884907709	98.0260043431053	180.99598262757874	100.10000000000001	85.25	152.9	143.0	117.7	218.35000000000002	921.0
5710.0	107.8878865979381	135.62603092783507	157.69407216494847	105.60000000000001	131.45000000000002	155.10000000000002	110.00000000000001	139.70000000000002	160.60000000000002	388.0
5711.0	147.3501618122978	127.23689320388345	109.17411003236246	120.45	102.85000000000001	107.25000000000001	166.10000000000002	160.60000000000002	111.65	309.0
5712.0	136.71641566265058	148.94811746987946	111.6085843373494	124.30000000000001	108.35000000000001	107.25000000000001	167.20000000000002	164.45000000000002	115.50000000000001	664.0
5713.0	141.72931034482784	134.46946839080462	91.67614942528736	138.05	131.45000000000002	85.80000000000001	145.20000000000002	139.70000000000002	97.35000000000001	696.0
5714.0	130.49427875836886	121.5620511259891	97.27869750456483	123.75000000000001	112.75000000000001	88.55000000000001	136.95000000000002	130.9	105.05000000000001	1643.0
5715.0	144.63948462177888	134.3527015793849	90.91824605153784	123.20000000000002	111.10000000000001	81.95	166.10000000000002	163.35000000000002	107.25000000000001	1203.0
5716.0	143.16245114461162	135.52694025683977	92.64874371859298	133.10000000000002	118.80000000000001	83.60000000000001	158.4	150.15	99.00000000000001	1791.0
5717.0	128.8195108077361	134.87827076222982	81.19163822525599	125.4	130.9	77.0	133.10000000000002	140.8	86.9	879.0
5718.0	138.69911373707535	120.61979320531758	85.00140324963073	135.85000000000002	115.50000000000001	80.30000000000001	142.45000000000002	124.85000000000001	90.75000000000001	677.0
5719.0	135.11614285714285	129.98857142857145	82.29335714285716	130.35000000000002	123.75000000000001	77.0	142.45000000000002	134.75	86.9	700.0
5720.0	137.10566884176183	128.9548123980424	85.17911908646005	130.35000000000002	124.85000000000001	78.65	144.10000000000002	133.65	94.60000000000001	1226.0
5721.0	106.13107896794367	92.12908522283034	199.6100078186083	90.75000000000001	80.85000000000001	194.70000000000002	117.15	113.85000000000001	204.05	1279.0
5722.0	103.83649584487526	90.6166897506926	220.2917590027701	99.00000000000001	85.25	217.8	109.45	96.80000000000001	222.20000000000002	722.0
5723.0	117.83536439665477	113.64301075268824	131.6188769414576	110.00000000000001	106.15	127.05000000000001	125.95000000000002	122.10000000000001	136.95000000000002	837.0
5724.0	104.6923970037454	100.59191011235956	188.37808988764047	96.80000000000001	92.95	182.60000000000002	110.00000000000001	107.80000000000001	193.05	1335.0
5725.0	104.83440000000002	101.37746666666672	186.87973333333335	98.45	89.65	182.05	112.2	110.55000000000001	191.95000000000002	750.0
5726.0	106.55908496732026	100.87	189.51921568627452	100.10000000000001	94.05000000000001	184.25000000000003	112.2	107.25000000000001	194.15	765.0
5727.0	100.90735294117648	99.70441176470601	195.02058823529413	95.15	88.0	190.3	109.45	108.9	198.00000000000003	748.0
5728.0	105.13329875518679	95.44782157676345	193.18122406639006	100.65	90.2	190.85000000000002	110.00000000000001	100.65	195.25000000000003	482.0
5729.0	106.48699421965324	99.12262592898435	193.95152766308837	101.2	91.85000000000001	190.85000000000002	111.65	103.95	197.45000000000002	1211.0
5730.0	105.37647708448372	98.70662617338483	182.1137769188294	96.80000000000001	88.0	174.35000000000002	114.95	109.45	190.3	1811.0
5731.0	97.69265375854211	102.39897494305244	191.85478359908885	91.85000000000001	85.25	187.00000000000003	111.65	108.9	195.8	878.0
5732.0	104.28902564102565	94.25025641025653	190.48333333333335	99.00000000000001	88.0	183.70000000000002	108.35000000000001	102.30000000000001	194.15	975.0
5733.0	108.82503373819169	112.45273279352226	147.5651484480432	95.7	89.10000000000001	141.35000000000002	125.95000000000002	128.70000000000002	151.25	1482.0
5734.0	111.18913316582925	106.28404522613066	152.6388190954774	91.30000000000001	83.60000000000001	150.15	129.8	129.8	155.65	796.0
5735.0	100.77040816326532	98.71632653061225	175.95000000000002	96.25000000000001	89.65	168.85000000000002	107.25000000000001	106.15	181.50000000000003	539.0
5736.0	100.36082474226802	98.1877577319588	184.65635738831617	91.85000000000001	83.60000000000001	176.55	112.75000000000001	111.10000000000001	190.85000000000002	1164.0
5737.0	100.70664968873794	97.44306734578367	187.30192416525185	94.60000000000001	90.75000000000001	180.95000000000002	105.05000000000001	103.4	194.70000000000002	1767.0
5738.0	156.22507861635202	123.92900943396224	117.45180817610064	140.8	115.50000000000001	106.7	166.10000000000002	136.95000000000002	124.85000000000001	1272.0
5739.0	153.58899194959776	138.4444522226113	107.8554427721386	138.05	123.75000000000001	97.9	168.85000000000002	154.55	119.9	2857.0
5740.0	150.38415492957765	141.94295774647884	105.18873239436621	135.3	119.35000000000001	96.25000000000001	167.75	160.60000000000002	112.2	1562.0
5741.0	151.21799568965514	141.41448275862072	106.17086206896553	141.35000000000002	121.00000000000001	98.45	166.65	154.0	115.50000000000001	2320.0
5742.0	108.20106490872212	98.69348377281952	212.221906693712	97.9	85.80000000000001	205.70000000000002	116.60000000000001	107.25000000000001	218.9	1972.0
5743.0	103.90828292228944	116.06074918566777	183.51035365286182	95.15	101.2	142.45000000000002	114.4	140.25	209.55	2149.0
5744.0	114.36909569798067	87.29596136962238	199.57563652326607	109.45	83.60000000000001	195.8	118.80000000000001	90.75000000000001	203.50000000000003	1139.0
5745.0	153.09601063829788	107.92111702127654	146.87047872340426	116.05000000000001	80.85000000000001	130.35000000000002	172.70000000000002	124.85000000000001	185.35000000000002	940.0
5746.0	151.56838235294126	139.43051470588213	128.87499999999997	135.85000000000002	123.75000000000001	124.30000000000001	169.4	155.10000000000002	133.10000000000002	1496.0
5747.0	127.76299270072994	127.7244525547445	103.78941605839415	112.75000000000001	102.85000000000001	95.15	149.05	148.5	112.2	1370.0
5748.0	132.0272405660378	100.04119496855334	143.87861635220128	99.55000000000001	90.2	140.25	145.75	135.3	148.5	1272.0
5749.0	110.03795359904821	115.69892920880427	170.51995835812022	105.60000000000001	101.2	143.0	115.50000000000001	140.25	193.60000000000002	1681.0
5750.0	125.75528787260112	101.18764801959985	165.59693752552062	96.25000000000001	85.80000000000001	135.3	159.5	148.5	193.60000000000002	2449.0
5751.0	100.69241293532343	129.92860696517414	148.88308457711446	97.35000000000001	125.4	144.65	103.4	133.65	152.9	402.0
5752.0	102.53571428571425	133.64310776942358	146.76315789473688	99.55000000000001	131.45000000000002	143.55	105.60000000000001	135.85000000000002	150.15	399.0
5753.0	137.9824152542373	92.09625706214692	145.79661016949154	133.10000000000002	89.10000000000001	142.45000000000002	143.0	94.60000000000001	149.05	708.0
5754.0	110.71037507562008	107.0047791893526	164.0580459770115	94.05000000000001	85.25	161.15	130.35000000000002	124.85000000000001	167.75	1653.0
5755.0	113.39991349480971	107.85455594002306	167.40014417531725	96.80000000000001	86.9	163.9	130.9	127.60000000000001	172.15	1734.0
5756.0	118.55761455525605	105.70599730458224	165.48254716981134	102.30000000000001	86.9	161.15	133.10000000000002	129.25	169.4	742.0
5757.0	95.71981981981976	115.64765765765767	218.13594594594596	90.75000000000001	109.45	214.50000000000003	99.55000000000001	121.00000000000001	221.65	555.0
5758.0	111.189420935412	101.09955456570142	216.21124721603564	94.05000000000001	81.95	208.45000000000002	129.8	121.00000000000001	222.75000000000003	898.0
5759.0	111.7711741424802	101.68687335092343	185.50963060686018	107.80000000000001	96.80000000000001	182.05	115.50000000000001	106.15	188.65	758.0
5760.0	145.35599582898868	120.89676746611053	137.19403023983315	116.60000000000001	90.2	116.05000000000001	173.8	166.10000000000002	172.15	1918.0
5761.0	158.07816091954052	129.5931034482759	114.6344827586207	123.20000000000002	113.85000000000001	99.55000000000001	175.45000000000002	163.35000000000002	126.50000000000001	957.0
5762.0	111.26532544378692	101.05832347140037	191.89923076923077	102.30000000000001	92.4	103.95	134.75	118.80000000000001	209.00000000000003	2535.0
5763.0	122.49759036144579	118.51149212233544	126.30426320667287	107.25000000000001	97.9	121.00000000000001	138.60000000000002	136.4	131.45000000000002	1079.0
5764.0	141.87669804976463	110.85070611970409	140.17787491593813	112.75000000000001	98.45	136.95000000000002	151.8	144.10000000000002	143.0	1487.0
5765.0	147.99393647738228	100.6494706448509	152.1546679499519	144.10000000000002	95.15	145.20000000000002	151.25	107.25000000000001	156.75	1039.0
5766.0	117.76551111111112	144.90422222222216	150.7953333333334	111.65	141.35000000000002	147.4	123.75000000000001	148.5	154.55	1125.0
5767.0	118.61923676012461	138.27274143302182	112.6677570093458	112.2	125.4	96.25000000000001	124.30000000000001	153.45000000000002	128.15	642.0
5768.0	133.06133187772926	135.82430131004364	98.59770742358079	111.65	108.9	88.55000000000001	162.8	157.3	131.45000000000002	2290.0
5769.0	121.11633986928102	134.02156862745102	154.06470588235297	104.50000000000001	89.10000000000001	148.5	155.65	154.55	160.05	1683.0
5770.0	145.3041836141777	99.54584543869845	155.15848343986056	105.60000000000001	86.9	149.05	157.85000000000002	149.05	161.15	1721.0
5771.0	172.96141602634455	116.43367178924265	125.94426454445667	167.75	112.2	117.15	177.10000000000002	122.65	132.55	1822.0
5772.0	161.7284482758619	126.44120689655173	110.3176724137931	124.30000000000001	108.35000000000001	103.95	173.8	164.45000000000002	115.50000000000001	580.0
5773.0	158.17728395061755	132.2417283950617	111.94740740740743	128.70000000000002	108.9	106.7	174.9	166.65	115.50000000000001	405.0
5774.0	102.0656040268456	144.6721476510068	161.74368008948548	99.00000000000001	139.15	152.35000000000002	106.7	150.70000000000002	166.10000000000002	894.0
5775.0	130.04816223067175	155.2066539923954	130.28795944233207	127.60000000000001	148.5	123.20000000000002	133.10000000000002	161.70000000000002	136.95000000000002	789.0
5776.0	124.98352601156071	85.03063583815032	204.59046242774568	122.10000000000001	83.05000000000001	202.4	128.15	86.35000000000001	206.8	173.0
5777.0	116.3712121212121	111.16666666666667	169.20303030303032	106.15	91.30000000000001	166.65	131.45000000000002	125.95000000000002	172.70000000000002	363.0
5778.0	111.58171390013494	116.06781376518215	173.8029689608637	102.85000000000001	86.9	167.75	133.10000000000002	129.8	178.75000000000003	741.0
5779.0	136.69562260202298	130.4472619462853	158.36067317753754	114.95	95.15	149.60000000000002	162.25	154.55	165.55	2867.0
5780.0	119.72762886597936	118.26020618556703	189.8239381443299	97.9	86.9	146.3	151.8	149.05	217.25000000000003	2425.0
5781.0	129.5103141361257	124.93120418848169	162.00869109947644	103.4	104.50000000000001	136.95000000000002	150.15	139.70000000000002	226.60000000000002	955.0
5782.0	111.25840000000008	116.8211	214.75740000000002	101.2	86.9	200.75000000000003	135.3	126.50000000000001	222.75000000000003	500.0
5783.0	120.70988372093022	110.02441860465115	175.43953488372094	96.25000000000001	84.7	116.05000000000001	135.3	166.65	221.10000000000002	946.0
5784.0	132.60611645299147	111.68114316239314	164.57662927350427	106.7	91.30000000000001	160.05	151.25	145.75	168.3	1872.0
5785.0	141.68258885686848	115.47120557156586	157.4170268972142	120.45	95.7	150.15	152.9	147.95000000000002	165.55	2082.0
5786.0	144.86923076923097	111.15480769230773	156.28557692307695	141.9	106.15	151.8	147.95000000000002	115.50000000000001	161.15	572.0
5787.0	140.28697478991597	121.82899159663872	153.79453781512606	125.95000000000002	109.45	148.5	151.25	142.45000000000002	159.5	1309.0
5788.0	124.80438808373592	111.21159420289855	197.5545088566828	110.00000000000001	90.2	151.25	134.75	139.70000000000002	221.10000000000002	1242.0
5789.0	135.89662301860787	117.76064782908335	162.99066161268092	119.9	99.55000000000001	157.3	149.05	141.35000000000002	169.4	1451.0
5790.0	124.03325000000001	141.66281250000017	149.4026875	118.80000000000001	137.5	145.75	129.8	146.85000000000002	152.9	800.0
5791.0	132.08050565535595	140.92624750499	102.34208250166334	107.25000000000001	95.15	94.05000000000001	169.4	167.20000000000002	118.80000000000001	1503.0
5792.0	123.76852631578944	119.49242105263156	116.51663157894738	105.60000000000001	95.15	110.55000000000001	145.75	140.8	122.10000000000001	475.0
5793.0	105.12857142857143	118.67929606625259	137.79948240165632	101.2	114.95	133.10000000000002	109.45	123.75000000000001	141.35000000000002	483.0
5794.0	110.20263157894739	110.90404858299594	136.72398785425102	105.60000000000001	101.2	132.0	118.25000000000001	117.15	140.25	494.0
5795.0	115.67690622261176	104.85284837861523	139.3861963190184	108.35000000000001	96.80000000000001	134.75	124.30000000000001	113.85000000000001	143.0	1141.0
5796.0	111.5558888888889	110.50844444444445	139.64377777777779	105.60000000000001	100.65	135.3	118.80000000000001	117.7	144.10000000000002	450.0
5797.0	132.12917431192662	120.88899082568808	86.96155963302753	119.35000000000001	108.35000000000001	78.65	141.9	138.60000000000002	91.30000000000001	1090.0
5798.0	117.77522421524667	114.90313901345291	123.10504484304934	106.15	97.9	118.80000000000001	130.35000000000002	132.0	128.15	446.0
5799.0	121.45390334572488	115.88234200743491	120.06970260223049	118.25000000000001	112.2	116.60000000000001	123.75000000000001	118.80000000000001	123.75000000000001	269.0
5800.0	114.4145543175488	109.25849582172698	141.88736072423401	103.95	98.45	112.2	125.4	119.35000000000001	153.45000000000002	1436.0
5801.0	125.72816666666668	115.08016666666661	109.32395833333335	116.05000000000001	107.80000000000001	104.50000000000001	132.55	125.4	114.4	1200.0
5802.0	97.89999999999998	93.38387096774194	197.57419354838711	84.7	75.9	192.50000000000003	113.30000000000001	112.2	202.4	341.0
5803.0	111.11654135338347	124.49160401002507	131.96278195488722	108.35000000000001	119.9	129.25	113.85000000000001	128.15	134.20000000000002	399.0
5804.0	115.45914285714287	118.13214285714281	126.0757142857143	106.15	97.35000000000001	121.55000000000001	132.0	129.8	129.25	350.0
5805.0	111.3876728110599	114.10725806451615	143.44988479262676	108.9	110.00000000000001	140.8	114.95	118.25000000000001	145.75	434.0
5806.0	123.46693002257337	106.87102144469522	143.0853555304741	105.60000000000001	92.95	118.80000000000001	136.95000000000002	133.10000000000002	221.10000000000002	1772.0
5807.0	116.74611940298513	106.99004975124389	143.1598009950249	106.15	96.80000000000001	139.15	125.95000000000002	121.00000000000001	146.85000000000002	1005.0
5808.0	116.33420669577876	109.54046579330425	140.83042212518197	110.00000000000001	102.30000000000001	137.5	123.20000000000002	117.7	144.10000000000002	687.0
5809.0	115.89643691588786	109.91775700934573	146.14740070093458	107.25000000000001	99.00000000000001	140.25	123.75000000000001	121.00000000000001	150.70000000000002	1712.0
5810.0	130.19233891425674	121.98587011669204	123.9944444444445	122.65	116.05000000000001	112.75000000000001	135.3	127.60000000000001	129.25	1971.0
5811.0	130.5069223573433	122.584144059869	120.51920018709076	124.85000000000001	116.60000000000001	114.95	136.4	127.60000000000001	125.4	2138.0
5812.0	134.48374892519348	123.34329320722271	112.88809114359417	127.05000000000001	113.85000000000001	105.60000000000001	139.15	130.35000000000002	118.80000000000001	1163.0
5813.0	133.7873417721519	123.27848101265825	127.21962025316454	128.15	117.15	121.55000000000001	136.95000000000002	127.60000000000001	130.9	869.0
5814.0	134.67661290322582	124.98548387096777	116.075	129.25	119.9	110.00000000000001	138.60000000000002	129.25	122.10000000000001	682.0
5815.0	125.86844362745099	113.81158088235296	153.89620098039217	116.60000000000001	105.60000000000001	151.8	134.75	125.4	156.75	816.0
5816.0	142.32858081471764	127.46629434954008	77.74658344283837	128.15	118.25000000000001	73.7	151.25	140.8	81.4	761.0
5817.0	98.87630834512022	89.38316831683179	206.64207920792083	91.85000000000001	80.30000000000001	202.4	106.15	99.55000000000001	210.10000000000002	707.0
5818.0	96.23879837067211	90.7808044806517	210.740733197556	87.45	79.75	205.15	103.95	103.95	215.60000000000002	982.0
5819.0	100.94756890678214	89.8513316816348	215.32849179312484	92.95	79.75	209.55	108.9	100.65	221.10000000000002	3229.0
5820.0	124.86775117126497	116.13503383654356	114.16350858927643	114.4	105.05000000000001	102.85000000000001	134.75	128.15	122.65	1921.0
5821.0	109.7525835866261	109.94650455927052	150.2879179331307	103.95	97.9	146.85000000000002	119.9	117.7	153.45000000000002	658.0
5822.0	99.3205035971222	93.44776978417262	199.61913669064748	86.35000000000001	77.0	195.25000000000003	113.30000000000001	111.10000000000001	204.60000000000002	695.0
5823.0	110.39999999999995	98.69868421052634	166.0872807017544	93.50000000000001	88.55000000000001	161.15	120.45	116.05000000000001	170.5	1254.0
5824.0	103.1996821071754	105.35547229791099	170.91037693006362	91.85000000000001	83.60000000000001	161.70000000000002	118.80000000000001	117.15	180.95000000000002	2202.0
5825.0	138.88581460674155	121.96558988764049	110.39983146067416	113.85000000000001	101.75000000000001	105.60000000000001	158.95000000000002	151.25	114.95	1780.0
5826.0	130.5098615916955	136.72210207612451	108.56838235294119	118.80000000000001	107.25000000000001	102.30000000000001	157.85000000000002	152.35000000000002	113.85000000000001	1156.0
5827.0	136.4084245076586	123.5349744711889	119.90240700218818	124.30000000000001	107.80000000000001	98.45	165.55	160.05	132.0	1371.0
5828.0	117.56093264248709	105.78779792746121	166.1336269430052	105.05000000000001	94.05000000000001	94.05000000000001	137.5	119.35000000000001	194.70000000000002	1930.0
5829.0	138.57429118773948	128.66206896551728	98.01969348659004	129.25	118.25000000000001	95.15	146.85000000000002	138.60000000000002	100.65	1305.0
5830.0	116.87997416020673	118.099354005168	133.8276485788114	105.05000000000001	94.05000000000001	130.35000000000002	135.3	133.10000000000002	138.05	387.0
5831.0	125.09606425702817	120.43586345381527	123.76325301204821	100.65	87.45	94.60000000000001	148.5	139.70000000000002	143.55	1245.0
5832.0	126.79671407552723	123.66044629720452	121.92143207454635	115.50000000000001	105.60000000000001	112.75000000000001	146.85000000000002	140.8	129.8	2039.0
5833.0	159.0093137254903	111.55833333333335	102.70980392156864	152.9	110.00000000000001	100.10000000000001	165.55	113.85000000000001	105.05000000000001	204.0
5834.0	128.9701754385965	140.66973684210524	139.5890350877193	125.4	138.60000000000002	136.95000000000002	132.55	143.0	143.0	342.0
5835.0	129.65491606714636	115.27643884892092	148.25005995203836	118.25000000000001	105.05000000000001	138.60000000000002	139.15	130.9	154.0	3336.0
5836.0	107.16368613138684	103.84160583941606	215.268795620438	105.05000000000001	100.65	212.3	108.9	106.7	218.35000000000002	274.0
5837.0	131.37043399638338	122.92549728752265	128.36980108499097	121.55000000000001	110.55000000000001	95.7	147.95000000000002	141.35000000000002	141.9	2212.0
5838.0	145.63886648745554	126.52464157706089	97.43033154121864	123.75000000000001	111.65	92.95	158.4	156.20000000000002	102.85000000000001	2232.0
5839.0	111.93839184597962	99.66959229898073	216.19733861834658	107.25000000000001	93.50000000000001	212.85000000000002	116.60000000000001	105.05000000000001	219.45000000000002	883.0
5840.0	130.98109919571047	127.93619302949071	85.66876675603218	118.80000000000001	110.00000000000001	80.30000000000001	144.10000000000002	141.9	90.2	1119.0
5841.0	134.11981776765379	127.78166287015947	78.85922551252848	126.50000000000001	117.15	75.9	141.35000000000002	139.15	83.05000000000001	439.0
5842.0	139.71346389228887	129.7481640146879	87.40758873929009	124.85000000000001	111.65	81.95	154.0	149.05	91.85000000000001	817.0
5843.0	141.2458510638298	127.94638297872342	84.96095744680852	126.50000000000001	116.05000000000001	80.85000000000001	151.25	144.65	91.85000000000001	940.0
5844.0	133.8292288557214	130.25194859038143	90.01803482587067	126.50000000000001	125.95000000000002	85.25	140.25	135.3	94.60000000000001	1206.0
5845.0	135.99992592592594	127.88925925925932	86.5488148148148	130.35000000000002	124.30000000000001	83.05000000000001	141.35000000000002	131.45000000000002	90.75000000000001	675.0
5846.0	135.36025896414344	126.16254980079684	91.12196215139446	128.70000000000002	122.65	86.35000000000001	141.35000000000002	132.55	95.7	1004.0
5847.0	123.17862694300516	113.65669257340248	123.33583765112265	112.75000000000001	103.4	119.35000000000001	131.45000000000002	127.60000000000001	127.05000000000001	1158.0
5848.0	124.20294117647059	115.24447779111645	124.99195678271309	120.45	110.00000000000001	121.55000000000001	127.60000000000001	121.00000000000001	127.60000000000001	833.0
5849.0	131.45895522388062	114.6746268656716	132.52388059701494	126.50000000000001	110.00000000000001	129.25	135.3	118.80000000000001	135.3	737.0
5850.0	137.0516517857143	135.56124999999997	93.66892857142858	124.85000000000001	112.75000000000001	89.65	155.65	151.8	99.00000000000001	1120.0
5851.0	139.22666126418162	137.04716369529984	84.91304700162075	130.35000000000002	119.9	81.4	152.9	150.70000000000002	90.75000000000001	617.0
5852.0	106.78533068125309	94.7985579313774	199.3152411735455	92.4	84.15	188.65	118.25000000000001	112.75000000000001	211.20000000000002	2011.0
5853.0	100.4848948374761	93.39378585086044	200.8057361376673	96.25000000000001	88.0	198.55	104.50000000000001	99.00000000000001	203.50000000000003	523.0
5854.0	102.70341235632186	93.62959770114962	204.34278017241382	96.80000000000001	86.9	201.3	107.25000000000001	99.55000000000001	209.00000000000003	1392.0
5855.0	103.84853448275861	95.28655172413798	200.72795258620695	97.35000000000001	88.0	195.25000000000003	109.45	101.75000000000001	206.8	2320.0
5856.0	119.73679395385837	111.9326571201273	135.31531424025457	112.2	103.95	132.55	126.50000000000001	121.00000000000001	138.05	1257.0
5857.0	119.31524573721163	114.97978936810432	132.15997993981946	112.75000000000001	106.15	128.70000000000002	127.05000000000001	122.10000000000001	134.75	997.0
5858.0	101.05416666666662	99.35384615384618	179.95544871794874	92.95	87.45	170.5	113.30000000000001	110.55000000000001	193.60000000000002	1716.0
5859.0	110.79142661179704	96.15569272976694	215.36536351165984	105.05000000000001	89.65	212.3	115.50000000000001	102.30000000000001	218.9	1458.0
5860.0	117.7722159518435	107.53100075244544	171.1234574868322	103.4	91.30000000000001	146.85000000000002	132.0	124.30000000000001	215.05	2658.0
5861.0	127.56736842105263	122.88894736842103	110.94315789473686	123.20000000000002	118.80000000000001	105.60000000000001	132.0	127.05000000000001	116.60000000000001	1045.0
5862.0	116.97190476190477	109.01314285714287	157.72603174603174	110.55000000000001	103.4	154.0	124.30000000000001	116.05000000000001	163.35000000000002	1575.0
5863.0	131.44102466793169	123.29309297912712	123.52666034155602	118.80000000000001	105.05000000000001	113.85000000000001	140.8	157.3	132.0	2635.0
5864.0	132.07773998488287	122.33571428571425	111.16152683295542	128.70000000000002	117.15	105.60000000000001	136.4	127.05000000000001	115.50000000000001	1323.0
5865.0	124.9199646643109	163.21978798586576	110.8939929328622	120.45	160.05	108.35000000000001	128.70000000000002	166.65	113.85000000000001	566.0
5866.0	133.1622107969152	164.58007712082266	130.211439588689	129.8	156.75	125.95000000000002	136.4	168.85000000000002	136.4	389.0
5867.0	132.77578947368423	157.27915789473693	131.4737368421053	128.70000000000002	147.95000000000002	124.30000000000001	138.05	165.55	137.5	1900.0
5868.0	132.07765460910153	144.43051341890296	127.30606767794639	122.65	121.55000000000001	123.75000000000001	138.60000000000002	162.8	130.35000000000002	857.0
5869.0	138.06594202898552	161.77439613526568	127.08188405797102	136.4	158.4	124.85000000000001	140.25	163.9	130.9	207.0
5870.0	135.82032894736844	162.04085526315802	129.01697368421054	132.55	153.45000000000002	124.85000000000001	139.70000000000002	168.3	134.20000000000002	760.0
5871.0	153.9478518518519	133.9404814814815	127.88600000000004	134.75	119.35000000000001	124.85000000000001	168.85000000000002	160.60000000000002	132.0	1350.0
5872.0	157.33597046413496	134.68095991561177	105.08074894514769	134.20000000000002	114.95	99.00000000000001	171.05	162.25	114.4	948.0
5873.0	155.32101784534032	135.27346331791145	114.58248512888302	139.70000000000002	122.65	101.2	168.85000000000002	159.5	128.70000000000002	1513.0
5874.0	142.9073834196891	154.30777202072503	121.3711787564767	130.35000000000002	143.0	113.85000000000001	150.70000000000002	160.60000000000002	134.75	772.0
5875.0	147.8361403508774	142.5977694235588	129.83308270676696	135.85000000000002	122.10000000000001	125.4	168.3	158.4	134.20000000000002	1995.0
5876.0	158.27444633730855	132.09041737649065	133.17402044293016	134.75	121.55000000000001	129.8	171.60000000000002	151.25	136.95000000000002	1174.0
5877.0	117.63286618444847	117.72337251356245	143.36998191681738	102.30000000000001	92.4	138.05	141.35000000000002	134.75	148.5	1106.0
5878.0	124.07115384615385	108.85897435897438	146.6519230769231	105.05000000000001	95.7	144.10000000000002	137.5	130.35000000000002	149.05	858.0
5879.0	119.68170103092785	108.22147766323023	148.76507731958765	99.55000000000001	91.30000000000001	137.5	135.85000000000002	129.25	154.0	1164.0
5880.0	121.609837962963	102.90983796296292	144.58761574074074	101.2	91.85000000000001	140.8	132.0	128.15	147.4	432.0
5881.0	128.33063725490197	92.42156862745101	145.73921568627452	124.85000000000001	90.2	141.35000000000002	131.45000000000002	96.25000000000001	149.05	408.0
5882.0	118.20886178861787	118.4565853658537	138.79048780487807	102.30000000000001	89.10000000000001	131.45000000000002	143.0	141.35000000000002	145.20000000000002	1230.0
5883.0	124.76177083333336	110.73447916666665	144.78368055555555	101.75000000000001	89.10000000000001	133.65	147.4	143.55	159.5	1440.0
5884.0	151.8943469785575	105.6793372319688	155.65643274853804	121.00000000000001	79.2	119.35000000000001	176.0	129.8	198.00000000000003	513.0
5885.0	100.343064516129	125.89854838709678	166.3492741935484	96.25000000000001	122.65	162.8	103.95	128.70000000000002	170.5	620.0
5886.0	109.82831920903956	108.95334274952914	169.60793314500944	95.7	83.60000000000001	162.25	130.35000000000002	126.50000000000001	178.75000000000003	2124.0
5887.0	111.82228353140914	105.97724957555187	169.9742784380306	106.15	99.55000000000001	165.55	116.05000000000001	111.65	174.9	1178.0
5888.0	109.49076677316283	103.61578274760392	171.33431309904154	106.15	99.00000000000001	163.35000000000002	113.30000000000001	108.35000000000001	177.10000000000002	1565.0
5889.0	114.0214107053526	109.3440720360181	164.2774887443722	106.7	101.75000000000001	105.05000000000001	128.70000000000002	164.45000000000002	171.60000000000002	1999.0
5890.0	142.91232921275156	106.49102147039689	151.52106376057256	108.35000000000001	83.60000000000001	139.15	159.5	146.85000000000002	175.45000000000002	3074.0
5891.0	150.8656762295082	144.72776639344264	122.1563524590164	135.85000000000002	117.15	117.7	172.15	162.8	127.05000000000001	488.0
5892.0	139.73639705882354	126.04705882352943	147.08617647058824	118.80000000000001	105.60000000000001	144.10000000000002	155.10000000000002	148.5	150.15	680.0
5893.0	108.33084874863987	102.7784820457018	190.50019042437432	90.2	82.5	184.8	127.60000000000001	121.55000000000001	196.9	1838.0
5894.0	104.44162011173177	103.51522346368708	192.83952513966483	91.30000000000001	81.4	188.65	125.95000000000002	119.9	196.9	716.0
5895.0	117.8952160493828	144.5596064814811	125.68263888888893	112.75000000000001	139.15	121.55000000000001	122.10000000000001	150.15	129.8	1296.0
5896.0	91.81751968503937	117.36437007874017	207.47992125984254	88.55000000000001	115.50000000000001	204.05	94.05000000000001	119.35000000000001	211.75000000000003	254.0
5897.0	134.4459349593496	102.88279132791315	163.08058943089432	100.10000000000001	78.65	150.70000000000002	155.65	151.25	206.8	1476.0
5898.0	120.58487738419618	125.44833106267029	116.77271798365122	115.50000000000001	122.10000000000001	110.55000000000001	125.95000000000002	129.25	122.65	1468.0
5899.0	139.68383343539486	128.29819350887936	94.47201469687691	124.30000000000001	113.30000000000001	90.75000000000001	152.9	143.55	97.9	1633.0
5900.0	134.0544117647059	123.55708061002179	102.97581699346406	127.05000000000001	119.9	99.55000000000001	140.25	128.15	107.25000000000001	918.0
5901.0	111.05545774647891	100.90369718309864	191.4206572769953	107.80000000000001	96.80000000000001	183.70000000000002	114.4	103.95	197.45000000000002	852.0
5902.0	109.60586832061077	97.69007633587793	196.33530534351146	101.75000000000001	90.2	191.4	114.4	106.7	200.75000000000003	1048.0
5903.0	143.75525936599402	125.88342939481265	122.00014409221903	136.95000000000002	103.4	111.65	150.15	157.85000000000002	128.15	694.0
5904.0	123.346499238965	128.58949771689498	143.40015220700153	111.65	96.25000000000001	140.25	144.65	145.20000000000002	147.4	657.0
5905.0	104.57065491183876	107.62821158690181	170.4875314861461	101.75000000000001	105.05000000000001	167.20000000000002	107.80000000000001	110.55000000000001	173.25	397.0
5906.0	125.23828616352202	106.16470125786158	148.21462264150944	121.00000000000001	101.75000000000001	144.65	129.8	111.10000000000001	150.70000000000002	636.0
5907.0	111.77733695652178	92.46875000000006	203.35891304347828	108.35000000000001	88.55000000000001	196.35000000000002	114.95	95.7	208.45000000000002	920.0
5908.0	117.87037422037422	126.7681392931393	120.46543659043658	111.65	103.95	115.50000000000001	138.60000000000002	134.75	125.4	962.0
5909.0	125.31797066014671	119.02322738386312	119.39572127139364	110.55000000000001	102.30000000000001	114.95	143.0	136.4	124.30000000000001	409.0
5910.0	108.31259445843828	131.93211586901765	135.02153652392948	105.60000000000001	128.15	130.9	111.10000000000001	135.3	139.15	397.0
5911.0	124.88703703703708	115.95123456790128	134.19691358024693	108.35000000000001	98.45	130.35000000000002	143.55	136.4	138.05	891.0
5912.0	138.66119402985083	102.89477611940299	149.99477611940299	102.85000000000001	86.9	144.10000000000002	151.8	149.05	157.3	737.0
5913.0	137.2603620474408	111.25106117353309	149.03695380774033	105.05000000000001	90.75000000000001	144.10000000000002	155.10000000000002	151.8	155.65	801.0
5914.0	102.83319444444442	95.60196759259257	207.6300925925926	83.60000000000001	75.35000000000001	192.50000000000003	122.10000000000001	117.15	216.15	2160.0
5915.0	101.66875204716682	98.98792990501154	209.5427939731412	90.75000000000001	77.0	201.3	117.15	111.10000000000001	217.8	3053.0
5916.0	106.49646171693743	87.61950889404483	212.58967517401393	83.05000000000001	72.05000000000001	206.25000000000003	121.55000000000001	112.2	218.35000000000002	2586.0
5917.0	112.87246520874749	92.47490059642149	199.16505964214713	101.2	72.05000000000001	176.55	128.15	114.4	218.9	1006.0
5918.0	114.59019354838709	98.99645161290336	216.2025161290323	97.35000000000001	83.05000000000001	211.75000000000003	130.9	121.55000000000001	221.65	775.0
5919.0	114.9686230248307	133.13662528216702	171.64655756207677	110.55000000000001	98.45	146.3	121.00000000000001	155.10000000000002	212.3	886.0
5920.0	123.59977758007116	126.24114768683275	171.61272241992882	95.15	100.10000000000001	154.0	160.05	153.45000000000002	218.9	1124.0
5921.0	125.94492307692308	83.83353846153851	185.68507692307693	120.45	80.85000000000001	178.75000000000003	131.45000000000002	88.0	191.95000000000002	650.0
5922.0	120.40581772334293	127.37017291066282	160.32480187319888	101.2	100.65	135.3	155.65	147.95000000000002	199.10000000000002	2776.0
5923.0	132.18639769452452	114.63426512968304	180.35181556195965	96.80000000000001	82.5	156.75	157.85000000000002	152.9	222.75000000000003	1735.0
5924.0	119.13223350253811	118.33535170413349	156.98132704858594	109.45	98.45	98.45	136.4	167.75	175.45000000000002	1379.0
5925.0	116.90155172413795	88.59488505747109	204.47830459770117	91.85000000000001	78.10000000000001	198.00000000000003	132.0	121.00000000000001	212.85000000000002	1740.0
5926.0	100.19607268464242	104.42842907385699	208.6195779601407	90.2	80.85000000000001	204.05	121.55000000000001	115.50000000000001	213.4	853.0
5927.0	118.91594076655049	85.23562717770032	224.28693379790943	114.4	80.30000000000001	220.55	124.30000000000001	88.55000000000001	228.25000000000003	574.0
5928.0	100.22197580645162	94.53790322580643	225.29375000000002	95.7	89.65	221.65	103.95	98.45	230.45000000000002	992.0
5929.0	132.3262660826718	123.76355050643308	132.8572953736655	112.2	90.2	119.9	157.3	155.10000000000002	162.25	3653.0
5930.0	135.57999999999998	138.69222222222228	136.01222222222222	127.60000000000001	111.10000000000001	113.85000000000001	143.55	165.0	161.15	495.0
5931.0	112.95016103059575	146.41779388083742	130.2446054750403	108.9	141.9	125.4	118.25000000000001	149.60000000000002	134.20000000000002	621.0
5932.0	126.62893175074186	119.48872403560831	187.21461424332347	121.55000000000001	91.85000000000001	156.20000000000002	130.9	146.85000000000002	220.00000000000003	674.0
5933.0	110.539976484421	102.72971781305108	152.9423574368019	97.35000000000001	82.5	149.05	131.45000000000002	118.25000000000001	157.3	1701.0
5934.0	103.5913043478261	118.65925465838507	153.12341614906836	88.55000000000001	80.85000000000001	146.3	134.75	134.20000000000002	159.5	1610.0
5935.0	125.02324792765639	114.85674453654859	106.75553880934439	116.05000000000001	107.80000000000001	100.10000000000001	132.0	124.85000000000001	114.95	1327.0
5936.0	125.59393656716419	113.45699626865672	110.01231343283581	117.15	106.7	104.50000000000001	132.55	122.65	113.85000000000001	536.0
5937.0	129.86559006211183	122.47714285714287	95.44105590062115	111.65	101.2	90.2	147.95000000000002	146.3	101.75000000000001	805.0
5938.0	130.33347639484978	131.79817596566525	76.66244635193135	121.55000000000001	114.95	73.15	143.55	143.55	80.30000000000001	466.0
5939.0	140.2736448598131	121.52429906542056	78.72915887850468	122.65	108.35000000000001	73.15	151.25	143.0	84.7	535.0
5940.0	118.76781914893618	145.0961436170214	83.95691489361703	114.95	140.8	78.10000000000001	123.75000000000001	150.15	90.2	376.0
5941.0	109.06461843409313	100.52571853320117	160.81313181367693	86.35000000000001	80.30000000000001	135.85000000000002	129.8	129.25	197.45000000000002	1009.0
5942.0	125.2248721227622	126.32522378516627	95.92858056265987	114.95	105.60000000000001	91.30000000000001	141.35000000000002	141.35000000000002	102.30000000000001	1564.0
5943.0	133.10274314214465	119.15935162094765	91.50299251870325	121.00000000000001	108.35000000000001	88.55000000000001	142.45000000000002	135.85000000000002	95.15	401.0
5944.0	119.57365558912387	113.6984592145015	129.18719033232634	106.7	96.80000000000001	124.85000000000001	133.10000000000002	130.9	134.20000000000002	1655.0
5945.0	131.13350877192983	96.95631578947365	133.23122807017543	129.25	94.60000000000001	130.35000000000002	133.10000000000002	99.55000000000001	136.4	285.0
5946.0	119.82735260770977	115.32414965986398	153.70566893424038	112.2	104.50000000000001	150.70000000000002	128.70000000000002	124.85000000000001	157.3	1764.0
5947.0	123.0715953307393	113.29857328145258	155.79695201037615	116.05000000000001	105.60000000000001	153.45000000000002	130.35000000000002	122.65	157.85000000000002	771.0
5948.0	141.38797327394207	129.26714922048998	79.92516703786193	130.35000000000002	116.05000000000001	76.45	151.25	143.0	83.05000000000001	449.0
5949.0	135.33048498845267	133.58140877598154	79.40513856812935	125.95000000000002	116.05000000000001	75.9	148.5	144.10000000000002	82.5	866.0
5950.0	141.56670000000008	128.64005	81.0172	132.0	121.55000000000001	75.9	149.05	139.15	85.80000000000001	1000.0
5951.0	115.95451063829785	105.96604255319154	145.2252765957447	102.85000000000001	93.50000000000001	141.9	125.4	121.55000000000001	147.95000000000002	1175.0
5952.0	99.00757314974182	92.08003442340794	202.9821858864028	95.7	88.55000000000001	200.20000000000002	102.30000000000001	97.9	206.25000000000003	581.0
5953.0	103.0535787321063	84.45930470347642	199.079754601227	99.55000000000001	80.30000000000001	195.8	107.25000000000001	88.0	201.85000000000002	489.0
5954.0	97.34711134453778	92.34569327731089	203.48786764705886	88.55000000000001	78.10000000000001	200.75000000000003	108.9	103.95	207.35000000000002	952.0
5955.0	98.93870099923146	93.91936971560337	200.2621445042275	89.65	80.30000000000001	196.35000000000002	110.00000000000001	106.7	204.60000000000002	1301.0
5956.0	119.27958937198065	108.8614734299518	139.7086352657005	103.95	92.95	135.85000000000002	132.0	127.05000000000001	143.55	828.0
5957.0	120.01140350877195	107.6368421052632	140.4043859649123	108.9	100.10000000000001	136.95000000000002	127.60000000000001	122.65	144.65	627.0
5958.0	98.62470588235291	97.12094117647057	196.2930588235294	90.75000000000001	83.60000000000001	192.50000000000003	109.45	107.25000000000001	199.65	425.0
5959.0	114.76393034825873	110.42002487562185	142.55671641791048	97.9	89.10000000000001	139.70000000000002	131.45000000000002	130.9	146.85000000000002	402.0
5960.0	109.85874916833005	115.60465735196274	145.66400532268798	97.35000000000001	91.85000000000001	140.8	127.60000000000001	129.25	150.70000000000002	1503.0
5961.0	99.40594520547954	97.47115068493164	201.8237808219178	88.55000000000001	77.0	193.60000000000002	117.15	116.05000000000001	212.3	1825.0
5962.0	96.05486111111112	94.91319444444449	206.64097222222225	84.15	75.9	202.95000000000002	112.2	109.45	210.10000000000002	792.0
5963.0	100.8176630434782	92.26956521739129	208.4152173913044	95.7	84.7	203.50000000000003	106.15	100.65	213.4	2024.0
5964.0	102.86068181818182	92.05386363636359	208.5393181818182	89.65	78.10000000000001	201.85000000000002	112.2	105.60000000000001	214.50000000000003	2420.0
5965.0	97.87493197278911	92.93316326530613	209.28846938775513	88.55000000000001	79.2	204.05	109.45	103.4	213.95000000000002	1470.0
5966.0	98.32211072664367	89.40297577854673	213.51304498269897	91.85000000000001	83.05000000000001	208.45000000000002	103.95	99.00000000000001	218.9	1445.0
5967.0	115.0467032967033	104.3408424908425	153.3714285714286	111.10000000000001	101.2	151.25	117.7	107.80000000000001	155.10000000000002	273.0
5968.0	114.19305273833669	105.02043610547666	144.68402636916838	100.65	91.30000000000001	140.25	125.4	123.75000000000001	148.5	986.0
5969.0	117.14233746130031	111.4116099071207	136.30890092879258	105.05000000000001	93.50000000000001	134.20000000000002	129.8	129.25	138.60000000000002	646.0
5970.0	112.72382636655949	110.90794212218651	144.10318327974278	105.05000000000001	96.80000000000001	135.85000000000002	123.75000000000001	121.55000000000001	153.45000000000002	1555.0
5971.0	117.11160377358487	110.2106603773585	136.87528301886795	109.45	102.30000000000001	134.20000000000002	124.30000000000001	119.9	139.70000000000002	530.0
5972.0	130.07919556171984	136.99119278779474	81.5113730929265	118.25000000000001	110.55000000000001	77.0	151.8	150.70000000000002	86.35000000000001	721.0
5973.0	130.380353200883	138.77362030905076	79.16114790286976	119.9	110.00000000000001	75.35000000000001	152.35000000000002	151.25	82.5	453.0
5974.0	97.19466858789623	104.36051873198844	192.48256484149857	88.0	79.75	185.9	117.15	114.4	196.35000000000002	347.0
5975.0	109.97635619242584	94.60900716479019	187.1052712384852	90.2	80.30000000000001	182.60000000000002	124.85000000000001	119.9	191.95000000000002	977.0
5976.0	97.54952681388014	101.78296529968455	195.57965299684545	86.9	81.95	191.4	117.7	113.30000000000001	199.10000000000002	317.0
5977.0	124.41626016260165	130.20243902439023	139.33952470293934	113.30000000000001	105.05000000000001	129.8	146.3	140.8	154.55	1599.0
5978.0	145.78747037914712	137.31264810426546	91.78353080568723	127.05000000000001	113.30000000000001	83.05000000000001	168.3	162.8	100.10000000000001	1688.0
5979.0	131.22281760113563	113.00450674237048	109.6654719659333	114.4	102.85000000000001	101.2	146.3	132.55	118.80000000000001	1409.0
5980.0	127.67619047619048	134.07380952380953	99.08690476190478	123.75000000000001	125.4	89.10000000000001	132.55	143.0	107.80000000000001	924.0
5981.0	108.9216779279279	103.75365990990996	194.12150900900903	101.75000000000001	92.4	189.75000000000003	117.15	111.65	198.55	888.0
5982.0	130.66560209424085	126.38731239092495	109.29872600349042	116.60000000000001	105.60000000000001	101.2	152.9	144.65	117.15	2865.0
5983.0	115.93132780082986	115.62323651452283	136.97662517289075	105.05000000000001	91.85000000000001	133.65	134.20000000000002	130.35000000000002	139.70000000000002	723.0
5984.0	139.2980392156861	106.33039215686277	115.01764705882354	129.25	102.85000000000001	107.25000000000001	151.8	109.45	121.00000000000001	561.0
5985.0	124.19191542288557	117.15957711442788	113.4655472636816	112.75000000000001	102.85000000000001	107.25000000000001	136.4	133.65	119.35000000000001	402.0
5986.0	126.14454148471617	108.90144104803484	124.34995633187773	110.00000000000001	93.50000000000001	116.05000000000001	136.95000000000002	132.0	135.3	1145.0
5987.0	132.20303738317753	123.38644859813091	135.6523364485981	122.65	113.30000000000001	130.9	138.05	130.35000000000002	140.25	2354.0
5988.0	145.3822674418604	119.75077519379848	83.75881782945737	142.45000000000002	115.50000000000001	80.85000000000001	147.95000000000002	123.20000000000002	86.9	516.0
5989.0	139.36572029442692	131.18107255520505	85.53222923238697	128.15	119.9	79.2	150.15	143.0	90.2	951.0
5990.0	146.1911073825503	121.16610738255036	89.02371364653243	141.9	116.05000000000001	85.25	151.25	125.4	92.95	894.0
5991.0	133.70377094972068	135.18477653631285	86.39199255121042	129.8	131.45000000000002	80.85000000000001	138.05	139.70000000000002	91.30000000000001	1074.0
5992.0	134.72082931533268	133.86427193828354	83.86094503375121	121.00000000000001	112.75000000000001	77.55000000000001	151.8	151.25	87.45	1037.0
5993.0	134.7518762183236	129.83082358674466	93.61069688109163	116.05000000000001	106.7	86.35000000000001	154.0	151.25	99.00000000000001	2052.0
5994.0	125.8319815195072	120.60077002053389	110.59743326488707	118.80000000000001	111.65	103.95	132.55	128.70000000000002	117.7	974.0
5995.0	130.27457142857145	113.19733333333333	108.90104761904763	126.50000000000001	108.9	105.05000000000001	134.20000000000002	117.15	112.75000000000001	525.0
5996.0	126.95898903195038	111.59413447782548	128.64701955174058	115.50000000000001	103.95	124.30000000000001	133.10000000000002	122.65	133.65	2097.0
5997.0	123.0209973753281	114.72408136482942	126.42132545931759	111.10000000000001	99.00000000000001	119.9	135.85000000000002	129.8	131.45000000000002	762.0
5998.0	131.5402	101.92160000000004	131.7921	127.05000000000001	98.45	128.15	135.3	105.05000000000001	135.3	500.0
5999.0	137.8058988764045	136.19668539325843	88.0370786516854	129.25	119.9	81.4	153.45000000000002	147.4	92.4	1780.0
6000.0	136.31234375	134.04015625	89.47640625	131.45000000000002	128.70000000000002	83.05000000000001	140.8	140.8	94.05000000000001	960.0
6001.0	148.36189427312792	126.10385462555068	87.34460352422907	145.75	123.75000000000001	83.60000000000001	151.8	128.70000000000002	90.75000000000001	454.0
6002.0	103.64164361912293	93.29660213354411	212.16809561438168	90.75000000000001	77.55000000000001	202.4	114.4	106.7	217.8	2531.0
6003.0	100.9583767684289	100.16470588235293	179.28157110945648	95.7	89.65	173.8	110.00000000000001	108.35000000000001	186.45000000000002	1343.0
6004.0	106.07657766990293	90.4202669902913	182.84296116504856	102.85000000000001	87.45	178.75000000000003	109.45	93.50000000000001	187.55	412.0
6005.0	141.31835038363175	147.91975703324806	94.79974424552427	126.50000000000001	116.60000000000001	89.65	168.85000000000002	161.70000000000002	101.2	782.0
6006.0	129.4770642201835	120.56100917431196	132.28660550458716	124.85000000000001	114.95	129.25	133.10000000000002	125.95000000000002	134.75	545.0
6007.0	127.78629749393693	118.5701293451901	137.30080840743736	122.10000000000001	112.75000000000001	133.65	133.10000000000002	125.4	140.25	1237.0
6008.0	129.8647636039251	121.11873327386255	134.92466547725246	125.4	116.60000000000001	130.9	134.20000000000002	125.4	139.15	1121.0
6009.0	103.11868198307138	95.27303506650549	207.40586457073763	97.35000000000001	88.55000000000001	204.60000000000002	107.80000000000001	101.2	210.65	827.0
6010.0	106.25602409638556	95.34437751004013	210.5588066551922	100.65	88.55000000000001	205.15	110.55000000000001	101.75000000000001	215.60000000000002	1743.0
6011.0	105.41657608695644	92.96548913043463	214.84864130434786	100.65	86.9	209.55	110.55000000000001	99.00000000000001	218.9	2024.0
6012.0	130.63225806451612	115.27284946236561	124.01801075268813	125.4	110.00000000000001	117.15	135.3	119.9	130.9	2046.0
6013.0	152.36920391061437	139.12388268156417	125.86396648044695	141.35000000000002	119.35000000000001	118.25000000000001	167.20000000000002	155.10000000000002	134.20000000000002	716.0
6014.0	137.3904910714286	154.14191964285712	129.40419642857145	131.45000000000002	149.05	113.30000000000001	145.20000000000002	159.5	136.95000000000002	1120.0
6015.0	140.10213849287183	159.66578411405288	128.80529531568232	136.4	152.9	126.50000000000001	144.65	164.45000000000002	132.55	491.0
6016.0	147.1355873642649	146.17023692003954	133.54846989141168	130.35000000000002	117.7	129.25	174.9	166.10000000000002	136.95000000000002	1013.0
6017.0	149.35257731958757	145.10154639175286	133.47113402061856	132.55	121.00000000000001	128.15	172.70000000000002	165.0	137.5	1067.0
6018.0	136.96964285714273	154.76825396825402	132.1149470899471	129.25	146.85000000000002	119.35000000000001	149.05	164.45000000000002	139.15	756.0
6019.0	135.76302710843376	148.93486445783134	131.51378012048193	132.0	145.20000000000002	128.15	139.15	154.0	136.95000000000002	664.0
6020.0	155.00418963616295	131.0922271223815	129.03836824696808	105.05000000000001	125.4	123.75000000000001	171.60000000000002	139.15	136.4	907.0
6021.0	124.53821370309954	101.90791190864597	162.1634176182708	101.2	85.80000000000001	157.3	139.70000000000002	136.95000000000002	166.65	1226.0
6022.0	140.95098039215696	87.81127450980404	165.8297930283224	136.4	83.60000000000001	162.25	145.75	93.50000000000001	168.85000000000002	918.0
6023.0	123.22228260869569	109.01413043478259	168.69673913043476	101.75000000000001	86.9	163.9	143.0	141.9	172.70000000000002	1012.0
6024.0	105.65297959183665	138.35216326530613	168.42885714285714	101.2	129.25	164.45000000000002	109.45	144.65	172.15	1225.0
6025.0	110.66153846153847	103.02692307692308	163.2815384615385	95.7	88.0	160.60000000000002	123.75000000000001	119.35000000000001	166.65	715.0
6026.0	102.41698247276183	108.1931549028897	175.0029133112269	91.85000000000001	84.7	162.25	123.75000000000001	123.75000000000001	185.9	2111.0
6027.0	110.6391891891892	101.45743243243243	180.45202702702704	98.45	84.15	160.60000000000002	122.10000000000001	116.60000000000001	220.00000000000003	814.0
6028.0	132.24930866965622	122.34211509715995	105.99831838565026	122.10000000000001	99.00000000000001	95.15	142.45000000000002	135.3	144.65	2676.0
6029.0	100.8012393493415	94.63706429124709	216.84868319132457	90.75000000000001	78.65	211.75000000000003	114.95	106.15	220.55	1291.0
6030.0	106.02320038910506	92.1089494163426	216.49241245136187	94.05000000000001	80.30000000000001	211.20000000000002	114.95	106.15	220.00000000000003	1028.0
6031.0	144.45058479532145	135.3493177387914	102.67953216374269	125.4	108.35000000000001	96.80000000000001	167.20000000000002	164.45000000000002	108.9	513.0
6032.0	105.7895330112722	96.73977455716592	198.37286634460548	99.00000000000001	90.75000000000001	195.25000000000003	110.55000000000001	102.85000000000001	201.85000000000002	621.0
6033.0	102.09633891213394	101.41746861924688	200.740219665272	95.7	87.45	196.35000000000002	112.2	108.35000000000001	205.70000000000002	956.0
6034.0	106.93726307808959	98.1426838514027	198.4144806671721	96.80000000000001	87.45	193.60000000000002	116.60000000000001	111.10000000000001	202.95000000000002	1319.0
6035.0	131.87209302325584	114.1013650151669	120.71471183013145	111.10000000000001	102.30000000000001	114.4	147.95000000000002	138.05	127.05000000000001	989.0
6036.0	131.86498493975904	106.85158132530117	133.17537650602412	126.50000000000001	102.30000000000001	130.9	137.5	110.55000000000001	135.85000000000002	664.0
6037.0	127.53026584867074	112.20674846625775	155.7765337423313	102.30000000000001	88.0	151.25	147.95000000000002	144.65	159.5	978.0
6038.0	117.09401603948182	125.20252930289938	160.0133559531154	101.75000000000001	86.9	154.0	146.3	147.95000000000002	163.9	1621.0
6039.0	116.09699367088608	121.62379746835445	145.88924050632912	101.2	94.05000000000001	136.95000000000002	143.55	144.65	154.55	1580.0
6040.0	109.32822878228785	99.51346863468642	191.89114391143912	97.9	88.55000000000001	187.00000000000003	119.35000000000001	112.75000000000001	196.35000000000002	542.0
6041.0	125.13108265424914	106.27421420256111	153.51594877764842	97.35000000000001	88.0	106.15	168.85000000000002	114.95	195.25000000000003	859.0
6042.0	109.25417956656351	101.15147058823527	201.6660990712074	94.05000000000001	80.85000000000001	194.70000000000002	128.70000000000002	121.00000000000001	208.45000000000002	646.0
6043.0	126.18274932614557	114.9236859838275	158.03493935309976	92.4	83.60000000000001	141.9	154.55	146.85000000000002	204.60000000000002	1484.0
6044.0	112.81300114547538	91.93631156930141	215.2465635738832	94.05000000000001	81.95	209.00000000000003	125.95000000000002	117.15	221.10000000000002	873.0
6045.0	136.6805617977528	121.43258426966297	135.79808988764046	112.75000000000001	101.2	132.0	154.55	145.75	140.25	445.0
6046.0	139.01550332383675	109.12511870845204	151.38423551756887	97.9	100.65	130.9	155.10000000000002	119.9	191.95000000000002	2106.0
6047.0	131.80858876117546	113.96730523627072	156.43320561941255	97.35000000000001	98.45	141.35000000000002	154.55	144.65	196.9	1566.0
6048.0	114.6620588235294	85.3826470588235	191.26411764705884	112.2	83.05000000000001	189.20000000000002	117.15	87.45	193.60000000000002	170.0
6049.0	125.84506578947372	132.69645989974939	159.76362781954893	108.9	90.2	154.0	151.25	149.60000000000002	165.0	3192.0
6050.0	129.52013404825743	112.17611260053623	158.80579088471848	107.80000000000001	90.2	152.35000000000002	147.95000000000002	145.75	162.25	1865.0
6051.0	113.56292415169655	142.84246506986025	156.85703592814372	108.35000000000001	138.60000000000002	152.35000000000002	118.80000000000001	147.95000000000002	161.15	1002.0
6052.0	149.60152523571816	96.53186356073216	153.00890183028284	145.20000000000002	91.85000000000001	147.4	154.55	105.05000000000001	159.5	1803.0
6053.0	148.95218120805376	92.59748322147644	157.01854026845638	144.65	89.10000000000001	150.70000000000002	154.55	95.7	162.25	596.0
6054.0	138.71869300911854	114.00463525835862	157.3931990881459	110.55000000000001	92.4	151.25	154.0	150.70000000000002	162.25	1316.0
6055.0	137.6046423135464	96.25502283105028	162.82511415525116	113.85000000000001	81.95	106.15	168.85000000000002	113.30000000000001	213.4	657.0
6056.0	141.69454022988526	131.34885057471266	108.18879310344828	116.60000000000001	97.9	103.95	166.10000000000002	162.8	112.2	348.0
6057.0	172.60415204678364	113.93748538011693	118.53754385964913	168.85000000000002	106.7	109.45	177.10000000000002	117.7	126.50000000000001	855.0
6058.0	131.42172897196264	101.4587227414331	172.30763239875392	126.50000000000001	83.60000000000001	116.60000000000001	136.4	168.3	187.00000000000003	642.0
6059.0	130.8575919335706	129.71714116251482	154.90802194543303	110.00000000000001	94.60000000000001	149.05	157.85000000000002	154.55	162.25	3372.0
6060.0	132.24556412729027	122.82979749276761	157.92955641272906	105.05000000000001	92.95	151.25	160.05	152.35000000000002	163.35000000000002	1037.0
6061.0	111.99445392491471	150.25605802047767	162.31476109215018	106.7	146.85000000000002	159.5	117.7	154.0	165.55	586.0
6062.0	112.84251858736062	111.20376394052045	197.8185408921933	100.10000000000001	87.45	190.3	133.10000000000002	125.4	204.05	1076.0
6063.0	117.86720231822967	117.18013698630138	185.59573234984194	93.50000000000001	95.15	148.5	160.60000000000002	154.55	216.70000000000002	1898.0
6064.0	114.841918001885	117.28192742695572	190.65197926484453	92.95	96.25000000000001	147.4	162.8	128.70000000000002	216.15	2122.0
6065.0	136.79773489932887	130.18666107382552	149.40897651006713	122.65	105.05000000000001	146.3	152.9	148.5	152.35000000000002	596.0
6066.0	118.06751445086702	150.69809248554927	152.62722543352606	113.30000000000001	146.85000000000002	147.95000000000002	123.75000000000001	154.55	156.75	865.0
6067.0	109.40870307167233	120.00699658703076	206.98658703071672	101.2	83.05000000000001	197.45000000000002	131.45000000000002	127.05000000000001	214.50000000000003	1465.0
6068.0	128.39222383720931	106.45617732558149	170.7518168604651	102.85000000000001	90.2	168.3	147.95000000000002	140.25	173.25	688.0
6069.0	108.47808219178083	100.05963796477482	225.9977984344423	97.9	83.05000000000001	219.45000000000002	125.95000000000002	112.75000000000001	232.10000000000002	1022.0
6070.0	106.20712936732768	110.02700661000944	199.84891406987725	95.7	88.55000000000001	166.65	132.0	130.35000000000002	231.55	1059.0
6071.0	115.38799999999999	84.00699999999995	223.72400000000002	110.00000000000001	77.55000000000001	220.55	121.00000000000001	89.10000000000001	227.70000000000002	1100.0
6072.0	102.29999999999991	94.48417119565218	227.26657608695655	94.05000000000001	80.85000000000001	223.85000000000002	113.85000000000001	102.30000000000001	232.10000000000002	736.0
6073.0	99.89191082802547	123.2245222929936	203.88254777070065	96.80000000000001	117.15	199.10000000000002	103.95	127.05000000000001	207.35000000000002	785.0
6074.0	97.66506986027942	118.50578842315372	210.23502994011977	94.05000000000001	114.95	204.60000000000002	100.10000000000001	122.10000000000001	214.50000000000003	501.0
6075.0	128.27496632240684	128.41623259991022	167.26124831612034	101.2	101.75000000000001	148.5	154.55	149.05	212.85000000000002	2227.0
6076.0	142.56975394614642	119.8476555246054	154.67690343546892	110.55000000000001	95.15	148.5	159.5	155.65	160.05	2154.0
6077.0	123.12061855670105	149.88161512027497	147.63247422680413	117.15	145.20000000000002	144.65	129.8	154.0	150.70000000000002	291.0
6078.0	110.35376610505455	126.4762884043608	184.6239345887017	100.65	117.15	139.15	133.65	149.05	202.4	2018.0
6079.0	136.1952664188352	114.02147459727378	160.18003717472126	111.65	94.60000000000001	154.0	150.15	144.10000000000002	167.20000000000002	4035.0
6080.0	129.0164682539682	103.9056216931217	174.5093253968254	110.55000000000001	93.50000000000001	169.4	150.15	114.4	182.05	756.0
6081.0	104.4711111111111	101.18166666666673	166.03944444444446	97.9	91.85000000000001	161.15	113.30000000000001	108.9	169.95000000000002	990.0
6082.0	105.30565449688334	99.78165627782725	167.75440783615315	100.65	94.05000000000001	162.25	110.55000000000001	104.50000000000001	174.35000000000002	1123.0
6083.0	101.33291666666668	128.83291666666668	138.19208333333333	98.45	127.05000000000001	134.75	103.95	130.9	141.35000000000002	120.0
6084.0	108.77896009673529	99.39238210399037	169.6114873035067	86.9	78.65	76.45	152.35000000000002	121.00000000000001	204.05	827.0
6085.0	98.74333333333331	94.89206896551724	194.93517241379314	86.35000000000001	79.2	189.75000000000003	112.2	111.10000000000001	200.20000000000002	435.0
6086.0	122.85298113207554	114.21362264150932	119.218	113.85000000000001	105.60000000000001	106.7	134.20000000000002	123.75000000000001	125.4	1325.0
6087.0	118.95045214770164	115.64091936699322	129.85097965335345	83.05000000000001	86.35000000000001	78.10000000000001	154.55	130.35000000000002	211.20000000000002	1327.0
6088.0	115.24517663043484	110.27126358695645	139.11338315217392	103.95	95.7	135.85000000000002	127.05000000000001	124.85000000000001	141.9	736.0
6089.0	91.49359999999996	102.34546666666671	196.32360000000006	88.55000000000001	98.45	193.60000000000002	94.05000000000001	106.7	198.55	375.0
6090.0	98.29531249999995	96.16874999999987	194.49453125	91.30000000000001	85.80000000000001	191.4	106.7	105.05000000000001	198.00000000000003	704.0
6091.0	102.2853820598007	93.56760797342199	192.2843853820598	90.2	80.85000000000001	189.20000000000002	113.30000000000001	109.45	195.25000000000003	301.0
6092.0	103.50899390243902	89.68521341463399	192.77164634146342	89.65	82.5	188.65	110.55000000000001	107.25000000000001	198.00000000000003	656.0
6093.0	98.89322799097067	98.98261851015808	196.37607223476297	89.65	81.4	191.95000000000002	112.2	111.65	199.65	443.0
6094.0	110.19768683274022	86.18754448398576	192.7055160142349	105.60000000000001	81.95	190.3	113.30000000000001	89.10000000000001	195.25000000000003	281.0
6095.0	125.61111573688599	130.77910074937554	97.67422980849294	112.2	102.30000000000001	91.30000000000001	151.8	150.15	105.60000000000001	1201.0
6096.0	139.35729166666667	104.05104166666669	112.58020833333335	135.3	101.75000000000001	106.7	143.0	106.15	116.60000000000001	528.0
6097.0	147.28448687350837	104.223031026253	108.93281622911695	143.0	101.75000000000001	103.4	151.8	107.25000000000001	112.2	419.0
6098.0	130.66556329849013	132.2721254355401	103.83948896631824	116.05000000000001	103.4	100.10000000000001	152.9	152.35000000000002	108.35000000000001	861.0
6099.0	142.31984126984133	117.22222222222223	107.25158730158732	114.4	104.50000000000001	102.30000000000001	155.10000000000002	145.20000000000002	114.4	693.0
6100.0	132.3960802187785	135.7151321786691	100.62192342752965	119.35000000000001	110.55000000000001	96.25000000000001	155.10000000000002	152.35000000000002	107.80000000000001	1097.0
6101.0	143.63197278911588	131.7836734693877	87.83061224489796	124.85000000000001	111.10000000000001	81.4	162.8	155.65	94.05000000000001	1617.0
6102.0	140.91840134780975	130.76800823661546	92.29704230625227	134.20000000000002	122.65	83.05000000000001	146.3	137.5	99.55000000000001	2671.0
6103.0	134.38903703703704	127.36533333333334	86.86985185185186	122.65	113.85000000000001	82.5	145.20000000000002	140.8	90.2	675.0
6104.0	138.46998123827393	124.53320825515947	83.28939962476547	128.15	116.05000000000001	78.65	145.20000000000002	138.60000000000002	87.45	1066.0
6105.0	123.78255813953487	143.72441860465105	87.12209302325583	120.45	141.35000000000002	83.60000000000001	128.15	145.75	92.4	473.0
6106.0	135.26823329558326	127.83856172140432	86.0167610419026	120.45	110.55000000000001	80.85000000000001	147.95000000000002	143.55	90.75000000000001	883.0
6107.0	132.90643070787638	132.98703888334995	86.22442671984048	125.4	116.60000000000001	81.4	146.85000000000002	140.25	90.75000000000001	1003.0
6108.0	134.8695652173913	128.19847238542891	86.85088131609871	127.60000000000001	117.7	82.5	143.0	137.5	91.30000000000001	851.0
6109.0	134.22251791197544	128.0745649948823	90.88792221084952	123.20000000000002	117.15	87.45	144.10000000000002	140.25	94.05000000000001	977.0
6110.0	136.47236842105264	124.11939359267735	93.720881006865	119.35000000000001	110.00000000000001	89.65	149.60000000000002	144.65	96.80000000000001	874.0
6111.0	122.10930348258711	120.58435323383085	122.6168905472637	114.95	107.25000000000001	114.95	131.45000000000002	126.50000000000001	127.60000000000001	2010.0
6112.0	130.31412239408206	123.0431741761937	105.04260255548084	121.00000000000001	114.4	100.65	135.85000000000002	129.25	108.9	1487.0
6113.0	131.43366666666668	118.76733333333334	110.815	122.10000000000001	110.55000000000001	104.50000000000001	138.60000000000002	129.8	117.15	1650.0
6114.0	131.02559055118112	122.92235345581797	113.33753280839896	124.85000000000001	113.30000000000001	108.35000000000001	136.95000000000002	129.8	118.80000000000001	1143.0
6115.0	125.38404255319146	126.99290780141858	114.85372340425533	113.85000000000001	106.15	92.4	136.95000000000002	152.35000000000002	125.95000000000002	3102.0
6116.0	124.28968997837062	126.72642393655373	118.73457101658256	113.85000000000001	111.10000000000001	92.95	158.95000000000002	135.3	129.25	1387.0
6117.0	147.849155609168	125.33763570566948	93.39517490952954	143.55	121.00000000000001	90.2	151.8	128.70000000000002	97.35000000000001	829.0
6118.0	141.55054421768727	135.53571428571428	88.70639455782312	134.75	125.4	83.05000000000001	150.70000000000002	143.0	92.95	735.0
6119.0	142.07317073170708	133.90853658536585	93.01646341463417	135.3	127.05000000000001	87.45	151.25	141.35000000000002	98.45	902.0
6120.0	125.83083333333335	117.2939705882353	127.70568627450979	121.55000000000001	111.10000000000001	124.85000000000001	130.9	122.10000000000001	130.35000000000002	1020.0
6121.0	100.43563664596275	97.73004658385098	200.52282608695657	92.95	86.35000000000001	196.35000000000002	108.9	105.05000000000001	204.60000000000002	644.0
6122.0	104.53906043228943	94.20915306572566	211.01779885310987	98.45	84.15	204.05	113.85000000000001	105.60000000000001	218.35000000000002	2267.0
6123.0	147.5028385416667	144.88374999999974	133.1014322916667	133.10000000000002	122.10000000000001	127.05000000000001	169.95000000000002	161.70000000000002	139.15	1920.0
6124.0	115.43134379263303	112.7537517053206	150.55368349249662	107.80000000000001	106.15	147.4	122.65	120.45	154.0	1466.0
6125.0	118.46688679245281	108.72462264150946	150.3533962264151	109.45	101.75000000000001	147.4	124.85000000000001	119.35000000000001	152.9	530.0
6126.0	117.42065217391306	107.66467391304346	154.08913043478262	108.9	101.2	150.70000000000002	123.20000000000002	116.05000000000001	157.3	1012.0
6127.0	115.8250153092468	112.92278015921616	153.7585119412125	106.7	100.10000000000001	150.15	125.4	122.10000000000001	157.3	1633.0
6128.0	120.90462097611629	110.4500519210799	151.67035306334373	112.75000000000001	100.10000000000001	149.05	127.05000000000001	119.9	154.0	963.0
6129.0	121.17673333333335	109.33560000000001	141.6242666666667	107.25000000000001	96.80000000000001	138.60000000000002	132.0	125.95000000000002	146.3	750.0
6130.0	123.71149562450279	108.90218774860779	141.73854415274465	105.05000000000001	100.10000000000001	135.3	131.45000000000002	129.25	146.85000000000002	1257.0
6131.0	115.93413333333332	119.00386666666672	145.90840000000003	112.75000000000001	115.50000000000001	143.55	119.35000000000001	122.10000000000001	148.5	375.0
6132.0	122.89135638297871	103.80445478723401	143.9025265957447	104.50000000000001	95.15	140.8	130.35000000000002	127.60000000000001	146.85000000000002	752.0
6133.0	124.9363758389262	102.58865771812086	146.85590604026848	121.00000000000001	96.25000000000001	144.10000000000002	129.25	107.25000000000001	149.60000000000002	745.0
6134.0	118.49327883742052	120.17774750227072	136.00935513169847	113.85000000000001	114.95	131.45000000000002	123.75000000000001	127.60000000000001	139.70000000000002	1101.0
6135.0	123.33310199155105	116.7384127942064	134.21891973445986	117.15	111.10000000000001	131.45000000000002	129.8	123.20000000000002	138.05	1657.0
6136.0	124.45662729658794	118.51417322834646	137.19107611548557	118.80000000000001	111.10000000000001	134.20000000000002	130.9	127.05000000000001	139.70000000000002	762.0
6137.0	121.2928232100441	116.2187139463861	140.43457753647778	110.55000000000001	106.7	134.20000000000002	132.55	127.60000000000001	144.65	2947.0
6138.0	122.32641886490806	117.04448441247003	142.957793764988	117.15	110.00000000000001	136.95000000000002	128.15	125.4	149.05	1251.0
6139.0	129.900854214123	111.84920273348517	140.26941913439637	123.75000000000001	107.80000000000001	136.95000000000002	135.85000000000002	118.80000000000001	144.65	878.0
6140.0	113.64695488721803	114.12127819548871	149.5177067669173	102.85000000000001	93.50000000000001	145.75	127.60000000000001	123.20000000000002	152.9	1330.0
6141.0	111.94252077562334	115.13663434903043	154.98116343490307	106.15	99.55000000000001	151.8	123.20000000000002	124.30000000000001	158.95000000000002	722.0
6142.0	148.43962936564526	135.34272986457592	120.44843193157521	136.95000000000002	124.85000000000001	113.30000000000001	157.85000000000002	150.15	127.05000000000001	1403.0
6143.0	144.8198156682027	140.37862903225806	116.55501152073731	138.05	128.70000000000002	107.25000000000001	158.4	149.60000000000002	124.30000000000001	3472.0
6144.0	142.73655462184868	145.172268907563	126.70567226890758	138.60000000000002	141.35000000000002	124.30000000000001	147.4	149.60000000000002	130.35000000000002	238.0
6145.0	168.96944444444458	121.3194444444445	99.06666666666668	167.75	118.25000000000001	96.25000000000001	170.5	123.75000000000001	101.2	198.0
6146.0	144.37339598185363	145.41600777705742	123.49014906027219	135.3	124.30000000000001	117.7	163.9	156.20000000000002	128.70000000000002	1543.0
6147.0	158.10858208955221	130.02472014925374	121.7439365671642	154.55	125.95000000000002	117.7	161.15	134.20000000000002	124.85000000000001	536.0
6148.0	121.58203883495146	129.38563106796119	114.91582524271846	111.10000000000001	101.75000000000001	111.10000000000001	146.3	142.45000000000002	119.35000000000001	515.0
6149.0	132.585	114.55500000000004	118.02749999999999	110.55000000000001	99.55000000000001	113.85000000000001	146.85000000000002	143.0	121.00000000000001	440.0
6150.0	153.4282012195121	91.6269817073171	147.75045731707317	149.05	89.10000000000001	143.0	158.4	94.60000000000001	150.70000000000002	328.0
6151.0	109.66640186915889	108.4342990654206	186.47929906542055	93.50000000000001	84.7	182.60000000000002	130.9	125.4	190.85000000000002	1070.0
6152.0	131.04624031007754	126.32135658914734	101.72996124031008	116.60000000000001	108.35000000000001	96.80000000000001	147.95000000000002	143.0	105.60000000000001	1290.0
6153.0	131.14911648034624	126.53470970068524	104.52637937252074	114.95	104.50000000000001	96.80000000000001	151.8	146.85000000000002	111.10000000000001	2773.0
6154.0	123.35931257344305	116.49271445358401	146.1112808460635	111.65	100.65	140.25	138.05	129.8	152.35000000000002	1702.0
6155.0	112.83939205955335	100.25080645161292	200.2566377171216	107.80000000000001	90.2	149.05	122.10000000000001	122.10000000000001	213.95000000000002	806.0
6156.0	109.47058064516129	100.68193548387093	198.30516129032264	105.05000000000001	96.80000000000001	194.70000000000002	113.30000000000001	103.95	202.4	775.0
6157.0	152.24173228346476	126.0111111111111	127.8266404199475	108.35000000000001	117.15	123.75000000000001	174.9	143.55	131.45000000000002	1143.0
6158.0	158.4715170278637	132.74355005159964	107.55196078431374	135.3	113.30000000000001	100.65	171.60000000000002	162.8	117.15	969.0
6159.0	169.11262500000004	116.62062499999999	104.696625	165.55	109.45	98.45	172.70000000000002	122.10000000000001	108.35000000000001	400.0
6160.0	117.26156437125758	125.05872005988026	134.7656437125749	108.9	100.65	130.9	140.25	135.3	138.05	1336.0
6161.0	133.73697674418605	103.60806201550389	135.52511627906975	129.8	100.10000000000001	132.55	137.5	107.25000000000001	138.60000000000002	645.0
6162.0	130.7531739130435	107.00991304347825	139.0156086956522	109.45	97.9	136.4	139.15	133.65	141.35000000000002	1150.0
6163.0	142.5148454349389	121.0367721063983	124.5898274622574	129.8	102.85000000000001	113.30000000000001	168.3	159.5	132.55	1391.0
6164.0	114.69214092140926	132.99983739837398	136.34067750677508	108.35000000000001	124.85000000000001	131.45000000000002	123.20000000000002	140.8	140.8	1845.0
6165.0	102.09540662650602	101.3024347389558	214.6698042168675	94.05000000000001	83.05000000000001	193.05	117.7	120.45	224.95000000000002	1992.0
6166.0	107.39471784776914	106.1113845144357	177.6694881889764	96.80000000000001	90.2	169.95000000000002	123.20000000000002	119.35000000000001	183.70000000000002	1524.0
6167.0	122.34759786476869	119.26133451957296	148.5884697508897	111.65	86.9	128.15	151.8	147.4	179.85000000000002	2810.0
6168.0	105.44853403141363	103.18057591623035	177.07350785340316	94.60000000000001	86.9	171.60000000000002	118.25000000000001	116.60000000000001	183.15	955.0
6169.0	104.17508403361346	102.64710084033608	186.7508823529412	94.60000000000001	84.7	180.95000000000002	118.80000000000001	116.05000000000001	192.50000000000003	1190.0
6170.0	106.0294363256785	137.62860125260963	159.45866388308974	103.4	132.55	156.75	108.35000000000001	143.0	161.70000000000002	479.0
6171.0	127.1313862928349	118.5584112149533	166.30903426791278	102.30000000000001	90.75000000000001	161.70000000000002	152.35000000000002	148.5	169.4	642.0
6172.0	151.16544217687095	116.87163265306123	150.11034013605442	128.15	102.30000000000001	141.9	162.25	145.75	156.20000000000002	735.0
6173.0	101.50772797527051	92.73238021638325	223.14741112828443	91.85000000000001	77.55000000000001	216.15	116.60000000000001	102.85000000000001	228.8	1294.0
6174.0	118.35091201716737	96.85488197424895	203.893025751073	95.15	82.5	198.55	132.55	122.65	209.00000000000003	932.0
6175.0	108.76553918285329	112.64611520428663	208.2713328868051	97.35000000000001	84.15	200.20000000000002	133.65	126.50000000000001	216.15	1493.0
6176.0	145.27240259740276	116.9779220779221	135.3077922077922	118.80000000000001	102.30000000000001	129.25	155.10000000000002	144.10000000000002	145.75	1694.0
6177.0	138.96047297297295	144.6379222972973	89.05168918918918	124.85000000000001	111.65	85.25	165.55	163.9	93.50000000000001	592.0
6178.0	98.9691810344828	92.81842672413799	193.4790948275862	91.85000000000001	88.0	189.20000000000002	103.4	99.55000000000001	197.45000000000002	464.0
6179.0	99.15905405405407	95.37074324324321	194.54912162162165	94.60000000000001	89.65	190.85000000000002	102.30000000000001	99.55000000000001	197.45000000000002	740.0
6180.0	111.62245409015026	104.95083472454091	140.5585141903172	100.65	95.15	137.5	122.10000000000001	119.35000000000001	144.10000000000002	599.0
6181.0	123.9643437077131	114.88636671177268	109.91701623815969	113.85000000000001	103.95	101.75000000000001	136.95000000000002	127.60000000000001	117.7	1478.0
6182.0	114.76878612716764	121.07312138728322	117.12933526011561	112.75000000000001	116.05000000000001	110.55000000000001	117.7	125.95000000000002	123.20000000000002	346.0
6183.0	120.28357933579338	106.0688191881919	136.96623616236164	99.55000000000001	90.2	132.55	132.0	130.35000000000002	143.0	271.0
6184.0	137.10753424657537	125.89897260273975	90.35856164383567	115.50000000000001	105.05000000000001	84.15	154.55	152.35000000000002	96.25000000000001	1606.0
6185.0	140.46440677966103	122.22532956685501	81.56468926553673	121.55000000000001	110.00000000000001	77.0	149.05	146.3	86.35000000000001	531.0
6186.0	107.9607476635514	111.14275700934573	175.22546728971966	96.25000000000001	88.0	170.5	129.25	122.65	181.50000000000003	2354.0
6187.0	117.50891238670698	114.7724823766365	144.19000503524674	112.75000000000001	106.7	125.95000000000002	123.20000000000002	125.4	150.70000000000002	1986.0
6188.0	117.47022867194374	112.9986367634125	141.2832453825858	111.10000000000001	102.85000000000001	138.05	126.50000000000001	122.10000000000001	144.65	1137.0
6189.0	119.33795971978986	112.10367775831872	139.32097197898426	114.4	107.25000000000001	136.4	124.85000000000001	117.15	143.55	1142.0
6190.0	137.9055456965395	125.3248447204969	90.77049689440997	123.75000000000001	114.4	86.35000000000001	149.05	142.45000000000002	95.15	1127.0
6191.0	139.4077490774908	124.6571955719557	89.81033210332104	124.30000000000001	112.2	84.7	149.60000000000002	144.65	94.05000000000001	542.0
6192.0	124.74924924924926	144.72680180180174	92.76996996996995	121.55000000000001	141.35000000000002	88.55000000000001	128.70000000000002	149.60000000000002	96.80000000000001	666.0
6193.0	128.27537634408603	141.16430107526904	91.53301075268816	123.75000000000001	136.95000000000002	88.0	132.0	144.65	94.60000000000001	465.0
6194.0	112.78405572755422	122.90626934984518	134.8155572755418	109.45	119.35000000000001	130.9	116.60000000000001	125.4	138.60000000000002	646.0
6195.0	125.57035870092099	111.06347552108578	135.406640814348	113.85000000000001	102.85000000000001	130.9	133.10000000000002	124.30000000000001	139.15	2063.0
6196.0	147.94729064039436	139.73973727422018	123.05459770114943	135.3	125.95000000000002	111.10000000000001	162.25	155.10000000000002	129.8	1218.0
6197.0	114.70773045507586	115.1726954492415	145.78722287047844	99.55000000000001	92.95	139.70000000000002	136.4	131.45000000000002	150.70000000000002	1714.0
6198.0	105.57243221035333	89.75801150369777	198.4541906327034	92.95	79.2	193.60000000000002	113.85000000000001	107.25000000000001	205.70000000000002	1217.0
6199.0	163.1393835616439	129.12363013698632	126.30376712328767	156.75	122.65	120.45	172.70000000000002	135.85000000000002	132.55	1606.0
6200.0	141.304264392324	155.15159914712135	126.44840085287846	136.95000000000002	149.60000000000002	123.75000000000001	146.85000000000002	161.15	131.45000000000002	469.0
6201.0	140.7891264367816	146.93370114942536	118.91025287356322	134.20000000000002	135.3	101.2	146.85000000000002	158.4	130.35000000000002	2175.0
6202.0	138.85438756855578	157.72833638025588	107.94478976234004	135.85000000000002	152.9	100.65	141.35000000000002	160.60000000000002	113.30000000000001	547.0
6203.0	155.116653726708	134.7201086956522	111.697399068323	141.9	125.95000000000002	105.05000000000001	163.9	150.70000000000002	119.9	1288.0
6204.0	142.11026986506738	146.61664167916044	116.00217391304349	139.15	139.70000000000002	110.00000000000001	144.10000000000002	152.35000000000002	119.9	667.0
6205.0	150.39614904246426	141.2636761032473	114.84627393838468	138.60000000000002	128.70000000000002	107.25000000000001	162.8	155.10000000000002	121.55000000000001	2402.0
6206.0	102.67739923224575	113.30211132437614	175.56137236084456	90.75000000000001	107.80000000000001	165.55	108.9	120.45	199.65	1042.0
6207.0	112.49317528735631	102.15775862068968	175.78979885057475	104.50000000000001	78.10000000000001	162.8	125.4	117.15	202.95000000000002	696.0
6208.0	169.25693641618497	115.56676300578039	112.97148362235069	163.9	106.7	105.05000000000001	173.8	121.55000000000001	123.20000000000002	519.0
6209.0	147.7057606263982	98.8345078299777	136.61101789709173	140.25	95.7	132.55	152.9	101.75000000000001	141.35000000000002	894.0
6210.0	148.57071428571442	92.40336734693875	143.6061224489796	139.70000000000002	89.65	139.15	159.5	94.60000000000001	147.95000000000002	490.0
6211.0	129.8522813688213	109.94144486692016	154.27479087452474	96.25000000000001	90.2	134.75	157.3	149.05	194.15	1315.0
6212.0	123.05559623430966	138.46192468619248	142.9234832635983	107.80000000000001	94.05000000000001	138.60000000000002	160.60000000000002	153.45000000000002	149.05	956.0
6213.0	134.67200000000003	122.16999999999997	144.51350000000002	92.4	101.2	103.95	173.25	154.0	221.65	1100.0
6214.0	128.50382890651946	123.2848051052087	107.67554329078993	115.50000000000001	105.05000000000001	99.55000000000001	145.20000000000002	142.45000000000002	115.50000000000001	2899.0
6215.0	126.90428332636858	120.62628499791063	112.63921855411618	113.85000000000001	103.95	101.2	144.10000000000002	140.8	122.10000000000001	2393.0
6216.0	128.66759554140128	124.87714968152869	102.86138535031849	113.85000000000001	104.50000000000001	97.9	146.85000000000002	144.10000000000002	108.9	628.0
6217.0	126.19822801024766	126.87997438087103	108.73561058923997	117.15	109.45	100.65	140.8	139.70000000000002	116.60000000000001	2342.0
6218.0	131.82216198979592	122.52126913265303	104.5263073979592	120.45	112.2	100.65	142.45000000000002	138.05	108.9	1568.0
6219.0	125.49244570349387	121.7400849858357	111.48796033994336	117.15	107.80000000000001	106.7	138.60000000000002	132.55	117.7	1059.0
6220.0	126.23225806451616	126.53844086021506	112.11075268817206	112.75000000000001	116.60000000000001	97.35000000000001	138.60000000000002	135.85000000000002	147.4	2046.0
6221.0	113.04791666666665	123.24697916666668	140.71864583333334	109.45	119.35000000000001	137.5	117.15	126.50000000000001	143.0	480.0
6222.0	121.58538461538463	118.8923076923077	138.20076923076925	108.35000000000001	103.95	135.85000000000002	135.85000000000002	131.45000000000002	140.8	715.0
6223.0	113.1590397350993	126.89374172185437	141.50735099337751	105.60000000000001	101.75000000000001	139.15	132.0	136.4	144.65	1510.0
6224.0	120.45254924681346	118.9351100811124	141.96691772885285	106.15	99.00000000000001	139.15	138.05	133.10000000000002	144.65	863.0
6225.0	101.11334405144693	105.66897106109332	195.2057877813505	96.80000000000001	100.65	191.95000000000002	105.05000000000001	110.55000000000001	199.65	933.0
6226.0	133.08117417677644	115.89629549393422	121.58097920277298	110.55000000000001	99.55000000000001	115.50000000000001	149.05	143.0	128.70000000000002	2308.0
6227.0	127.2785818446956	122.36547575647106	125.04369303682098	110.00000000000001	100.65	119.35000000000001	148.5	143.55	130.35000000000002	2743.0
6228.0	128.59026548672566	109.912831858407	164.6747787610619	104.50000000000001	89.10000000000001	158.95000000000002	145.75	145.20000000000002	168.3	1243.0
6229.0	102.55203426124194	109.25449678800854	199.0446466809422	92.4	83.05000000000001	195.8	127.05000000000001	121.00000000000001	202.4	467.0
6230.0	113.25730890464936	116.60498423955873	161.21024428684007	94.05000000000001	83.60000000000001	129.25	146.3	147.95000000000002	194.15	2538.0
6231.0	139.1418593894542	102.22062904717858	130.8562442183164	132.0	98.45	125.4	147.95000000000002	106.15	135.85000000000002	1081.0
6232.0	140.8853280141844	106.10806737588656	135.76564716312058	110.00000000000001	94.05000000000001	127.05000000000001	153.45000000000002	144.65	145.75	1128.0
6233.0	109.25404040404042	101.21616161616161	177.3858585858586	95.7	86.35000000000001	170.5	124.85000000000001	119.35000000000001	183.70000000000002	1089.0
6234.0	133.35699551569508	118.58690582959642	137.0614798206278	110.55000000000001	99.55000000000001	131.45000000000002	150.15	144.65	140.8	1115.0
6235.0	146.14096385542177	143.79407630522113	120.26887550200804	129.8	107.80000000000001	111.65	170.5	166.65	128.70000000000002	498.0
6236.0	152.7109225413405	124.04390774586595	110.02728459530027	119.35000000000001	99.00000000000001	106.15	169.95000000000002	165.0	114.4	1149.0
6237.0	155.93731343283594	95.72708955223888	158.80141791044778	151.8	91.30000000000001	153.45000000000002	159.5	101.75000000000001	162.8	670.0
6238.0	131.80517241379312	142.271551724138	138.8948275862069	114.4	108.9	104.50000000000001	171.60000000000002	155.10000000000002	153.45000000000002	638.0
6239.0	114.37884615384621	114.48884615384621	200.52395604395608	101.75000000000001	85.80000000000001	191.4	134.20000000000002	128.70000000000002	212.85000000000002	910.0
6240.0	135.240343915344	123.1141534391534	155.42083333333335	108.35000000000001	95.15	139.15	162.25	151.8	169.95000000000002	756.0
6241.0	103.74696586599244	140.48223767383055	177.47338811630848	95.15	121.00000000000001	162.8	110.55000000000001	152.9	200.20000000000002	791.0
6242.0	121.07744158178559	95.28445176752534	199.10823846614738	91.30000000000001	77.0	106.15	171.05	123.75000000000001	225.50000000000003	1669.0
6243.0	99.78919667590027	100.87472299168978	225.17167590027702	93.50000000000001	96.25000000000001	221.65	102.85000000000001	104.50000000000001	229.9	722.0
6244.0	152.89566929133827	147.62808398950114	133.2270341207349	133.65	116.60000000000001	127.05000000000001	176.55	168.3	138.05	762.0
6245.0	160.63879408418663	141.6084186575654	129.01097838452787	141.9	123.20000000000002	123.75000000000001	174.9	160.60000000000002	137.5	879.0
6246.0	132.1075209643606	109.13262578616349	180.99842767295598	118.25000000000001	88.55000000000001	155.65	147.95000000000002	141.9	222.75000000000003	1908.0
6247.0	133.02569089048106	111.83802456499485	106.11566018423746	88.55000000000001	81.95	89.10000000000001	154.55	155.10000000000002	153.45000000000002	977.0
6248.0	105.81855895196507	91.82758369723437	173.09468704512375	92.95	83.05000000000001	168.3	114.95	108.9	180.4	687.0
6249.0	94.46427648578808	110.36311369509045	175.72215762273902	87.45	81.95	171.60000000000002	114.4	122.65	179.85000000000002	774.0
6250.0	94.75192901234557	89.10763888888886	203.78688271604943	91.85000000000001	84.15	198.00000000000003	97.9	95.15	209.55	648.0
6251.0	97.84021739130436	120.11123188405799	151.5827898550725	91.30000000000001	113.85000000000001	149.05	103.4	127.05000000000001	155.65	276.0
6252.0	98.95642076502733	95.88333333333343	186.09535519125686	90.75000000000001	88.0	179.3	105.60000000000001	106.7	192.50000000000003	366.0
6253.0	113.11359832635983	103.01799163179916	153.47761506276152	110.55000000000001	100.10000000000001	151.8	116.05000000000001	106.7	155.10000000000002	239.0
6254.0	105.73331125827816	100.42526490066238	166.9982119205298	88.55000000000001	81.4	158.4	122.10000000000001	124.85000000000001	177.10000000000002	1510.0
6255.0	107.92966321243527	85.80712435233154	182.92914507772022	102.85000000000001	81.95	177.10000000000002	111.65	88.55000000000001	188.65	386.0
6256.0	116.83875968992244	115.6339977851606	125.16550387596902	109.45	96.25000000000001	117.7	128.70000000000002	125.95000000000002	135.85000000000002	903.0
6257.0	114.83882978723402	118.9511524822695	127.23918439716311	99.00000000000001	86.35000000000001	114.4	132.55	133.65	141.9	564.0
6258.0	135.82122362869202	124.50793248945152	85.41755274261604	118.25000000000001	107.25000000000001	78.10000000000001	151.25	147.95000000000002	90.75000000000001	1185.0
6259.0	127.6887343532684	129.61335187760784	91.2969401947149	116.05000000000001	107.80000000000001	86.9	144.65	146.3	95.7	719.0
6260.0	126.22163426925849	134.94323254139653	92.91000719942407	116.05000000000001	104.50000000000001	86.35000000000001	145.20000000000002	150.70000000000002	101.2	1389.0
6261.0	141.18900169204744	131.2238578680203	86.21040609137056	137.5	127.60000000000001	83.05000000000001	145.20000000000002	135.3	89.65	591.0
6262.0	153.47959641255596	113.79820627802691	88.20224215246637	150.70000000000002	109.45	84.7	156.75	117.15	91.30000000000001	446.0
6263.0	140.0975734355045	133.41960408684548	91.21008939974459	124.30000000000001	115.50000000000001	88.0	155.10000000000002	152.9	95.15	783.0
6264.0	152.27499999999998	113.86666666666667	84.24791666666668	149.60000000000002	110.55000000000001	80.30000000000001	154.55	117.7	87.45	264.0
6265.0	144.0371650211566	129.32136812411852	83.7815232722144	127.05000000000001	115.50000000000001	78.65	155.65	149.05	89.65	709.0
6266.0	129.18637532133675	145.1754927163665	82.25398457583549	124.30000000000001	139.15	77.55000000000001	134.75	151.25	88.55000000000001	1167.0
6267.0	142.08493449781685	132.30021834061137	87.88791848617176	127.05000000000001	117.15	84.15	153.45000000000002	150.15	91.30000000000001	687.0
6268.0	148.4562638827191	141.71577076854732	123.65641936916927	132.55	117.7	112.75000000000001	173.8	163.35000000000002	132.0	2251.0
6269.0	144.40351851851858	140.55555555555557	104.38592592592593	127.05000000000001	108.9	101.75000000000001	167.75	163.35000000000002	108.35000000000001	270.0
6270.0	147.07334419109657	136.0793159609121	93.5071661237785	134.20000000000002	127.60000000000001	79.75	160.60000000000002	149.05	107.25000000000001	921.0
6271.0	142.1463320463322	142.49459459459442	98.62413127413129	139.70000000000002	137.5	94.60000000000001	144.65	145.75	102.30000000000001	259.0
6272.0	146.15179640718577	135.13005988023951	112.79544910179642	135.85000000000002	130.35000000000002	95.7	155.65	140.8	128.70000000000002	835.0
6273.0	127.55192052980136	135.73271523178826	123.63562913907285	106.7	96.80000000000001	112.75000000000001	144.10000000000002	161.15	138.60000000000002	1510.0
6274.0	110.72077259475219	110.41370262390677	161.58134110787174	98.45	88.55000000000001	158.95000000000002	125.4	123.20000000000002	165.0	686.0
6275.0	106.37641955835964	109.63304416403784	184.4139589905363	94.05000000000001	104.50000000000001	168.85000000000002	117.15	117.15	221.65	634.0
6276.0	126.20749363404873	110.7554747180794	143.8873226627865	107.25000000000001	97.35000000000001	139.70000000000002	137.5	127.60000000000001	149.60000000000002	2749.0
6277.0	120.26683257918555	118.18628959276015	145.8321266968326	106.7	96.80000000000001	143.0	139.70000000000002	134.75	149.60000000000002	1105.0
6278.0	124.12358490566044	113.45027952480781	146.4183787561146	110.55000000000001	102.85000000000001	141.9	133.10000000000002	127.60000000000001	149.60000000000002	1431.0
6279.0	123.90149960536702	116.57569060773483	145.88066298342542	115.50000000000001	109.45	141.9	130.9	124.30000000000001	149.60000000000002	1267.0
6280.0	142.7518529411764	122.31320588235285	119.26814705882354	112.75000000000001	103.4	111.65	172.70000000000002	162.25	128.70000000000002	1700.0
6281.0	112.96189801699717	138.34915014164307	131.76940509915016	107.80000000000001	133.10000000000002	125.95000000000002	118.80000000000001	143.55	136.95000000000002	706.0
6282.0	104.63632478632485	100.70797720797717	195.0008547008547	91.30000000000001	81.95	190.85000000000002	121.55000000000001	116.60000000000001	199.10000000000002	351.0
6283.0	104.84514443761518	111.33257529194836	175.71840811309158	93.50000000000001	85.80000000000001	165.55	125.95000000000002	125.4	183.70000000000002	1627.0
6284.0	133.02857142857152	119.5685064935065	131.2701298701299	108.9	99.55000000000001	126.50000000000001	153.45000000000002	147.95000000000002	138.60000000000002	1694.0
6285.0	122.11596185737977	116.47640961857383	169.25771144278607	94.60000000000001	85.25	138.05	160.60000000000002	152.9	198.55	2412.0
6286.0	99.35775075987847	123.1598784194529	194.1065349544073	95.7	121.00000000000001	190.85000000000002	102.30000000000001	126.50000000000001	198.55	329.0
6287.0	101.46678160919541	126.2825287356322	199.94839080459772	97.9	123.75000000000001	194.70000000000002	105.60000000000001	128.70000000000002	206.25000000000003	435.0
6288.0	130.89243119266055	94.2594036697248	195.5855504587156	128.70000000000002	91.30000000000001	189.20000000000002	133.65	96.25000000000001	199.65	218.0
6289.0	167.89610687022886	130.70015267175575	123.22519083969469	163.35000000000002	125.4	120.45	172.70000000000002	135.3	125.4	655.0
6290.0	149.36014376996783	121.18274760383387	148.0044728434505	125.95000000000002	107.25000000000001	138.60000000000002	158.95000000000002	149.05	161.15	626.0
6291.0	121.17929515418503	109.2864537444934	126.1353524229075	102.30000000000001	91.85000000000001	121.55000000000001	134.75	134.75	131.45000000000002	454.0
6292.0	118.790712945591	114.30403377110697	127.70731707317077	103.4	93.50000000000001	121.55000000000001	135.85000000000002	134.75	132.55	533.0
6293.0	113.82312500000005	143.95625000000004	107.18	111.10000000000001	136.95000000000002	102.30000000000001	116.60000000000001	150.15	111.65	880.0
6294.0	104.88835125448026	141.17750896057348	146.0348566308244	101.2	135.85000000000002	142.45000000000002	108.35000000000001	145.20000000000002	150.15	558.0
6295.0	133.77451333813988	124.18540014419601	106.65717375630858	108.9	74.80000000000001	79.75	164.45000000000002	158.95000000000002	195.25000000000003	1387.0
6296.0	145.1417119565218	126.6883152173913	82.10244565217393	122.10000000000001	107.80000000000001	78.10000000000001	160.60000000000002	157.85000000000002	85.80000000000001	368.0
6297.0	141.03011093502374	142.95162440570547	85.27484152139463	123.75000000000001	111.10000000000001	78.10000000000001	167.75	163.9	91.30000000000001	1262.0
6298.0	101.45200789993422	97.11138907175773	184.9665569453588	90.75000000000001	85.80000000000001	132.0	119.35000000000001	124.30000000000001	202.4	1519.0
6299.0	104.09798206278025	103.12294469357246	164.85777279521676	91.30000000000001	86.35000000000001	158.95000000000002	117.15	118.80000000000001	171.60000000000002	2007.0
6300.0	108.02823129251716	92.72093726379453	169.9620559334845	92.95	83.60000000000001	165.0	115.50000000000001	110.55000000000001	176.0	1323.0
6301.0	98.28071334214	102.23751651254955	176.17727873183622	90.75000000000001	85.25	171.60000000000002	111.65	116.60000000000001	181.50000000000003	757.0
6302.0	126.2506756756757	113.47635135135138	104.91824324324325	112.75000000000001	101.2	97.35000000000001	139.70000000000002	130.9	113.30000000000001	814.0
6303.0	119.23849658314352	121.96970387243738	106.20261958997723	112.75000000000001	113.85000000000001	97.35000000000001	127.05000000000001	130.35000000000002	114.95	439.0
6304.0	138.9354468599034	123.5766304347826	89.0594806763285	118.80000000000001	107.80000000000001	84.7	152.35000000000002	148.5	92.95	828.0
6305.0	137.70732662192395	120.41739373601791	91.50548098434008	121.00000000000001	109.45	89.10000000000001	146.3	144.10000000000002	94.05000000000001	894.0
6306.0	132.86705882352942	92.5035294117647	140.57029411764708	130.35000000000002	90.75000000000001	138.60000000000002	135.3	95.15	143.0	170.0
6307.0	139.9017939814815	127.17094907407409	94.28362268518518	130.9	114.95	88.55000000000001	149.05	138.60000000000002	99.00000000000001	864.0
6308.0	132.51782449725775	110.86471663619744	135.37239488117004	128.15	106.15	133.10000000000002	136.95000000000002	114.95	137.5	547.0
6309.0	121.48372170439418	121.57416777629821	131.08821571238352	114.4	114.95	128.15	128.15	127.05000000000001	133.65	1502.0
6310.0	140.31580259222335	128.2678963110668	87.2153040877368	130.9	121.55000000000001	79.75	146.3	135.3	93.50000000000001	1003.0
6311.0	150.71408250355634	150.54196301564707	126.3325746799431	140.25	128.70000000000002	121.00000000000001	171.60000000000002	163.9	132.0	703.0
6312.0	146.81240799158795	147.90604626708748	119.06892744479497	139.15	129.8	98.45	154.0	162.8	132.0	951.0
6313.0	126.65633284241537	91.20846833578776	187.62857142857143	119.9	88.55000000000001	181.50000000000003	130.35000000000002	92.95	194.15	679.0
6314.0	125.39869203329374	88.40743162901316	191.95588585017836	117.7	85.80000000000001	185.9	130.9	91.30000000000001	196.9	841.0
6315.0	162.44092857142843	120.8522857142857	114.13442857142859	120.45	98.45	103.4	173.25	165.55	125.4	700.0
6316.0	136.01329046087884	115.07615219721329	138.23451232583068	107.80000000000001	92.95	123.20000000000002	158.4	143.0	149.05	933.0
6317.0	136.47678721614807	115.71047098402022	146.56320437342308	105.60000000000001	94.05000000000001	140.8	157.3	150.70000000000002	152.9	1189.0
6318.0	147.15742358078597	96.57903930131008	140.97052401746726	141.9	94.60000000000001	136.4	151.8	99.00000000000001	144.65	458.0
6319.0	161.49661870503607	141.8588489208632	125.71100719424459	136.4	127.60000000000001	118.25000000000001	174.9	165.55	130.35000000000002	695.0
6320.0	126.35700000000004	122.04866666666666	103.63980000000001	122.65	116.05000000000001	73.15	134.20000000000002	134.75	115.50000000000001	750.0
6321.0	103.64283898305091	109.15961864406776	161.75686440677967	90.75000000000001	79.2	158.4	124.85000000000001	125.4	167.20000000000002	1180.0
6322.0	108.98613650213285	110.76852528945768	160.11234003656307	92.95	83.60000000000001	154.55	129.8	129.8	166.65	1641.0
6323.0	101.69778856526437	110.78732470334418	168.93336030204964	88.55000000000001	80.30000000000001	163.35000000000002	125.95000000000002	128.15	177.10000000000002	1854.0
6324.0	103.72302764666223	116.6437626432906	170.1265340525961	87.45	84.7	154.55	136.4	134.75	197.45000000000002	1483.0
6325.0	101.53169705469843	91.69340813464238	191.77103786816272	82.5	72.60000000000001	184.25000000000003	115.50000000000001	116.05000000000001	199.10000000000002	713.0
6326.0	121.42690941385436	108.33339253996448	126.60550621669626	100.10000000000001	89.10000000000001	119.9	135.85000000000002	137.5	135.85000000000002	563.0
6327.0	132.0345494923858	120.35821700507614	99.16437182741117	97.9	88.0	78.65	157.3	156.75	140.8	1576.0
6328.0	92.76562203228868	105.89093067426404	185.80807217473887	89.10000000000001	99.55000000000001	178.75000000000003	96.25000000000001	112.75000000000001	192.50000000000003	1053.0
6329.0	102.13038922155692	98.00374251497011	190.25389221556887	89.10000000000001	81.4	185.9	115.50000000000001	113.85000000000001	194.15	334.0
6330.0	104.5051445578231	97.40378401360546	172.69625850340137	94.05000000000001	86.35000000000001	168.85000000000002	113.30000000000001	112.2	177.65	1176.0
6331.0	103.73846153846159	99.34239713774596	170.74400715563507	99.55000000000001	94.05000000000001	167.20000000000002	107.80000000000001	104.50000000000001	173.8	559.0
6332.0	115.49609929078014	81.93049645390069	190.29609929078015	112.75000000000001	80.30000000000001	188.10000000000002	117.7	84.15	191.95000000000002	141.0
6333.0	134.26355291576675	118.59033477321815	97.29119870410369	123.20000000000002	107.80000000000001	91.30000000000001	142.45000000000002	134.75	103.4	926.0
6334.0	130.49598898938262	125.33879276445154	99.85041289815177	117.7	110.55000000000001	94.05000000000001	143.0	141.35000000000002	106.15	2543.0
6335.0	134.26632352941178	124.05789215686279	94.25274509803923	127.05000000000001	118.80000000000001	90.2	141.35000000000002	131.45000000000002	96.80000000000001	1020.0
6336.0	132.06393411586518	130.2027641045059	97.08780764861797	125.95000000000002	117.15	91.30000000000001	142.45000000000002	141.9	101.2	2641.0
6337.0	136.10808297567957	130.52546494992848	94.8777539341917	131.45000000000002	126.50000000000001	91.30000000000001	140.25	134.20000000000002	98.45	699.0
6338.0	140.2664566929133	124.00724409448817	96.10708661417324	135.3	118.25000000000001	93.50000000000001	144.65	128.15	99.00000000000001	635.0
6339.0	130.81882211538462	128.73173076923078	98.65307692307695	119.35000000000001	107.80000000000001	94.05000000000001	147.95000000000002	146.3	103.4	2080.0
6340.0	137.47324530924251	122.57585128561496	97.519318971508	118.80000000000001	106.7	93.50000000000001	150.70000000000002	147.4	102.30000000000001	1439.0
6341.0	123.65899022801305	108.6187296416938	158.10260586319217	106.7	88.0	130.9	154.0	146.85000000000002	192.50000000000003	1535.0
6342.0	109.30179127725857	141.54532710280372	138.82873831775703	106.15	135.85000000000002	133.65	112.2	146.3	142.45000000000002	642.0
6343.0	133.46580188679246	126.2431603773585	77.6745283018868	130.35000000000002	122.10000000000001	74.25	137.5	130.35000000000002	80.30000000000001	212.0
6344.0	120.28929219600727	110.96225045372051	123.62422867513612	103.4	94.05000000000001	118.25000000000001	135.3	132.55	128.15	551.0
6345.0	122.13666666666667	112.47958333333334	121.88000000000001	105.05000000000001	94.60000000000001	117.7	138.05	134.20000000000002	125.95000000000002	360.0
6346.0	119.47614678899082	115.12804718217566	124.85144167758847	105.05000000000001	96.25000000000001	119.9	135.85000000000002	133.65	129.8	763.0
6347.0	118.7738095238095	94.44974937343363	141.25075187969927	112.75000000000001	90.2	136.4	124.30000000000001	100.10000000000001	143.55	399.0
6348.0	139.84606031128402	100.31721789883268	142.9331225680934	117.15	76.45	105.05000000000001	149.60000000000002	163.9	163.35000000000002	1028.0
6349.0	113.68100137174216	126.98662551440333	111.51268861454048	105.05000000000001	99.00000000000001	105.05000000000001	137.5	136.4	118.80000000000001	729.0
6350.0	130.45252427184468	130.326504854369	94.98766990291263	115.50000000000001	104.50000000000001	91.85000000000001	149.60000000000002	149.60000000000002	99.55000000000001	515.0
6351.0	115.22609343936385	114.8308151093439	125.5847912524851	108.9	105.05000000000001	122.10000000000001	123.75000000000001	120.45	129.25	1006.0
6352.0	118.39557755775581	111.08148514851484	130.6113861386139	103.95	94.05000000000001	123.75000000000001	132.0	129.8	135.3	1515.0
6353.0	121.86105182926833	104.61737804878048	129.2759908536585	106.7	95.7	125.4	129.25	123.75000000000001	132.55	656.0
6354.0	109.95745856353591	103.03687845303864	150.75317679558012	101.2	95.7	148.5	116.05000000000001	114.4	153.45000000000002	362.0
6355.0	129.5574358974359	122.97153846153847	92.09538461538465	125.95000000000002	118.80000000000001	88.55000000000001	134.20000000000002	127.05000000000001	95.7	390.0
6356.0	125.73340707964607	149.95739570164386	90.78511378002533	114.95	105.05000000000001	81.4	160.60000000000002	163.9	100.65	1582.0
6357.0	105.005145631068	123.0547572815534	132.9739805825243	101.2	117.15	129.25	108.35000000000001	129.25	136.95000000000002	515.0
6358.0	133.64427367377294	124.18356470004957	94.9692117005454	118.25000000000001	110.00000000000001	89.10000000000001	145.20000000000002	141.35000000000002	99.55000000000001	2017.0
6359.0	116.90651685393259	110.68904494382026	136.07926966292135	86.9	99.55000000000001	99.55000000000001	142.45000000000002	133.10000000000002	192.50000000000003	890.0
6360.0	118.69919928825625	111.67348754448396	124.64252669039148	114.95	107.80000000000001	121.00000000000001	121.55000000000001	115.50000000000001	128.15	562.0
6361.0	122.94285714285715	144.80000000000007	76.75357142857143	121.00000000000001	141.9	74.80000000000001	125.4	148.5	78.65	154.0
6362.0	129.68003355704698	123.53159955257273	98.96431767337806	110.55000000000001	79.2	77.0	152.9	153.45000000000002	186.45000000000002	894.0
6363.0	113.77486338797814	80.31051912568307	179.68620218579235	100.65	72.60000000000001	148.5	125.95000000000002	88.0	206.25000000000003	366.0
6364.0	98.08130530973452	93.13008849557518	200.6003318584071	81.95	71.5	197.45000000000002	115.50000000000001	114.4	204.05	452.0
6365.0	111.06819727891154	116.10051020408166	130.27236394557823	105.60000000000001	101.2	125.95000000000002	123.20000000000002	124.30000000000001	134.20000000000002	588.0
6366.0	111.38931506849316	115.5602739726027	129.997397260274	108.9	112.75000000000001	127.60000000000001	114.4	119.35000000000001	132.55	365.0
6367.0	119.57346600331677	93.63407960199005	147.4830016583748	114.4	88.0	138.60000000000002	125.4	99.00000000000001	153.45000000000002	603.0
6368.0	131.65452261306532	125.89840871021775	84.3959798994975	126.50000000000001	120.45	79.75	136.95000000000002	130.35000000000002	89.65	597.0
6369.0	108.8686559139785	106.3481182795699	152.7367741935484	102.85000000000001	100.10000000000001	148.5	116.05000000000001	111.65	155.65	930.0
6370.0	138.23877672209028	125.77461401425181	87.76321258907365	114.95	101.75000000000001	81.95	156.20000000000002	154.0	93.50000000000001	1684.0
6371.0	101.22601957585644	100.75587275693317	186.11802610114194	91.85000000000001	82.5	181.50000000000003	115.50000000000001	113.85000000000001	191.4	613.0
6372.0	110.82797297297299	87.32364864864873	184.23810810810812	108.35000000000001	84.7	179.85000000000002	112.75000000000001	89.65	188.65	370.0
6373.0	100.88421052631584	102.04736842105264	180.99561403508775	94.05000000000001	86.9	173.25	112.75000000000001	111.10000000000001	188.65	627.0
6374.0	130.24245810055868	127.52379888268158	81.36865921787711	124.85000000000001	119.35000000000001	74.25	138.60000000000002	134.20000000000002	88.55000000000001	895.0
6375.0	121.72475633528266	107.3883040935673	123.6041910331384	103.4	94.05000000000001	113.30000000000001	133.10000000000002	129.8	129.8	1026.0
6376.0	117.1265048543689	109.7533009708738	129.91854368932042	104.50000000000001	92.95	124.85000000000001	130.35000000000002	127.05000000000001	135.85000000000002	515.0
6377.0	120.11739296636085	113.17217125382278	122.42167431192661	96.25000000000001	90.75000000000001	110.00000000000001	138.05	136.95000000000002	141.9	1308.0
6378.0	107.7773333333333	102.2386666666667	157.18800000000002	91.85000000000001	85.80000000000001	127.05000000000001	121.55000000000001	118.25000000000001	195.8	825.0
6379.0	103.39588938714499	96.05597907324358	172.88251121076232	86.9	78.65	147.4	119.9	117.15	196.9	1338.0
6380.0	93.49039682539677	94.68119047619052	202.70992063492065	86.35000000000001	78.10000000000001	200.20000000000002	108.35000000000001	103.95	205.70000000000002	630.0
6381.0	110.28735955056177	118.04253611556983	157.04309791332264	84.7	90.75000000000001	80.30000000000001	137.5	155.65	198.00000000000003	1246.0
6382.0	99.74334061135374	100.29514192139742	178.332096069869	86.35000000000001	75.9	130.35000000000002	113.85000000000001	126.50000000000001	195.8	916.0
6383.0	120.25532646048111	137.5453608247423	84.10841924398626	116.60000000000001	134.20000000000002	78.65	123.75000000000001	140.8	88.55000000000001	291.0
6384.0	132.4733671988389	123.46821480406388	80.6312772133527	125.95000000000002	117.15	74.25	139.15	132.0	85.80000000000001	689.0
6385.0	112.24548076923081	140.09875000000008	97.63134615384617	109.45	134.75	94.05000000000001	114.95	145.20000000000002	101.2	520.0
6386.0	123.82659395973155	117.66078020134228	105.37760067114095	107.25000000000001	98.45	88.55000000000001	141.35000000000002	141.9	120.45	1192.0
6387.0	137.04038076152307	114.26002004008019	93.67745490981964	111.10000000000001	97.9	89.65	149.60000000000002	149.05	97.35000000000001	499.0
6388.0	115.24566755083994	106.87409372236957	135.53877099911583	105.05000000000001	94.60000000000001	90.75000000000001	131.45000000000002	124.30000000000001	151.8	1131.0
6389.0	113.41051805337526	102.25769230769238	144.15266875981163	100.65	92.95	142.45000000000002	121.55000000000001	119.35000000000001	145.75	637.0
6390.0	113.62083333333335	104.12368421052633	142.6791666666667	100.10000000000001	90.75000000000001	140.8	123.75000000000001	121.55000000000001	145.20000000000002	228.0
6391.0	118.64742193173566	104.92418300653596	135.7809005083515	94.60000000000001	75.9	97.35000000000001	129.8	130.35000000000002	200.75000000000003	1377.0
6392.0	93.8242579324462	94.27799385875129	199.64042988741042	85.25	79.2	195.25000000000003	107.25000000000001	106.7	204.60000000000002	977.0
6393.0	92.05757800891524	93.15512630014864	203.15757800891532	84.7	77.55000000000001	199.65	106.7	102.85000000000001	207.35000000000002	673.0
6394.0	139.65840336134454	134.9117647058824	81.12577030812325	125.95000000000002	111.10000000000001	77.0	155.10000000000002	154.55	84.15	357.0
6395.0	152.8919590643275	115.20570175438597	150.7466374269006	146.3	108.9	145.20000000000002	158.4	121.00000000000001	158.4	342.0
6396.0	131.92488986784142	142.52147577092526	148.58237885462557	121.55000000000001	114.4	145.75	154.0	154.55	152.35000000000002	454.0
6397.0	116.45824742268042	142.2600515463918	85.25850515463918	113.30000000000001	139.70000000000002	80.30000000000001	120.45	145.75	89.10000000000001	194.0
6398.0	94.86412429378532	117.33411016949158	165.78771186440682	81.95	100.10000000000001	107.80000000000001	111.65	136.4	204.60000000000002	708.0
6399.0	131.19126984126984	120.61984126984129	90.32857142857144	113.30000000000001	100.65	80.30000000000001	142.45000000000002	146.85000000000002	103.4	693.0
6400.0	139.04807339449542	116.85027522935779	84.38917431192662	116.05000000000001	103.4	79.2	152.35000000000002	144.65	91.30000000000001	545.0
6401.0	129.52997416020673	116.71653746770028	98.62338501291991	119.35000000000001	111.10000000000001	85.80000000000001	136.4	122.10000000000001	121.55000000000001	387.0
6402.0	108.81802168021682	102.19566395663952	153.61544715447155	105.05000000000001	97.9	150.70000000000002	112.2	106.7	156.20000000000002	369.0
6403.0	132.9218676122932	102.6218085106383	112.25721040189126	123.20000000000002	92.4	83.05000000000001	152.35000000000002	124.85000000000001	135.3	846.0
6404.0	117.08580441640375	102.36824395373293	137.09111461619352	97.35000000000001	85.25	101.75000000000001	127.05000000000001	122.10000000000001	151.8	951.0
6405.0	108.625	109.72500000000005	141.9877659574468	100.65	99.00000000000001	133.10000000000002	116.60000000000001	118.25000000000001	147.4	1316.0
6406.0	108.0421195652174	110.47527173913043	143.08070652173916	102.85000000000001	105.60000000000001	134.20000000000002	114.4	116.05000000000001	148.5	368.0
6407.0	114.96820214669053	109.41064400715565	133.59637745974956	110.55000000000001	104.50000000000001	128.15	119.35000000000001	113.85000000000001	139.15	1118.0
6408.0	121.47046843177189	114.96792260692467	112.12158859470469	112.2	104.50000000000001	101.75000000000001	129.25	130.35000000000002	121.00000000000001	491.0
6409.0	116.8506329113924	119.3523206751055	119.54261603375528	113.30000000000001	117.7	116.60000000000001	121.55000000000001	121.55000000000001	123.75000000000001	237.0
6410.0	114.19158595641653	114.61240920096857	129.71610169491527	105.60000000000001	80.85000000000001	108.35000000000001	124.30000000000001	137.5	189.20000000000002	826.0
6411.0	121.63944174757282	130.05497572815534	92.61225728155343	118.25000000000001	125.95000000000002	86.35000000000001	125.95000000000002	134.75	98.45	412.0
6412.0	107.58078291814947	92.68106761565839	170.6949466192171	89.65	70.95	147.95000000000002	126.50000000000001	127.60000000000001	206.8	1405.0
6413.0	105.1408387096774	112.90896774193543	146.111935483871	90.2	84.15	140.25	126.50000000000001	128.70000000000002	151.8	775.0
6414.0	126.69225422045685	116.14503475670308	102.0880834160874	121.00000000000001	108.35000000000001	90.75000000000001	133.65	125.4	119.9	1007.0
6415.0	96.9366666666667	126.95666666666668	143.72333333333336	92.95	124.30000000000001	141.35000000000002	99.55000000000001	128.70000000000002	147.4	165.0
6416.0	127.88353448275863	118.45767241379312	101.82775862068965	108.9	95.15	89.65	146.3	147.95000000000002	118.25000000000001	580.0
6417.0	119.07999999999997	118.25249999999997	113.93125000000002	116.05000000000001	114.95	106.7	123.75000000000001	121.55000000000001	119.35000000000001	440.0
6418.0	125.41716068642747	126.48326833073315	91.84013260530419	113.85000000000001	106.15	83.05000000000001	143.55	146.85000000000002	100.10000000000001	1282.0
6419.0	101.01535714285711	117.2325	148.2682142857143	98.45	114.4	146.85000000000002	103.4	119.9	149.60000000000002	140.0
6420.0	109.79437499999993	105.72562499999995	147.146875	105.05000000000001	99.55000000000001	141.9	114.95	111.10000000000001	150.70000000000002	880.0
6421.0	111.2069192751236	106.20255354200988	142.9383855024712	106.7	100.65	132.0	114.95	110.55000000000001	147.4	607.0
6422.0	130.88832153690598	119.10419615773509	92.27320525783618	112.75000000000001	101.75000000000001	75.35000000000001	144.10000000000002	143.0	102.30000000000001	989.0
6423.0	124.28598200899552	126.41176911544228	92.34145427286359	117.15	111.65	89.10000000000001	135.85000000000002	136.4	96.80000000000001	667.0
6424.0	120.06911357340721	124.8340027700831	100.47860110803325	110.00000000000001	121.00000000000001	88.0	126.50000000000001	128.70000000000002	119.9	722.0
6425.0	116.9805954825462	113.75739219712526	120.59794661190966	100.10000000000001	88.55000000000001	100.65	125.4	127.05000000000001	143.0	487.0
6426.0	92.83676470588239	91.48513071895422	201.48153594771242	85.80000000000001	78.65	196.35000000000002	100.65	97.9	205.70000000000002	306.0
